*Name: Bark Deciduous
Type: Beech bark
Particle Size: Solid
Wavelength Range: All

Origin: Remote Sensing Laboratories, University of Zurich

Description: beech bark spectrum

Measurement: Hemispherical Conical Reflectance Factor HCRF

First Column:  X Wavelength (micrometers)
Second Column:  Y Reflectance (percent)
First X Value: 0.354
Last X Value: 2.45
Number of X Values: 2097
Additional Information:  None*

*Number of Lambda pertinent values : *  2097
*Lambda_min - Lambda_max : *  0.354 2.45
*Hapke parameters : Bo - h - b1 - c1 - b2 - c2 *  1 1 1 1 1 1
*Lambda - Ro - Refraction index - A - Alpha - w_Hapke - A_Hapke_spec - Alpha_Hapke_spec - T_Direct - T_Diffus*
0.354	7.3475	1.4	1000	0.2	30	1000	0.2	0	0
0.355	7.3971	1.4	1000	0.2	30	1000	0.2	0	0
0.356	7.4438	1.4	1000	0.2	30	1000	0.2	0	0
0.357	7.4896	1.4	1000	0.2	30	1000	0.2	0	0
0.358	7.5369	1.4	1000	0.2	30	1000	0.2	0	0
0.359	7.5874	1.4	1000	0.2	30	1000	0.2	0	0
0.36	7.6414	1.4	1000	0.2	30	1000	0.2	0	0
0.361	7.6954	1.4	1000	0.2	30	1000	0.2	0	0
0.362	7.7504	1.4	1000	0.2	30	1000	0.2	0	0
0.363	7.8097	1.4	1000	0.2	30	1000	0.2	0	0
0.364	7.8694	1.4	1000	0.2	30	1000	0.2	0	0
0.365	7.9281	1.4	1000	0.2	30	1000	0.2	0	0
0.366	7.9856	1.4	1000	0.2	30	1000	0.2	0	0
0.367	8.0429	1.4	1000	0.2	30	1000	0.2	0	0
0.368	8.1021	1.4	1000	0.2	30	1000	0.2	0	0
0.369	8.1608	1.4	1000	0.2	30	1000	0.2	0	0
0.37	8.2177	1.4	1000	0.2	30	1000	0.2	0	0
0.371	8.2769	1.4	1000	0.2	30	1000	0.2	0	0
0.372	8.3387	1.4	1000	0.2	30	1000	0.2	0	0
0.373	8.4032	1.4	1000	0.2	30	1000	0.2	0	0
0.374	8.4698	1.4	1000	0.2	30	1000	0.2	0	0
0.375	8.5363	1.4	1000	0.2	30	1000	0.2	0	0
0.376	8.6042	1.4	1000	0.2	30	1000	0.2	0	0
0.377	8.6752	1.4	1000	0.2	30	1000	0.2	0	0
0.378	8.7472	1.4	1000	0.2	30	1000	0.2	0	0
0.379	8.8189	1.4	1000	0.2	30	1000	0.2	0	0
0.38	8.8903	1.4	1000	0.2	30	1000	0.2	0	0
0.381	8.9615	1.4	1000	0.2	30	1000	0.2	0	0
0.382	9.033	1.4	1000	0.2	30	1000	0.2	0	0
0.383	9.1049	1.4	1000	0.2	30	1000	0.2	0	0
0.384	9.1781	1.4	1000	0.2	30	1000	0.2	0	0
0.385	9.2541	1.4	1000	0.2	30	1000	0.2	0	0
0.386	9.3313	1.4	1000	0.2	30	1000	0.2	0	0
0.387	9.4081	1.4	1000	0.2	30	1000	0.2	0	0
0.388	9.4838	1.4	1000	0.2	30	1000	0.2	0	0
0.389	9.5595	1.4	1000	0.2	30	1000	0.2	0	0
0.39	9.6344	1.4	1000	0.2	30	1000	0.2	0	0
0.391	9.7065	1.4	1000	0.2	30	1000	0.2	0	0
0.392	9.7742	1.4	1000	0.2	30	1000	0.2	0	0
0.393	9.8423	1.4	1000	0.2	30	1000	0.2	0	0
0.394	9.9108	1.4	1000	0.2	30	1000	0.2	0	0
0.395	9.979	1.4	1000	0.2	30	1000	0.2	0	0
0.396	10.0462	1.4	1000	0.2	30	1000	0.2	0	0
0.397	10.1131	1.4	1000	0.2	30	1000	0.2	0	0
0.398	10.1791	1.4	1000	0.2	30	1000	0.2	0	0
0.399	10.2425	1.4	1000	0.2	30	1000	0.2	0	0
0.4	10.3009	1.4	1000	0.2	30	1000	0.2	0	0
0.401	10.3564	1.4	1000	0.2	30	1000	0.2	0	0
0.402	10.4101	1.4	1000	0.2	30	1000	0.2	0	0
0.403	10.4612	1.4	1000	0.2	30	1000	0.2	0	0
0.404	10.5097	1.4	1000	0.2	30	1000	0.2	0	0
0.405	10.5572	1.4	1000	0.2	30	1000	0.2	0	0
0.406	10.6055	1.4	1000	0.2	30	1000	0.2	0	0
0.407	10.6556	1.4	1000	0.2	30	1000	0.2	0	0
0.408	10.7058	1.4	1000	0.2	30	1000	0.2	0	0
0.409	10.7559	1.4	1000	0.2	30	1000	0.2	0	0
0.41	10.8075	1.4	1000	0.2	30	1000	0.2	0	0
0.411	10.86	1.4	1000	0.2	30	1000	0.2	0	0
0.412	10.9124	1.4	1000	0.2	30	1000	0.2	0	0
0.413	10.9635	1.4	1000	0.2	30	1000	0.2	0	0
0.414	11.0135	1.4	1000	0.2	30	1000	0.2	0	0
0.415	11.0633	1.4	1000	0.2	30	1000	0.2	0	0
0.416	11.1134	1.4	1000	0.2	30	1000	0.2	0	0
0.417	11.1634	1.4	1000	0.2	30	1000	0.2	0	0
0.418	11.2133	1.4	1000	0.2	30	1000	0.2	0	0
0.419	11.2639	1.4	1000	0.2	30	1000	0.2	0	0
0.42	11.3156	1.4	1000	0.2	30	1000	0.2	0	0
0.421	11.3678	1.4	1000	0.2	30	1000	0.2	0	0
0.422	11.4201	1.4	1000	0.2	30	1000	0.2	0	0
0.423	11.4723	1.4	1000	0.2	30	1000	0.2	0	0
0.424	11.525	1.4	1000	0.2	30	1000	0.2	0	0
0.425	11.5784	1.4	1000	0.2	30	1000	0.2	0	0
0.426	11.6327	1.4	1000	0.2	30	1000	0.2	0	0
0.427	11.688	1.4	1000	0.2	30	1000	0.2	0	0
0.428	11.7444	1.4	1000	0.2	30	1000	0.2	0	0
0.429	11.8023	1.4	1000	0.2	30	1000	0.2	0	0
0.43	11.8618	1.4	1000	0.2	30	1000	0.2	0	0
0.431	11.922	1.4	1000	0.2	30	1000	0.2	0	0
0.432	11.9826	1.4	1000	0.2	30	1000	0.2	0	0
0.433	12.0428	1.4	1000	0.2	30	1000	0.2	0	0
0.434	12.1019	1.4	1000	0.2	30	1000	0.2	0	0
0.435	12.1594	1.4	1000	0.2	30	1000	0.2	0	0
0.436	12.2158	1.4	1000	0.2	30	1000	0.2	0	0
0.437	12.2716	1.4	1000	0.2	30	1000	0.2	0	0
0.438	12.3264	1.4	1000	0.2	30	1000	0.2	0	0
0.439	12.3804	1.4	1000	0.2	30	1000	0.2	0	0
0.44	12.4341	1.4	1000	0.2	30	1000	0.2	0	0
0.441	12.4882	1.4	1000	0.2	30	1000	0.2	0	0
0.442	12.5423	1.4	1000	0.2	30	1000	0.2	0	0
0.443	12.5956	1.4	1000	0.2	30	1000	0.2	0	0
0.444	12.6477	1.4	1000	0.2	30	1000	0.2	0	0
0.445	12.699	1.4	1000	0.2	30	1000	0.2	0	0
0.446	12.7494	1.4	1000	0.2	30	1000	0.2	0	0
0.447	12.7984	1.4	1000	0.2	30	1000	0.2	0	0
0.448	12.8461	1.4	1000	0.2	30	1000	0.2	0	0
0.449	12.8925	1.4	1000	0.2	30	1000	0.2	0	0
0.45	12.9378	1.4	1000	0.2	30	1000	0.2	0	0
0.451	12.9819	1.4	1000	0.2	30	1000	0.2	0	0
0.452	13.0244	1.4	1000	0.2	30	1000	0.2	0	0
0.453	13.0656	1.4	1000	0.2	30	1000	0.2	0	0
0.454	13.106	1.4	1000	0.2	30	1000	0.2	0	0
0.455	13.1453	1.4	1000	0.2	30	1000	0.2	0	0
0.456	13.1835	1.4	1000	0.2	30	1000	0.2	0	0
0.457	13.2202	1.4	1000	0.2	30	1000	0.2	0	0
0.458	13.2554	1.4	1000	0.2	30	1000	0.2	0	0
0.459	13.2895	1.4	1000	0.2	30	1000	0.2	0	0
0.46	13.3221	1.4	1000	0.2	30	1000	0.2	0	0
0.461	13.3532	1.4	1000	0.2	30	1000	0.2	0	0
0.462	13.3832	1.4	1000	0.2	30	1000	0.2	0	0
0.463	13.4125	1.4	1000	0.2	30	1000	0.2	0	0
0.464	13.4413	1.4	1000	0.2	30	1000	0.2	0	0
0.465	13.4697	1.4	1000	0.2	30	1000	0.2	0	0
0.466	13.4983	1.4	1000	0.2	30	1000	0.2	0	0
0.467	13.5269	1.4	1000	0.2	30	1000	0.2	0	0
0.468	13.5552	1.4	1000	0.2	30	1000	0.2	0	0
0.469	13.5832	1.4	1000	0.2	30	1000	0.2	0	0
0.47	13.611	1.4	1000	0.2	30	1000	0.2	0	0
0.471	13.6387	1.4	1000	0.2	30	1000	0.2	0	0
0.472	13.6664	1.4	1000	0.2	30	1000	0.2	0	0
0.473	13.6939	1.4	1000	0.2	30	1000	0.2	0	0
0.474	13.7212	1.4	1000	0.2	30	1000	0.2	0	0
0.475	13.7491	1.4	1000	0.2	30	1000	0.2	0	0
0.476	13.7773	1.4	1000	0.2	30	1000	0.2	0	0
0.477	13.806	1.4	1000	0.2	30	1000	0.2	0	0
0.478	13.8353	1.4	1000	0.2	30	1000	0.2	0	0
0.479	13.8651	1.4	1000	0.2	30	1000	0.2	0	0
0.48	13.8962	1.4	1000	0.2	30	1000	0.2	0	0
0.481	13.9286	1.4	1000	0.2	30	1000	0.2	0	0
0.482	13.9618	1.4	1000	0.2	30	1000	0.2	0	0
0.483	13.9971	1.4	1000	0.2	30	1000	0.2	0	0
0.484	14.0346	1.4	1000	0.2	30	1000	0.2	0	0
0.485	14.074	1.4	1000	0.2	30	1000	0.2	0	0
0.486	14.1154	1.4	1000	0.2	30	1000	0.2	0	0
0.487	14.1584	1.4	1000	0.2	30	1000	0.2	0	0
0.488	14.2027	1.4	1000	0.2	30	1000	0.2	0	0
0.489	14.2484	1.4	1000	0.2	30	1000	0.2	0	0
0.49	14.2945	1.4	1000	0.2	30	1000	0.2	0	0
0.491	14.3414	1.4	1000	0.2	30	1000	0.2	0	0
0.492	14.3899	1.4	1000	0.2	30	1000	0.2	0	0
0.493	14.4395	1.4	1000	0.2	30	1000	0.2	0	0
0.494	14.4903	1.4	1000	0.2	30	1000	0.2	0	0
0.495	14.5428	1.4	1000	0.2	30	1000	0.2	0	0
0.496	14.5976	1.4	1000	0.2	30	1000	0.2	0	0
0.497	14.6546	1.4	1000	0.2	30	1000	0.2	0	0
0.498	14.7138	1.4	1000	0.2	30	1000	0.2	0	0
0.499	14.7746	1.4	1000	0.2	30	1000	0.2	0	0
0.5	14.8378	1.4	1000	0.2	30	1000	0.2	0	0
0.501	14.9032	1.4	1000	0.2	30	1000	0.2	0	0
0.502	14.9701	1.4	1000	0.2	30	1000	0.2	0	0
0.503	15.0387	1.4	1000	0.2	30	1000	0.2	0	0
0.504	15.1086	1.4	1000	0.2	30	1000	0.2	0	0
0.505	15.1798	1.4	1000	0.2	30	1000	0.2	0	0
0.506	15.2521	1.4	1000	0.2	30	1000	0.2	0	0
0.507	15.3257	1.4	1000	0.2	30	1000	0.2	0	0
0.508	15.4007	1.4	1000	0.2	30	1000	0.2	0	0
0.509	15.4773	1.4	1000	0.2	30	1000	0.2	0	0
0.51	15.5552	1.4	1000	0.2	30	1000	0.2	0	0
0.511	15.6346	1.4	1000	0.2	30	1000	0.2	0	0
0.512	15.716	1.4	1000	0.2	30	1000	0.2	0	0
0.513	15.7994	1.4	1000	0.2	30	1000	0.2	0	0
0.514	15.8845	1.4	1000	0.2	30	1000	0.2	0	0
0.515	15.9711	1.4	1000	0.2	30	1000	0.2	0	0
0.516	16.059	1.4	1000	0.2	30	1000	0.2	0	0
0.517	16.1479	1.4	1000	0.2	30	1000	0.2	0	0
0.518	16.2371	1.4	1000	0.2	30	1000	0.2	0	0
0.519	16.325	1.4	1000	0.2	30	1000	0.2	0	0
0.52	16.4112	1.4	1000	0.2	30	1000	0.2	0	0
0.521	16.4959	1.4	1000	0.2	30	1000	0.2	0	0
0.522	16.5789	1.4	1000	0.2	30	1000	0.2	0	0
0.523	16.6606	1.4	1000	0.2	30	1000	0.2	0	0
0.524	16.741	1.4	1000	0.2	30	1000	0.2	0	0
0.525	16.8206	1.4	1000	0.2	30	1000	0.2	0	0
0.526	16.9	1.4	1000	0.2	30	1000	0.2	0	0
0.527	16.9785	1.4	1000	0.2	30	1000	0.2	0	0
0.528	17.0558	1.4	1000	0.2	30	1000	0.2	0	0
0.529	17.1317	1.4	1000	0.2	30	1000	0.2	0	0
0.53	17.206	1.4	1000	0.2	30	1000	0.2	0	0
0.531	17.279	1.4	1000	0.2	30	1000	0.2	0	0
0.532	17.3509	1.4	1000	0.2	30	1000	0.2	0	0
0.533	17.4214	1.4	1000	0.2	30	1000	0.2	0	0
0.534	17.4908	1.4	1000	0.2	30	1000	0.2	0	0
0.535	17.5594	1.4	1000	0.2	30	1000	0.2	0	0
0.536	17.6272	1.4	1000	0.2	30	1000	0.2	0	0
0.537	17.6945	1.4	1000	0.2	30	1000	0.2	0	0
0.538	17.7613	1.4	1000	0.2	30	1000	0.2	0	0
0.539	17.827	1.4	1000	0.2	30	1000	0.2	0	0
0.54	17.8922	1.4	1000	0.2	30	1000	0.2	0	0
0.541	17.957	1.4	1000	0.2	30	1000	0.2	0	0
0.542	18.021	1.4	1000	0.2	30	1000	0.2	0	0
0.543	18.0843	1.4	1000	0.2	30	1000	0.2	0	0
0.544	18.1468	1.4	1000	0.2	30	1000	0.2	0	0
0.545	18.2084	1.4	1000	0.2	30	1000	0.2	0	0
0.546	18.2695	1.4	1000	0.2	30	1000	0.2	0	0
0.547	18.33	1.4	1000	0.2	30	1000	0.2	0	0
0.548	18.39	1.4	1000	0.2	30	1000	0.2	0	0
0.549	18.4494	1.4	1000	0.2	30	1000	0.2	0	0
0.55	18.5084	1.4	1000	0.2	30	1000	0.2	0	0
0.551	18.5666	1.4	1000	0.2	30	1000	0.2	0	0
0.552	18.6238	1.4	1000	0.2	30	1000	0.2	0	0
0.553	18.6799	1.4	1000	0.2	30	1000	0.2	0	0
0.554	18.7347	1.4	1000	0.2	30	1000	0.2	0	0
0.555	18.7883	1.4	1000	0.2	30	1000	0.2	0	0
0.556	18.8407	1.4	1000	0.2	30	1000	0.2	0	0
0.557	18.8915	1.4	1000	0.2	30	1000	0.2	0	0
0.558	18.9405	1.4	1000	0.2	30	1000	0.2	0	0
0.559	18.987	1.4	1000	0.2	30	1000	0.2	0	0
0.56	19.031	1.4	1000	0.2	30	1000	0.2	0	0
0.561	19.0727	1.4	1000	0.2	30	1000	0.2	0	0
0.562	19.1117	1.4	1000	0.2	30	1000	0.2	0	0
0.563	19.1482	1.4	1000	0.2	30	1000	0.2	0	0
0.564	19.1821	1.4	1000	0.2	30	1000	0.2	0	0
0.565	19.2133	1.4	1000	0.2	30	1000	0.2	0	0
0.566	19.2425	1.4	1000	0.2	30	1000	0.2	0	0
0.567	19.2699	1.4	1000	0.2	30	1000	0.2	0	0
0.568	19.2954	1.4	1000	0.2	30	1000	0.2	0	0
0.569	19.3191	1.4	1000	0.2	30	1000	0.2	0	0
0.57	19.3411	1.4	1000	0.2	30	1000	0.2	0	0
0.571	19.362	1.4	1000	0.2	30	1000	0.2	0	0
0.572	19.3818	1.4	1000	0.2	30	1000	0.2	0	0
0.573	19.4009	1.4	1000	0.2	30	1000	0.2	0	0
0.574	19.4196	1.4	1000	0.2	30	1000	0.2	0	0
0.575	19.4379	1.4	1000	0.2	30	1000	0.2	0	0
0.576	19.4559	1.4	1000	0.2	30	1000	0.2	0	0
0.577	19.4738	1.4	1000	0.2	30	1000	0.2	0	0
0.578	19.4913	1.4	1000	0.2	30	1000	0.2	0	0
0.579	19.5086	1.4	1000	0.2	30	1000	0.2	0	0
0.58	19.5255	1.4	1000	0.2	30	1000	0.2	0	0
0.581	19.5417	1.4	1000	0.2	30	1000	0.2	0	0
0.582	19.5574	1.4	1000	0.2	30	1000	0.2	0	0
0.583	19.573	1.4	1000	0.2	30	1000	0.2	0	0
0.584	19.5884	1.4	1000	0.2	30	1000	0.2	0	0
0.585	19.604	1.4	1000	0.2	30	1000	0.2	0	0
0.586	19.6202	1.4	1000	0.2	30	1000	0.2	0	0
0.587	19.6373	1.4	1000	0.2	30	1000	0.2	0	0
0.588	19.655	1.4	1000	0.2	30	1000	0.2	0	0
0.589	19.6729	1.4	1000	0.2	30	1000	0.2	0	0
0.59	19.6907	1.4	1000	0.2	30	1000	0.2	0	0
0.591	19.7084	1.4	1000	0.2	30	1000	0.2	0	0
0.592	19.7261	1.4	1000	0.2	30	1000	0.2	0	0
0.593	19.7433	1.4	1000	0.2	30	1000	0.2	0	0
0.594	19.7597	1.4	1000	0.2	30	1000	0.2	0	0
0.595	19.7757	1.4	1000	0.2	30	1000	0.2	0	0
0.596	19.7916	1.4	1000	0.2	30	1000	0.2	0	0
0.597	19.8076	1.4	1000	0.2	30	1000	0.2	0	0
0.598	19.8232	1.4	1000	0.2	30	1000	0.2	0	0
0.599	19.838	1.4	1000	0.2	30	1000	0.2	0	0
0.6	19.8518	1.4	1000	0.2	30	1000	0.2	0	0
0.601	19.8647	1.4	1000	0.2	30	1000	0.2	0	0
0.602	19.8767	1.4	1000	0.2	30	1000	0.2	0	0
0.603	19.8877	1.4	1000	0.2	30	1000	0.2	0	0
0.604	19.8978	1.4	1000	0.2	30	1000	0.2	0	0
0.605	19.9074	1.4	1000	0.2	30	1000	0.2	0	0
0.606	19.9163	1.4	1000	0.2	30	1000	0.2	0	0
0.607	19.9247	1.4	1000	0.2	30	1000	0.2	0	0
0.608	19.9323	1.4	1000	0.2	30	1000	0.2	0	0
0.609	19.939	1.4	1000	0.2	30	1000	0.2	0	0
0.61	19.9443	1.4	1000	0.2	30	1000	0.2	0	0
0.611	19.9478	1.4	1000	0.2	30	1000	0.2	0	0
0.612	19.9497	1.4	1000	0.2	30	1000	0.2	0	0
0.613	19.9502	1.4	1000	0.2	30	1000	0.2	0	0
0.614	19.9495	1.4	1000	0.2	30	1000	0.2	0	0
0.615	19.9477	1.4	1000	0.2	30	1000	0.2	0	0
0.616	19.9452	1.4	1000	0.2	30	1000	0.2	0	0
0.617	19.9421	1.4	1000	0.2	30	1000	0.2	0	0
0.618	19.9395	1.4	1000	0.2	30	1000	0.2	0	0
0.619	19.9382	1.4	1000	0.2	30	1000	0.2	0	0
0.62	19.9385	1.4	1000	0.2	30	1000	0.2	0	0
0.621	19.9415	1.4	1000	0.2	30	1000	0.2	0	0
0.622	19.9474	1.4	1000	0.2	30	1000	0.2	0	0
0.623	19.9561	1.4	1000	0.2	30	1000	0.2	0	0
0.624	19.9681	1.4	1000	0.2	30	1000	0.2	0	0
0.625	19.9829	1.4	1000	0.2	30	1000	0.2	0	0
0.626	20.0001	1.4	1000	0.2	30	1000	0.2	0	0
0.627	20.0194	1.4	1000	0.2	30	1000	0.2	0	0
0.628	20.0398	1.4	1000	0.2	30	1000	0.2	0	0
0.629	20.0605	1.4	1000	0.2	30	1000	0.2	0	0
0.63	20.0808	1.4	1000	0.2	30	1000	0.2	0	0
0.631	20.1005	1.4	1000	0.2	30	1000	0.2	0	0
0.632	20.1189	1.4	1000	0.2	30	1000	0.2	0	0
0.633	20.1349	1.4	1000	0.2	30	1000	0.2	0	0
0.634	20.1473	1.4	1000	0.2	30	1000	0.2	0	0
0.635	20.1552	1.4	1000	0.2	30	1000	0.2	0	0
0.636	20.1585	1.4	1000	0.2	30	1000	0.2	0	0
0.637	20.1575	1.4	1000	0.2	30	1000	0.2	0	0
0.638	20.1516	1.4	1000	0.2	30	1000	0.2	0	0
0.639	20.1408	1.4	1000	0.2	30	1000	0.2	0	0
0.64	20.1255	1.4	1000	0.2	30	1000	0.2	0	0
0.641	20.1066	1.4	1000	0.2	30	1000	0.2	0	0
0.642	20.0847	1.4	1000	0.2	30	1000	0.2	0	0
0.643	20.0607	1.4	1000	0.2	30	1000	0.2	0	0
0.644	20.0358	1.4	1000	0.2	30	1000	0.2	0	0
0.645	20.0112	1.4	1000	0.2	30	1000	0.2	0	0
0.646	19.9886	1.4	1000	0.2	30	1000	0.2	0	0
0.647	19.9688	1.4	1000	0.2	30	1000	0.2	0	0
0.648	19.9533	1.4	1000	0.2	30	1000	0.2	0	0
0.649	19.9432	1.4	1000	0.2	30	1000	0.2	0	0
0.65	19.939	1.4	1000	0.2	30	1000	0.2	0	0
0.651	19.9404	1.4	1000	0.2	30	1000	0.2	0	0
0.652	19.9465	1.4	1000	0.2	30	1000	0.2	0	0
0.653	19.9554	1.4	1000	0.2	30	1000	0.2	0	0
0.654	19.9646	1.4	1000	0.2	30	1000	0.2	0	0
0.655	19.9714	1.4	1000	0.2	30	1000	0.2	0	0
0.656	19.9731	1.4	1000	0.2	30	1000	0.2	0	0
0.657	19.9687	1.4	1000	0.2	30	1000	0.2	0	0
0.658	19.9574	1.4	1000	0.2	30	1000	0.2	0	0
0.659	19.939	1.4	1000	0.2	30	1000	0.2	0	0
0.66	19.9142	1.4	1000	0.2	30	1000	0.2	0	0
0.661	19.8847	1.4	1000	0.2	30	1000	0.2	0	0
0.662	19.8525	1.4	1000	0.2	30	1000	0.2	0	0
0.663	19.8201	1.4	1000	0.2	30	1000	0.2	0	0
0.664	19.7887	1.4	1000	0.2	30	1000	0.2	0	0
0.665	19.7589	1.4	1000	0.2	30	1000	0.2	0	0
0.666	19.7321	1.4	1000	0.2	30	1000	0.2	0	0
0.667	19.7093	1.4	1000	0.2	30	1000	0.2	0	0
0.668	19.6916	1.4	1000	0.2	30	1000	0.2	0	0
0.669	19.6796	1.4	1000	0.2	30	1000	0.2	0	0
0.67	19.6733	1.4	1000	0.2	30	1000	0.2	0	0
0.671	19.6727	1.4	1000	0.2	30	1000	0.2	0	0
0.672	19.6783	1.4	1000	0.2	30	1000	0.2	0	0
0.673	19.6895	1.4	1000	0.2	30	1000	0.2	0	0
0.674	19.7058	1.4	1000	0.2	30	1000	0.2	0	0
0.675	19.727	1.4	1000	0.2	30	1000	0.2	0	0
0.676	19.7527	1.4	1000	0.2	30	1000	0.2	0	0
0.677	19.7834	1.4	1000	0.2	30	1000	0.2	0	0
0.678	19.8197	1.4	1000	0.2	30	1000	0.2	0	0
0.679	19.8623	1.4	1000	0.2	30	1000	0.2	0	0
0.68	19.9136	1.4	1000	0.2	30	1000	0.2	0	0
0.681	19.9759	1.4	1000	0.2	30	1000	0.2	0	0
0.682	20.0514	1.4	1000	0.2	30	1000	0.2	0	0
0.683	20.1447	1.4	1000	0.2	30	1000	0.2	0	0
0.684	20.2599	1.4	1000	0.2	30	1000	0.2	0	0
0.685	20.3978	1.4	1000	0.2	30	1000	0.2	0	0
0.686	20.5569	1.4	1000	0.2	30	1000	0.2	0	0
0.687	20.7348	1.4	1000	0.2	30	1000	0.2	0	0
0.688	20.9306	1.4	1000	0.2	30	1000	0.2	0	0
0.689	21.1436	1.4	1000	0.2	30	1000	0.2	0	0
0.69	21.3708	1.4	1000	0.2	30	1000	0.2	0	0
0.691	21.6077	1.4	1000	0.2	30	1000	0.2	0	0
0.692	21.852	1.4	1000	0.2	30	1000	0.2	0	0
0.693	22.1015	1.4	1000	0.2	30	1000	0.2	0	0
0.694	22.3547	1.4	1000	0.2	30	1000	0.2	0	0
0.695	22.6092	1.4	1000	0.2	30	1000	0.2	0	0
0.696	22.8629	1.4	1000	0.2	30	1000	0.2	0	0
0.697	23.1135	1.4	1000	0.2	30	1000	0.2	0	0
0.698	23.3587	1.4	1000	0.2	30	1000	0.2	0	0
0.699	23.5972	1.4	1000	0.2	30	1000	0.2	0	0
0.7	23.8289	1.4	1000	0.2	30	1000	0.2	0	0
0.701	24.0534	1.4	1000	0.2	30	1000	0.2	0	0
0.702	24.2702	1.4	1000	0.2	30	1000	0.2	0	0
0.703	24.4781	1.4	1000	0.2	30	1000	0.2	0	0
0.704	24.6761	1.4	1000	0.2	30	1000	0.2	0	0
0.705	24.8646	1.4	1000	0.2	30	1000	0.2	0	0
0.706	25.0438	1.4	1000	0.2	30	1000	0.2	0	0
0.707	25.2147	1.4	1000	0.2	30	1000	0.2	0	0
0.708	25.3778	1.4	1000	0.2	30	1000	0.2	0	0
0.709	25.5333	1.4	1000	0.2	30	1000	0.2	0	0
0.71	25.6816	1.4	1000	0.2	30	1000	0.2	0	0
0.711	25.8231	1.4	1000	0.2	30	1000	0.2	0	0
0.712	25.9587	1.4	1000	0.2	30	1000	0.2	0	0
0.713	26.0897	1.4	1000	0.2	30	1000	0.2	0	0
0.714	26.2187	1.4	1000	0.2	30	1000	0.2	0	0
0.715	26.3472	1.4	1000	0.2	30	1000	0.2	0	0
0.716	26.4743	1.4	1000	0.2	30	1000	0.2	0	0
0.717	26.5964	1.4	1000	0.2	30	1000	0.2	0	0
0.718	26.711	1.4	1000	0.2	30	1000	0.2	0	0
0.719	26.8178	1.4	1000	0.2	30	1000	0.2	0	0
0.72	26.9183	1.4	1000	0.2	30	1000	0.2	0	0
0.721	27.0135	1.4	1000	0.2	30	1000	0.2	0	0
0.722	27.1023	1.4	1000	0.2	30	1000	0.2	0	0
0.723	27.1849	1.4	1000	0.2	30	1000	0.2	0	0
0.724	27.2647	1.4	1000	0.2	30	1000	0.2	0	0
0.725	27.3445	1.4	1000	0.2	30	1000	0.2	0	0
0.726	27.4248	1.4	1000	0.2	30	1000	0.2	0	0
0.727	27.5036	1.4	1000	0.2	30	1000	0.2	0	0
0.728	27.5777	1.4	1000	0.2	30	1000	0.2	0	0
0.729	27.6466	1.4	1000	0.2	30	1000	0.2	0	0
0.73	27.7117	1.4	1000	0.2	30	1000	0.2	0	0
0.731	27.7741	1.4	1000	0.2	30	1000	0.2	0	0
0.732	27.8348	1.4	1000	0.2	30	1000	0.2	0	0
0.733	27.8946	1.4	1000	0.2	30	1000	0.2	0	0
0.734	27.9534	1.4	1000	0.2	30	1000	0.2	0	0
0.735	28.0122	1.4	1000	0.2	30	1000	0.2	0	0
0.736	28.0717	1.4	1000	0.2	30	1000	0.2	0	0
0.737	28.1322	1.4	1000	0.2	30	1000	0.2	0	0
0.738	28.193	1.4	1000	0.2	30	1000	0.2	0	0
0.739	28.2535	1.4	1000	0.2	30	1000	0.2	0	0
0.74	28.313	1.4	1000	0.2	30	1000	0.2	0	0
0.741	28.3716	1.4	1000	0.2	30	1000	0.2	0	0
0.742	28.4295	1.4	1000	0.2	30	1000	0.2	0	0
0.743	28.487	1.4	1000	0.2	30	1000	0.2	0	0
0.744	28.5446	1.4	1000	0.2	30	1000	0.2	0	0
0.745	28.6023	1.4	1000	0.2	30	1000	0.2	0	0
0.746	28.6601	1.4	1000	0.2	30	1000	0.2	0	0
0.747	28.7182	1.4	1000	0.2	30	1000	0.2	0	0
0.748	28.7766	1.4	1000	0.2	30	1000	0.2	0	0
0.749	28.8349	1.4	1000	0.2	30	1000	0.2	0	0
0.75	28.8929	1.4	1000	0.2	30	1000	0.2	0	0
0.751	28.9505	1.4	1000	0.2	30	1000	0.2	0	0
0.752	29.0077	1.4	1000	0.2	30	1000	0.2	0	0
0.753	29.0647	1.4	1000	0.2	30	1000	0.2	0	0
0.754	29.1223	1.4	1000	0.2	30	1000	0.2	0	0
0.755	29.1817	1.4	1000	0.2	30	1000	0.2	0	0
0.756	29.2479	1.4	1000	0.2	30	1000	0.2	0	0
0.757	29.3352	1.4	1000	0.2	30	1000	0.2	0	0
0.758	29.4432	1.4	1000	0.2	30	1000	0.2	0	0
0.759	29.5454	1.4	1000	0.2	30	1000	0.2	0	0
0.76	29.6409	1.4	1000	0.2	30	1000	0.2	0	0
0.761	29.7283	1.4	1000	0.2	30	1000	0.2	0	0
0.762	29.8062	1.4	1000	0.2	30	1000	0.2	0	0
0.763	29.8695	1.4	1000	0.2	30	1000	0.2	0	0
0.764	29.9058	1.4	1000	0.2	30	1000	0.2	0	0
0.765	29.9178	1.4	1000	0.2	30	1000	0.2	0	0
0.766	29.9338	1.4	1000	0.2	30	1000	0.2	0	0
0.767	29.9557	1.4	1000	0.2	30	1000	0.2	0	0
0.768	29.9846	1.4	1000	0.2	30	1000	0.2	0	0
0.769	30.021	1.4	1000	0.2	30	1000	0.2	0	0
0.77	30.0654	1.4	1000	0.2	30	1000	0.2	0	0
0.771	30.1159	1.4	1000	0.2	30	1000	0.2	0	0
0.772	30.1703	1.4	1000	0.2	30	1000	0.2	0	0
0.773	30.2268	1.4	1000	0.2	30	1000	0.2	0	0
0.774	30.2844	1.4	1000	0.2	30	1000	0.2	0	0
0.775	30.3429	1.4	1000	0.2	30	1000	0.2	0	0
0.776	30.402	1.4	1000	0.2	30	1000	0.2	0	0
0.777	30.4614	1.4	1000	0.2	30	1000	0.2	0	0
0.778	30.521	1.4	1000	0.2	30	1000	0.2	0	0
0.779	30.5809	1.4	1000	0.2	30	1000	0.2	0	0
0.78	30.6413	1.4	1000	0.2	30	1000	0.2	0	0
0.781	30.702	1.4	1000	0.2	30	1000	0.2	0	0
0.782	30.7628	1.4	1000	0.2	30	1000	0.2	0	0
0.783	30.8238	1.4	1000	0.2	30	1000	0.2	0	0
0.784	30.8855	1.4	1000	0.2	30	1000	0.2	0	0
0.785	30.9481	1.4	1000	0.2	30	1000	0.2	0	0
0.786	31.0115	1.4	1000	0.2	30	1000	0.2	0	0
0.787	31.0752	1.4	1000	0.2	30	1000	0.2	0	0
0.788	31.1388	1.4	1000	0.2	30	1000	0.2	0	0
0.789	31.2026	1.4	1000	0.2	30	1000	0.2	0	0
0.79	31.2664	1.4	1000	0.2	30	1000	0.2	0	0
0.791	31.3299	1.4	1000	0.2	30	1000	0.2	0	0
0.792	31.393	1.4	1000	0.2	30	1000	0.2	0	0
0.793	31.4561	1.4	1000	0.2	30	1000	0.2	0	0
0.794	31.5189	1.4	1000	0.2	30	1000	0.2	0	0
0.795	31.5815	1.4	1000	0.2	30	1000	0.2	0	0
0.796	31.6444	1.4	1000	0.2	30	1000	0.2	0	0
0.797	31.708	1.4	1000	0.2	30	1000	0.2	0	0
0.798	31.7724	1.4	1000	0.2	30	1000	0.2	0	0
0.799	31.8373	1.4	1000	0.2	30	1000	0.2	0	0
0.8	31.9025	1.4	1000	0.2	30	1000	0.2	0	0
0.801	31.9686	1.4	1000	0.2	30	1000	0.2	0	0
0.802	32.0357	1.4	1000	0.2	30	1000	0.2	0	0
0.803	32.1034	1.4	1000	0.2	30	1000	0.2	0	0
0.804	32.1712	1.4	1000	0.2	30	1000	0.2	0	0
0.805	32.2395	1.4	1000	0.2	30	1000	0.2	0	0
0.806	32.3091	1.4	1000	0.2	30	1000	0.2	0	0
0.807	32.3795	1.4	1000	0.2	30	1000	0.2	0	0
0.808	32.4512	1.4	1000	0.2	30	1000	0.2	0	0
0.809	32.5249	1.4	1000	0.2	30	1000	0.2	0	0
0.81	32.6013	1.4	1000	0.2	30	1000	0.2	0	0
0.811	32.6811	1.4	1000	0.2	30	1000	0.2	0	0
0.812	32.7637	1.4	1000	0.2	30	1000	0.2	0	0
0.813	32.8479	1.4	1000	0.2	30	1000	0.2	0	0
0.814	32.9324	1.4	1000	0.2	30	1000	0.2	0	0
0.815	33.0153	1.4	1000	0.2	30	1000	0.2	0	0
0.816	33.0949	1.4	1000	0.2	30	1000	0.2	0	0
0.817	33.1697	1.4	1000	0.2	30	1000	0.2	0	0
0.818	33.2405	1.4	1000	0.2	30	1000	0.2	0	0
0.819	33.3101	1.4	1000	0.2	30	1000	0.2	0	0
0.82	33.3799	1.4	1000	0.2	30	1000	0.2	0	0
0.821	33.448	1.4	1000	0.2	30	1000	0.2	0	0
0.822	33.5128	1.4	1000	0.2	30	1000	0.2	0	0
0.823	33.5783	1.4	1000	0.2	30	1000	0.2	0	0
0.824	33.6464	1.4	1000	0.2	30	1000	0.2	0	0
0.825	33.7172	1.4	1000	0.2	30	1000	0.2	0	0
0.826	33.7872	1.4	1000	0.2	30	1000	0.2	0	0
0.827	33.854	1.4	1000	0.2	30	1000	0.2	0	0
0.828	33.9211	1.4	1000	0.2	30	1000	0.2	0	0
0.829	33.9922	1.4	1000	0.2	30	1000	0.2	0	0
0.83	34.0635	1.4	1000	0.2	30	1000	0.2	0	0
0.831	34.1334	1.4	1000	0.2	30	1000	0.2	0	0
0.832	34.2009	1.4	1000	0.2	30	1000	0.2	0	0
0.833	34.2663	1.4	1000	0.2	30	1000	0.2	0	0
0.834	34.3321	1.4	1000	0.2	30	1000	0.2	0	0
0.835	34.3981	1.4	1000	0.2	30	1000	0.2	0	0
0.836	34.4632	1.4	1000	0.2	30	1000	0.2	0	0
0.837	34.5293	1.4	1000	0.2	30	1000	0.2	0	0
0.838	34.5961	1.4	1000	0.2	30	1000	0.2	0	0
0.839	34.6633	1.4	1000	0.2	30	1000	0.2	0	0
0.84	34.7318	1.4	1000	0.2	30	1000	0.2	0	0
0.841	34.8005	1.4	1000	0.2	30	1000	0.2	0	0
0.842	34.8695	1.4	1000	0.2	30	1000	0.2	0	0
0.843	34.9391	1.4	1000	0.2	30	1000	0.2	0	0
0.844	35.009	1.4	1000	0.2	30	1000	0.2	0	0
0.845	35.0794	1.4	1000	0.2	30	1000	0.2	0	0
0.846	35.1506	1.4	1000	0.2	30	1000	0.2	0	0
0.847	35.2219	1.4	1000	0.2	30	1000	0.2	0	0
0.848	35.2935	1.4	1000	0.2	30	1000	0.2	0	0
0.849	35.3656	1.4	1000	0.2	30	1000	0.2	0	0
0.85	35.4387	1.4	1000	0.2	30	1000	0.2	0	0
0.851	35.5127	1.4	1000	0.2	30	1000	0.2	0	0
0.852	35.5867	1.4	1000	0.2	30	1000	0.2	0	0
0.853	35.6594	1.4	1000	0.2	30	1000	0.2	0	0
0.854	35.7319	1.4	1000	0.2	30	1000	0.2	0	0
0.855	35.8038	1.4	1000	0.2	30	1000	0.2	0	0
0.856	35.8751	1.4	1000	0.2	30	1000	0.2	0	0
0.857	35.9455	1.4	1000	0.2	30	1000	0.2	0	0
0.858	36.0154	1.4	1000	0.2	30	1000	0.2	0	0
0.859	36.0855	1.4	1000	0.2	30	1000	0.2	0	0
0.86	36.157	1.4	1000	0.2	30	1000	0.2	0	0
0.861	36.2297	1.4	1000	0.2	30	1000	0.2	0	0
0.862	36.3042	1.4	1000	0.2	30	1000	0.2	0	0
0.863	36.3808	1.4	1000	0.2	30	1000	0.2	0	0
0.864	36.4582	1.4	1000	0.2	30	1000	0.2	0	0
0.865	36.5352	1.4	1000	0.2	30	1000	0.2	0	0
0.866	36.6118	1.4	1000	0.2	30	1000	0.2	0	0
0.867	36.6888	1.4	1000	0.2	30	1000	0.2	0	0
0.868	36.765	1.4	1000	0.2	30	1000	0.2	0	0
0.869	36.8402	1.4	1000	0.2	30	1000	0.2	0	0
0.87	36.915	1.4	1000	0.2	30	1000	0.2	0	0
0.871	36.9907	1.4	1000	0.2	30	1000	0.2	0	0
0.872	37.0678	1.4	1000	0.2	30	1000	0.2	0	0
0.873	37.1466	1.4	1000	0.2	30	1000	0.2	0	0
0.874	37.2264	1.4	1000	0.2	30	1000	0.2	0	0
0.875	37.3081	1.4	1000	0.2	30	1000	0.2	0	0
0.876	37.3911	1.4	1000	0.2	30	1000	0.2	0	0
0.877	37.4747	1.4	1000	0.2	30	1000	0.2	0	0
0.878	37.5587	1.4	1000	0.2	30	1000	0.2	0	0
0.879	37.6436	1.4	1000	0.2	30	1000	0.2	0	0
0.88	37.7296	1.4	1000	0.2	30	1000	0.2	0	0
0.881	37.8161	1.4	1000	0.2	30	1000	0.2	0	0
0.882	37.9035	1.4	1000	0.2	30	1000	0.2	0	0
0.883	37.992	1.4	1000	0.2	30	1000	0.2	0	0
0.884	38.0815	1.4	1000	0.2	30	1000	0.2	0	0
0.885	38.1718	1.4	1000	0.2	30	1000	0.2	0	0
0.886	38.2617	1.4	1000	0.2	30	1000	0.2	0	0
0.887	38.3512	1.4	1000	0.2	30	1000	0.2	0	0
0.888	38.4411	1.4	1000	0.2	30	1000	0.2	0	0
0.889	38.5312	1.4	1000	0.2	30	1000	0.2	0	0
0.89	38.6219	1.4	1000	0.2	30	1000	0.2	0	0
0.891	38.7137	1.4	1000	0.2	30	1000	0.2	0	0
0.892	38.8067	1.4	1000	0.2	30	1000	0.2	0	0
0.893	38.9012	1.4	1000	0.2	30	1000	0.2	0	0
0.894	38.9971	1.4	1000	0.2	30	1000	0.2	0	0
0.895	39.0933	1.4	1000	0.2	30	1000	0.2	0	0
0.896	39.1899	1.4	1000	0.2	30	1000	0.2	0	0
0.897	39.2863	1.4	1000	0.2	30	1000	0.2	0	0
0.898	39.3812	1.4	1000	0.2	30	1000	0.2	0	0
0.899	39.4739	1.4	1000	0.2	30	1000	0.2	0	0
0.9	39.5638	1.4	1000	0.2	30	1000	0.2	0	0
0.901	39.6508	1.4	1000	0.2	30	1000	0.2	0	0
0.902	39.7356	1.4	1000	0.2	30	1000	0.2	0	0
0.903	39.8193	1.4	1000	0.2	30	1000	0.2	0	0
0.904	39.9033	1.4	1000	0.2	30	1000	0.2	0	0
0.905	39.9888	1.4	1000	0.2	30	1000	0.2	0	0
0.906	40.0758	1.4	1000	0.2	30	1000	0.2	0	0
0.907	40.1643	1.4	1000	0.2	30	1000	0.2	0	0
0.908	40.2536	1.4	1000	0.2	30	1000	0.2	0	0
0.909	40.3429	1.4	1000	0.2	30	1000	0.2	0	0
0.91	40.4323	1.4	1000	0.2	30	1000	0.2	0	0
0.911	40.5213	1.4	1000	0.2	30	1000	0.2	0	0
0.912	40.609	1.4	1000	0.2	30	1000	0.2	0	0
0.913	40.6934	1.4	1000	0.2	30	1000	0.2	0	0
0.914	40.7765	1.4	1000	0.2	30	1000	0.2	0	0
0.915	40.8594	1.4	1000	0.2	30	1000	0.2	0	0
0.916	40.9421	1.4	1000	0.2	30	1000	0.2	0	0
0.917	41.0225	1.4	1000	0.2	30	1000	0.2	0	0
0.918	41.0999	1.4	1000	0.2	30	1000	0.2	0	0
0.919	41.1755	1.4	1000	0.2	30	1000	0.2	0	0
0.92	41.2522	1.4	1000	0.2	30	1000	0.2	0	0
0.921	41.3292	1.4	1000	0.2	30	1000	0.2	0	0
0.922	41.4064	1.4	1000	0.2	30	1000	0.2	0	0
0.923	41.4847	1.4	1000	0.2	30	1000	0.2	0	0
0.924	41.5631	1.4	1000	0.2	30	1000	0.2	0	0
0.925	41.6428	1.4	1000	0.2	30	1000	0.2	0	0
0.926	41.7239	1.4	1000	0.2	30	1000	0.2	0	0
0.927	41.8042	1.4	1000	0.2	30	1000	0.2	0	0
0.928	41.8861	1.4	1000	0.2	30	1000	0.2	0	0
0.929	41.9704	1.4	1000	0.2	30	1000	0.2	0	0
0.93	42.0564	1.4	1000	0.2	30	1000	0.2	0	0
0.931	42.1436	1.4	1000	0.2	30	1000	0.2	0	0
0.932	42.2303	1.4	1000	0.2	30	1000	0.2	0	0
0.933	42.3176	1.4	1000	0.2	30	1000	0.2	0	0
0.934	42.4082	1.4	1000	0.2	30	1000	0.2	0	0
0.935	42.4946	1.4	1000	0.2	30	1000	0.2	0	0
0.936	42.5755	1.4	1000	0.2	30	1000	0.2	0	0
0.937	42.651	1.4	1000	0.2	30	1000	0.2	0	0
0.938	42.722	1.4	1000	0.2	30	1000	0.2	0	0
0.939	42.7953	1.4	1000	0.2	30	1000	0.2	0	0
0.94	42.8681	1.4	1000	0.2	30	1000	0.2	0	0
0.941	42.9351	1.4	1000	0.2	30	1000	0.2	0	0
0.942	43.0022	1.4	1000	0.2	30	1000	0.2	0	0
0.943	43.0739	1.4	1000	0.2	30	1000	0.2	0	0
0.944	43.1497	1.4	1000	0.2	30	1000	0.2	0	0
0.945	43.2261	1.4	1000	0.2	30	1000	0.2	0	0
0.946	43.297	1.4	1000	0.2	30	1000	0.2	0	0
0.947	43.3653	1.4	1000	0.2	30	1000	0.2	0	0
0.948	43.4356	1.4	1000	0.2	30	1000	0.2	0	0
0.949	43.5052	1.4	1000	0.2	30	1000	0.2	0	0
0.95	43.5722	1.4	1000	0.2	30	1000	0.2	0	0
0.951	43.6368	1.4	1000	0.2	30	1000	0.2	0	0
0.952	43.7009	1.4	1000	0.2	30	1000	0.2	0	0
0.953	43.7623	1.4	1000	0.2	30	1000	0.2	0	0
0.954	43.8252	1.4	1000	0.2	30	1000	0.2	0	0
0.955	43.8881	1.4	1000	0.2	30	1000	0.2	0	0
0.956	43.9484	1.4	1000	0.2	30	1000	0.2	0	0
0.957	44.0085	1.4	1000	0.2	30	1000	0.2	0	0
0.958	44.0687	1.4	1000	0.2	30	1000	0.2	0	0
0.959	44.1298	1.4	1000	0.2	30	1000	0.2	0	0
0.96	44.193	1.4	1000	0.2	30	1000	0.2	0	0
0.961	44.2526	1.4	1000	0.2	30	1000	0.2	0	0
0.962	44.3114	1.4	1000	0.2	30	1000	0.2	0	0
0.963	44.3739	1.4	1000	0.2	30	1000	0.2	0	0
0.964	44.4332	1.4	1000	0.2	30	1000	0.2	0	0
0.965	44.4894	1.4	1000	0.2	30	1000	0.2	0	0
0.966	44.5463	1.4	1000	0.2	30	1000	0.2	0	0
0.967	44.6063	1.4	1000	0.2	30	1000	0.2	0	0
0.968	44.6655	1.4	1000	0.2	30	1000	0.2	0	0
0.969	44.7219	1.4	1000	0.2	30	1000	0.2	0	0
0.97	44.7757	1.4	1000	0.2	30	1000	0.2	0	0
0.971	44.8305	1.4	1000	0.2	30	1000	0.2	0	0
0.972	44.8894	1.4	1000	0.2	30	1000	0.2	0	0
0.973	44.9495	1.4	1000	0.2	30	1000	0.2	0	0
0.974	45.0075	1.4	1000	0.2	30	1000	0.2	0	0
0.975	45.0659	1.4	1000	0.2	30	1000	0.2	0	0
0.976	45.1279	1.4	1000	0.2	30	1000	0.2	0	0
0.977	45.1923	1.4	1000	0.2	30	1000	0.2	0	0
0.978	45.257	1.4	1000	0.2	30	1000	0.2	0	0
0.979	45.3191	1.4	1000	0.2	30	1000	0.2	0	0
0.98	45.3797	1.4	1000	0.2	30	1000	0.2	0	0
0.981	45.4401	1.4	1000	0.2	30	1000	0.2	0	0
0.982	45.5008	1.4	1000	0.2	30	1000	0.2	0	0
0.983	45.5592	1.4	1000	0.2	30	1000	0.2	0	0
0.984	45.6177	1.4	1000	0.2	30	1000	0.2	0	0
0.985	45.6779	1.4	1000	0.2	30	1000	0.2	0	0
0.986	45.7387	1.4	1000	0.2	30	1000	0.2	0	0
0.987	45.7986	1.4	1000	0.2	30	1000	0.2	0	0
0.988	45.8602	1.4	1000	0.2	30	1000	0.2	0	0
0.989	45.9253	1.4	1000	0.2	30	1000	0.2	0	0
0.99	45.9929	1.4	1000	0.2	30	1000	0.2	0	0
0.991	46.0578	1.4	1000	0.2	30	1000	0.2	0	0
0.992	46.1212	1.4	1000	0.2	30	1000	0.2	0	0
0.993	46.1862	1.4	1000	0.2	30	1000	0.2	0	0
0.994	46.254	1.4	1000	0.2	30	1000	0.2	0	0
0.995	46.3189	1.4	1000	0.2	30	1000	0.2	0	0
0.996	46.3801	1.4	1000	0.2	30	1000	0.2	0	0
0.997	46.4418	1.4	1000	0.2	30	1000	0.2	0	0
0.998	46.4968	1.4	1000	0.2	30	1000	0.2	0	0
0.999	46.5548	1.4	1000	0.2	30	1000	0.2	0	0
1	46.6123	1.4	1000	0.2	30	1000	0.2	0	0
1.001	46.6692	1.4	1000	0.2	30	1000	0.2	0	0
1.002	46.7295	1.4	1000	0.2	30	1000	0.2	0	0
1.003	46.7915	1.4	1000	0.2	30	1000	0.2	0	0
1.004	46.8526	1.4	1000	0.2	30	1000	0.2	0	0
1.005	46.9238	1.4	1000	0.2	30	1000	0.2	0	0
1.006	46.9942	1.4	1000	0.2	30	1000	0.2	0	0
1.007	47.0648	1.4	1000	0.2	30	1000	0.2	0	0
1.008	47.1355	1.4	1000	0.2	30	1000	0.2	0	0
1.009	47.2065	1.4	1000	0.2	30	1000	0.2	0	0
1.01	47.2785	1.4	1000	0.2	30	1000	0.2	0	0
1.011	47.3514	1.4	1000	0.2	30	1000	0.2	0	0
1.012	47.4253	1.4	1000	0.2	30	1000	0.2	0	0
1.013	47.499	1.4	1000	0.2	30	1000	0.2	0	0
1.014	47.5729	1.4	1000	0.2	30	1000	0.2	0	0
1.015	47.6471	1.4	1000	0.2	30	1000	0.2	0	0
1.016	47.7209	1.4	1000	0.2	30	1000	0.2	0	0
1.017	47.7944	1.4	1000	0.2	30	1000	0.2	0	0
1.018	47.8672	1.4	1000	0.2	30	1000	0.2	0	0
1.019	47.9392	1.4	1000	0.2	30	1000	0.2	0	0
1.02	48.0109	1.4	1000	0.2	30	1000	0.2	0	0
1.021	48.0823	1.4	1000	0.2	30	1000	0.2	0	0
1.022	48.1542	1.4	1000	0.2	30	1000	0.2	0	0
1.023	48.227	1.4	1000	0.2	30	1000	0.2	0	0
1.024	48.3003	1.4	1000	0.2	30	1000	0.2	0	0
1.025	48.3741	1.4	1000	0.2	30	1000	0.2	0	0
1.026	48.4477	1.4	1000	0.2	30	1000	0.2	0	0
1.027	48.5206	1.4	1000	0.2	30	1000	0.2	0	0
1.028	48.5932	1.4	1000	0.2	30	1000	0.2	0	0
1.029	48.6648	1.4	1000	0.2	30	1000	0.2	0	0
1.03	48.7355	1.4	1000	0.2	30	1000	0.2	0	0
1.031	48.8059	1.4	1000	0.2	30	1000	0.2	0	0
1.032	48.8758	1.4	1000	0.2	30	1000	0.2	0	0
1.033	48.946	1.4	1000	0.2	30	1000	0.2	0	0
1.034	49.0165	1.4	1000	0.2	30	1000	0.2	0	0
1.035	49.0873	1.4	1000	0.2	30	1000	0.2	0	0
1.036	49.1577	1.4	1000	0.2	30	1000	0.2	0	0
1.037	49.2273	1.4	1000	0.2	30	1000	0.2	0	0
1.038	49.2956	1.4	1000	0.2	30	1000	0.2	0	0
1.039	49.3632	1.4	1000	0.2	30	1000	0.2	0	0
1.04	49.4302	1.4	1000	0.2	30	1000	0.2	0	0
1.041	49.4967	1.4	1000	0.2	30	1000	0.2	0	0
1.042	49.563	1.4	1000	0.2	30	1000	0.2	0	0
1.043	49.6298	1.4	1000	0.2	30	1000	0.2	0	0
1.044	49.6971	1.4	1000	0.2	30	1000	0.2	0	0
1.045	49.765	1.4	1000	0.2	30	1000	0.2	0	0
1.046	49.833	1.4	1000	0.2	30	1000	0.2	0	0
1.047	49.9009	1.4	1000	0.2	30	1000	0.2	0	0
1.048	49.9683	1.4	1000	0.2	30	1000	0.2	0	0
1.049	50.0352	1.4	1000	0.2	30	1000	0.2	0	0
1.05	50.1025	1.4	1000	0.2	30	1000	0.2	0	0
1.051	50.17	1.4	1000	0.2	30	1000	0.2	0	0
1.052	50.2372	1.4	1000	0.2	30	1000	0.2	0	0
1.053	50.3047	1.4	1000	0.2	30	1000	0.2	0	0
1.054	50.3716	1.4	1000	0.2	30	1000	0.2	0	0
1.055	50.4383	1.4	1000	0.2	30	1000	0.2	0	0
1.056	50.5048	1.4	1000	0.2	30	1000	0.2	0	0
1.057	50.5694	1.4	1000	0.2	30	1000	0.2	0	0
1.058	50.6328	1.4	1000	0.2	30	1000	0.2	0	0
1.059	50.6969	1.4	1000	0.2	30	1000	0.2	0	0
1.06	50.7605	1.4	1000	0.2	30	1000	0.2	0	0
1.061	50.8246	1.4	1000	0.2	30	1000	0.2	0	0
1.062	50.889	1.4	1000	0.2	30	1000	0.2	0	0
1.063	50.9533	1.4	1000	0.2	30	1000	0.2	0	0
1.064	51.0179	1.4	1000	0.2	30	1000	0.2	0	0
1.065	51.0821	1.4	1000	0.2	30	1000	0.2	0	0
1.066	51.1454	1.4	1000	0.2	30	1000	0.2	0	0
1.067	51.2077	1.4	1000	0.2	30	1000	0.2	0	0
1.068	51.2691	1.4	1000	0.2	30	1000	0.2	0	0
1.069	51.3298	1.4	1000	0.2	30	1000	0.2	0	0
1.07	51.3904	1.4	1000	0.2	30	1000	0.2	0	0
1.071	51.4515	1.4	1000	0.2	30	1000	0.2	0	0
1.072	51.5128	1.4	1000	0.2	30	1000	0.2	0	0
1.073	51.574	1.4	1000	0.2	30	1000	0.2	0	0
1.074	51.635	1.4	1000	0.2	30	1000	0.2	0	0
1.075	51.6954	1.4	1000	0.2	30	1000	0.2	0	0
1.076	51.7558	1.4	1000	0.2	30	1000	0.2	0	0
1.077	51.8153	1.4	1000	0.2	30	1000	0.2	0	0
1.078	51.8743	1.4	1000	0.2	30	1000	0.2	0	0
1.079	51.933	1.4	1000	0.2	30	1000	0.2	0	0
1.08	51.9909	1.4	1000	0.2	30	1000	0.2	0	0
1.081	52.0489	1.4	1000	0.2	30	1000	0.2	0	0
1.082	52.1076	1.4	1000	0.2	30	1000	0.2	0	0
1.083	52.1657	1.4	1000	0.2	30	1000	0.2	0	0
1.084	52.2229	1.4	1000	0.2	30	1000	0.2	0	0
1.085	52.2789	1.4	1000	0.2	30	1000	0.2	0	0
1.086	52.3337	1.4	1000	0.2	30	1000	0.2	0	0
1.087	52.3881	1.4	1000	0.2	30	1000	0.2	0	0
1.088	52.4419	1.4	1000	0.2	30	1000	0.2	0	0
1.089	52.495	1.4	1000	0.2	30	1000	0.2	0	0
1.09	52.5486	1.4	1000	0.2	30	1000	0.2	0	0
1.091	52.6016	1.4	1000	0.2	30	1000	0.2	0	0
1.092	52.6542	1.4	1000	0.2	30	1000	0.2	0	0
1.093	52.7071	1.4	1000	0.2	30	1000	0.2	0	0
1.094	52.7588	1.4	1000	0.2	30	1000	0.2	0	0
1.095	52.81	1.4	1000	0.2	30	1000	0.2	0	0
1.096	52.8601	1.4	1000	0.2	30	1000	0.2	0	0
1.097	52.9092	1.4	1000	0.2	30	1000	0.2	0	0
1.098	52.9581	1.4	1000	0.2	30	1000	0.2	0	0
1.099	53.0066	1.4	1000	0.2	30	1000	0.2	0	0
1.1	53.0534	1.4	1000	0.2	30	1000	0.2	0	0
1.101	53.0991	1.4	1000	0.2	30	1000	0.2	0	0
1.102	53.1437	1.4	1000	0.2	30	1000	0.2	0	0
1.103	53.1864	1.4	1000	0.2	30	1000	0.2	0	0
1.104	53.2273	1.4	1000	0.2	30	1000	0.2	0	0
1.105	53.2672	1.4	1000	0.2	30	1000	0.2	0	0
1.106	53.3046	1.4	1000	0.2	30	1000	0.2	0	0
1.107	53.3408	1.4	1000	0.2	30	1000	0.2	0	0
1.108	53.376	1.4	1000	0.2	30	1000	0.2	0	0
1.109	53.4091	1.4	1000	0.2	30	1000	0.2	0	0
1.11	53.4414	1.4	1000	0.2	30	1000	0.2	0	0
1.111	53.4711	1.4	1000	0.2	30	1000	0.2	0	0
1.112	53.4975	1.4	1000	0.2	30	1000	0.2	0	0
1.113	53.5214	1.4	1000	0.2	30	1000	0.2	0	0
1.114	53.541	1.4	1000	0.2	30	1000	0.2	0	0
1.115	53.5568	1.4	1000	0.2	30	1000	0.2	0	0
1.116	53.5691	1.4	1000	0.2	30	1000	0.2	0	0
1.117	53.5762	1.4	1000	0.2	30	1000	0.2	0	0
1.118	53.5817	1.4	1000	0.2	30	1000	0.2	0	0
1.119	53.5879	1.4	1000	0.2	30	1000	0.2	0	0
1.12	53.5946	1.4	1000	0.2	30	1000	0.2	0	0
1.121	53.6039	1.4	1000	0.2	30	1000	0.2	0	0
1.122	53.6142	1.4	1000	0.2	30	1000	0.2	0	0
1.123	53.6234	1.4	1000	0.2	30	1000	0.2	0	0
1.124	53.6313	1.4	1000	0.2	30	1000	0.2	0	0
1.125	53.6352	1.4	1000	0.2	30	1000	0.2	0	0
1.126	53.6323	1.4	1000	0.2	30	1000	0.2	0	0
1.127	53.6204	1.4	1000	0.2	30	1000	0.2	0	0
1.128	53.6	1.4	1000	0.2	30	1000	0.2	0	0
1.129	53.5733	1.4	1000	0.2	30	1000	0.2	0	0
1.13	53.5416	1.4	1000	0.2	30	1000	0.2	0	0
1.131	53.5068	1.4	1000	0.2	30	1000	0.2	0	0
1.132	53.4715	1.4	1000	0.2	30	1000	0.2	0	0
1.133	53.4368	1.4	1000	0.2	30	1000	0.2	0	0
1.134	53.4052	1.4	1000	0.2	30	1000	0.2	0	0
1.135	53.3762	1.4	1000	0.2	30	1000	0.2	0	0
1.136	53.3482	1.4	1000	0.2	30	1000	0.2	0	0
1.137	53.3187	1.4	1000	0.2	30	1000	0.2	0	0
1.138	53.2872	1.4	1000	0.2	30	1000	0.2	0	0
1.139	53.2498	1.4	1000	0.2	30	1000	0.2	0	0
1.14	53.2053	1.4	1000	0.2	30	1000	0.2	0	0
1.141	53.1559	1.4	1000	0.2	30	1000	0.2	0	0
1.142	53.0982	1.4	1000	0.2	30	1000	0.2	0	0
1.143	53.0323	1.4	1000	0.2	30	1000	0.2	0	0
1.144	52.9632	1.4	1000	0.2	30	1000	0.2	0	0
1.145	52.8893	1.4	1000	0.2	30	1000	0.2	0	0
1.146	52.8131	1.4	1000	0.2	30	1000	0.2	0	0
1.147	52.7365	1.4	1000	0.2	30	1000	0.2	0	0
1.148	52.6567	1.4	1000	0.2	30	1000	0.2	0	0
1.149	52.5784	1.4	1000	0.2	30	1000	0.2	0	0
1.15	52.5032	1.4	1000	0.2	30	1000	0.2	0	0
1.151	52.431	1.4	1000	0.2	30	1000	0.2	0	0
1.152	52.3651	1.4	1000	0.2	30	1000	0.2	0	0
1.153	52.3067	1.4	1000	0.2	30	1000	0.2	0	0
1.154	52.2542	1.4	1000	0.2	30	1000	0.2	0	0
1.155	52.2099	1.4	1000	0.2	30	1000	0.2	0	0
1.156	52.1712	1.4	1000	0.2	30	1000	0.2	0	0
1.157	52.1376	1.4	1000	0.2	30	1000	0.2	0	0
1.158	52.1071	1.4	1000	0.2	30	1000	0.2	0	0
1.159	52.079	1.4	1000	0.2	30	1000	0.2	0	0
1.16	52.0523	1.4	1000	0.2	30	1000	0.2	0	0
1.161	52.0271	1.4	1000	0.2	30	1000	0.2	0	0
1.162	52.0024	1.4	1000	0.2	30	1000	0.2	0	0
1.163	51.979	1.4	1000	0.2	30	1000	0.2	0	0
1.164	51.9565	1.4	1000	0.2	30	1000	0.2	0	0
1.165	51.935	1.4	1000	0.2	30	1000	0.2	0	0
1.166	51.9147	1.4	1000	0.2	30	1000	0.2	0	0
1.167	51.895	1.4	1000	0.2	30	1000	0.2	0	0
1.168	51.8756	1.4	1000	0.2	30	1000	0.2	0	0
1.169	51.8568	1.4	1000	0.2	30	1000	0.2	0	0
1.17	51.8386	1.4	1000	0.2	30	1000	0.2	0	0
1.171	51.8207	1.4	1000	0.2	30	1000	0.2	0	0
1.172	51.8033	1.4	1000	0.2	30	1000	0.2	0	0
1.173	51.7853	1.4	1000	0.2	30	1000	0.2	0	0
1.174	51.7657	1.4	1000	0.2	30	1000	0.2	0	0
1.175	51.7457	1.4	1000	0.2	30	1000	0.2	0	0
1.176	51.7252	1.4	1000	0.2	30	1000	0.2	0	0
1.177	51.7036	1.4	1000	0.2	30	1000	0.2	0	0
1.178	51.6815	1.4	1000	0.2	30	1000	0.2	0	0
1.179	51.6593	1.4	1000	0.2	30	1000	0.2	0	0
1.18	51.6369	1.4	1000	0.2	30	1000	0.2	0	0
1.181	51.6154	1.4	1000	0.2	30	1000	0.2	0	0
1.182	51.5947	1.4	1000	0.2	30	1000	0.2	0	0
1.183	51.5749	1.4	1000	0.2	30	1000	0.2	0	0
1.184	51.5568	1.4	1000	0.2	30	1000	0.2	0	0
1.185	51.5404	1.4	1000	0.2	30	1000	0.2	0	0
1.186	51.5256	1.4	1000	0.2	30	1000	0.2	0	0
1.187	51.5132	1.4	1000	0.2	30	1000	0.2	0	0
1.188	51.5031	1.4	1000	0.2	30	1000	0.2	0	0
1.189	51.4949	1.4	1000	0.2	30	1000	0.2	0	0
1.19	51.4885	1.4	1000	0.2	30	1000	0.2	0	0
1.191	51.4843	1.4	1000	0.2	30	1000	0.2	0	0
1.192	51.4822	1.4	1000	0.2	30	1000	0.2	0	0
1.193	51.4819	1.4	1000	0.2	30	1000	0.2	0	0
1.194	51.4838	1.4	1000	0.2	30	1000	0.2	0	0
1.195	51.4882	1.4	1000	0.2	30	1000	0.2	0	0
1.196	51.4952	1.4	1000	0.2	30	1000	0.2	0	0
1.197	51.5049	1.4	1000	0.2	30	1000	0.2	0	0
1.198	51.5173	1.4	1000	0.2	30	1000	0.2	0	0
1.199	51.5321	1.4	1000	0.2	30	1000	0.2	0	0
1.2	51.5493	1.4	1000	0.2	30	1000	0.2	0	0
1.201	51.569	1.4	1000	0.2	30	1000	0.2	0	0
1.202	51.5909	1.4	1000	0.2	30	1000	0.2	0	0
1.203	51.6157	1.4	1000	0.2	30	1000	0.2	0	0
1.204	51.6437	1.4	1000	0.2	30	1000	0.2	0	0
1.205	51.6754	1.4	1000	0.2	30	1000	0.2	0	0
1.206	51.7113	1.4	1000	0.2	30	1000	0.2	0	0
1.207	51.7519	1.4	1000	0.2	30	1000	0.2	0	0
1.208	51.7979	1.4	1000	0.2	30	1000	0.2	0	0
1.209	51.8489	1.4	1000	0.2	30	1000	0.2	0	0
1.21	51.9054	1.4	1000	0.2	30	1000	0.2	0	0
1.211	51.9681	1.4	1000	0.2	30	1000	0.2	0	0
1.212	52.0368	1.4	1000	0.2	30	1000	0.2	0	0
1.213	52.1119	1.4	1000	0.2	30	1000	0.2	0	0
1.214	52.1941	1.4	1000	0.2	30	1000	0.2	0	0
1.215	52.2826	1.4	1000	0.2	30	1000	0.2	0	0
1.216	52.3784	1.4	1000	0.2	30	1000	0.2	0	0
1.217	52.4805	1.4	1000	0.2	30	1000	0.2	0	0
1.218	52.5889	1.4	1000	0.2	30	1000	0.2	0	0
1.219	52.7023	1.4	1000	0.2	30	1000	0.2	0	0
1.22	52.8203	1.4	1000	0.2	30	1000	0.2	0	0
1.221	52.9409	1.4	1000	0.2	30	1000	0.2	0	0
1.222	53.0639	1.4	1000	0.2	30	1000	0.2	0	0
1.223	53.1882	1.4	1000	0.2	30	1000	0.2	0	0
1.224	53.3131	1.4	1000	0.2	30	1000	0.2	0	0
1.225	53.4375	1.4	1000	0.2	30	1000	0.2	0	0
1.226	53.5613	1.4	1000	0.2	30	1000	0.2	0	0
1.227	53.6828	1.4	1000	0.2	30	1000	0.2	0	0
1.228	53.8022	1.4	1000	0.2	30	1000	0.2	0	0
1.229	53.9185	1.4	1000	0.2	30	1000	0.2	0	0
1.23	54.0318	1.4	1000	0.2	30	1000	0.2	0	0
1.231	54.142	1.4	1000	0.2	30	1000	0.2	0	0
1.232	54.2479	1.4	1000	0.2	30	1000	0.2	0	0
1.233	54.3503	1.4	1000	0.2	30	1000	0.2	0	0
1.234	54.4497	1.4	1000	0.2	30	1000	0.2	0	0
1.235	54.5456	1.4	1000	0.2	30	1000	0.2	0	0
1.236	54.6387	1.4	1000	0.2	30	1000	0.2	0	0
1.237	54.7297	1.4	1000	0.2	30	1000	0.2	0	0
1.238	54.8177	1.4	1000	0.2	30	1000	0.2	0	0
1.239	54.9033	1.4	1000	0.2	30	1000	0.2	0	0
1.24	54.9862	1.4	1000	0.2	30	1000	0.2	0	0
1.241	55.0664	1.4	1000	0.2	30	1000	0.2	0	0
1.242	55.1448	1.4	1000	0.2	30	1000	0.2	0	0
1.243	55.2211	1.4	1000	0.2	30	1000	0.2	0	0
1.244	55.2958	1.4	1000	0.2	30	1000	0.2	0	0
1.245	55.3696	1.4	1000	0.2	30	1000	0.2	0	0
1.246	55.4418	1.4	1000	0.2	30	1000	0.2	0	0
1.247	55.5129	1.4	1000	0.2	30	1000	0.2	0	0
1.248	55.5823	1.4	1000	0.2	30	1000	0.2	0	0
1.249	55.6497	1.4	1000	0.2	30	1000	0.2	0	0
1.25	55.7163	1.4	1000	0.2	30	1000	0.2	0	0
1.251	55.7805	1.4	1000	0.2	30	1000	0.2	0	0
1.252	55.8425	1.4	1000	0.2	30	1000	0.2	0	0
1.253	55.9031	1.4	1000	0.2	30	1000	0.2	0	0
1.254	55.9615	1.4	1000	0.2	30	1000	0.2	0	0
1.255	56.0188	1.4	1000	0.2	30	1000	0.2	0	0
1.256	56.0752	1.4	1000	0.2	30	1000	0.2	0	0
1.257	56.1294	1.4	1000	0.2	30	1000	0.2	0	0
1.258	56.1821	1.4	1000	0.2	30	1000	0.2	0	0
1.259	56.2336	1.4	1000	0.2	30	1000	0.2	0	0
1.26	56.2838	1.4	1000	0.2	30	1000	0.2	0	0
1.261	56.3338	1.4	1000	0.2	30	1000	0.2	0	0
1.262	56.3838	1.4	1000	0.2	30	1000	0.2	0	0
1.263	56.4332	1.4	1000	0.2	30	1000	0.2	0	0
1.264	56.4824	1.4	1000	0.2	30	1000	0.2	0	0
1.265	56.5312	1.4	1000	0.2	30	1000	0.2	0	0
1.266	56.5792	1.4	1000	0.2	30	1000	0.2	0	0
1.267	56.6268	1.4	1000	0.2	30	1000	0.2	0	0
1.268	56.6735	1.4	1000	0.2	30	1000	0.2	0	0
1.269	56.7189	1.4	1000	0.2	30	1000	0.2	0	0
1.27	56.763	1.4	1000	0.2	30	1000	0.2	0	0
1.271	56.8059	1.4	1000	0.2	30	1000	0.2	0	0
1.272	56.8475	1.4	1000	0.2	30	1000	0.2	0	0
1.273	56.8876	1.4	1000	0.2	30	1000	0.2	0	0
1.274	56.9263	1.4	1000	0.2	30	1000	0.2	0	0
1.275	56.964	1.4	1000	0.2	30	1000	0.2	0	0
1.276	57.0004	1.4	1000	0.2	30	1000	0.2	0	0
1.277	57.036	1.4	1000	0.2	30	1000	0.2	0	0
1.278	57.0713	1.4	1000	0.2	30	1000	0.2	0	0
1.279	57.1057	1.4	1000	0.2	30	1000	0.2	0	0
1.28	57.1396	1.4	1000	0.2	30	1000	0.2	0	0
1.281	57.1727	1.4	1000	0.2	30	1000	0.2	0	0
1.282	57.2046	1.4	1000	0.2	30	1000	0.2	0	0
1.283	57.2356	1.4	1000	0.2	30	1000	0.2	0	0
1.284	57.2652	1.4	1000	0.2	30	1000	0.2	0	0
1.285	57.2934	1.4	1000	0.2	30	1000	0.2	0	0
1.286	57.3206	1.4	1000	0.2	30	1000	0.2	0	0
1.287	57.3463	1.4	1000	0.2	30	1000	0.2	0	0
1.288	57.3709	1.4	1000	0.2	30	1000	0.2	0	0
1.289	57.3949	1.4	1000	0.2	30	1000	0.2	0	0
1.29	57.4179	1.4	1000	0.2	30	1000	0.2	0	0
1.291	57.4402	1.4	1000	0.2	30	1000	0.2	0	0
1.292	57.4613	1.4	1000	0.2	30	1000	0.2	0	0
1.293	57.481	1.4	1000	0.2	30	1000	0.2	0	0
1.294	57.4995	1.4	1000	0.2	30	1000	0.2	0	0
1.295	57.5165	1.4	1000	0.2	30	1000	0.2	0	0
1.296	57.5308	1.4	1000	0.2	30	1000	0.2	0	0
1.297	57.5427	1.4	1000	0.2	30	1000	0.2	0	0
1.298	57.5522	1.4	1000	0.2	30	1000	0.2	0	0
1.299	57.5594	1.4	1000	0.2	30	1000	0.2	0	0
1.3	57.5641	1.4	1000	0.2	30	1000	0.2	0	0
1.301	57.5665	1.4	1000	0.2	30	1000	0.2	0	0
1.302	57.5665	1.4	1000	0.2	30	1000	0.2	0	0
1.303	57.5641	1.4	1000	0.2	30	1000	0.2	0	0
1.304	57.5598	1.4	1000	0.2	30	1000	0.2	0	0
1.305	57.5531	1.4	1000	0.2	30	1000	0.2	0	0
1.306	57.5442	1.4	1000	0.2	30	1000	0.2	0	0
1.307	57.5331	1.4	1000	0.2	30	1000	0.2	0	0
1.308	57.5193	1.4	1000	0.2	30	1000	0.2	0	0
1.309	57.5031	1.4	1000	0.2	30	1000	0.2	0	0
1.31	57.4843	1.4	1000	0.2	30	1000	0.2	0	0
1.311	57.4624	1.4	1000	0.2	30	1000	0.2	0	0
1.312	57.4375	1.4	1000	0.2	30	1000	0.2	0	0
1.313	57.4092	1.4	1000	0.2	30	1000	0.2	0	0
1.314	57.3774	1.4	1000	0.2	30	1000	0.2	0	0
1.315	57.3428	1.4	1000	0.2	30	1000	0.2	0	0
1.316	57.306	1.4	1000	0.2	30	1000	0.2	0	0
1.317	57.2669	1.4	1000	0.2	30	1000	0.2	0	0
1.318	57.2266	1.4	1000	0.2	30	1000	0.2	0	0
1.319	57.1845	1.4	1000	0.2	30	1000	0.2	0	0
1.32	57.14	1.4	1000	0.2	30	1000	0.2	0	0
1.321	57.0937	1.4	1000	0.2	30	1000	0.2	0	0
1.322	57.0445	1.4	1000	0.2	30	1000	0.2	0	0
1.323	56.9915	1.4	1000	0.2	30	1000	0.2	0	0
1.324	56.9349	1.4	1000	0.2	30	1000	0.2	0	0
1.325	56.8742	1.4	1000	0.2	30	1000	0.2	0	0
1.326	56.8093	1.4	1000	0.2	30	1000	0.2	0	0
1.327	56.7405	1.4	1000	0.2	30	1000	0.2	0	0
1.328	56.6669	1.4	1000	0.2	30	1000	0.2	0	0
1.329	56.589	1.4	1000	0.2	30	1000	0.2	0	0
1.33	56.5074	1.4	1000	0.2	30	1000	0.2	0	0
1.331	56.4225	1.4	1000	0.2	30	1000	0.2	0	0
1.332	56.3342	1.4	1000	0.2	30	1000	0.2	0	0
1.333	56.2434	1.4	1000	0.2	30	1000	0.2	0	0
1.334	56.1525	1.4	1000	0.2	30	1000	0.2	0	0
1.335	56.0635	1.4	1000	0.2	30	1000	0.2	0	0
1.336	55.9771	1.4	1000	0.2	30	1000	0.2	0	0
1.337	55.8783	1.4	1000	0.2	30	1000	0.2	0	0
1.338	55.7667	1.4	1000	0.2	30	1000	0.2	0	0
1.339	55.6425	1.4	1000	0.2	30	1000	0.2	0	0
1.34	55.5058	1.4	1000	0.2	30	1000	0.2	0	0
1.341	55.3549	1.4	1000	0.2	30	1000	0.2	0	0
1.342	55.1891	1.4	1000	0.2	30	1000	0.2	0	0
1.343	55.0079	1.4	1000	0.2	30	1000	0.2	0	0
1.344	54.8268	1.4	1000	0.2	30	1000	0.2	0	0
1.345	54.6456	1.4	1000	0.2	30	1000	0.2	0	0
1.346	54.4644	1.4	1000	0.2	30	1000	0.2	0	0
1.347	54.2833	1.4	1000	0.2	30	1000	0.2	0	0
1.348	54.1021	1.4	1000	0.2	30	1000	0.2	0	0
1.349	53.9209	1.4	1000	0.2	30	1000	0.2	0	0
1.35	53.7398	1.4	1000	0.2	30	1000	0.2	0	0
1.351	53.5586	1.4	1000	0.2	30	1000	0.2	0	0
1.352	53.3774	1.4	1000	0.2	30	1000	0.2	0	0
1.353	53.1963	1.4	1000	0.2	30	1000	0.2	0	0
1.354	53.0151	1.4	1000	0.2	30	1000	0.2	0	0
1.355	52.8339	1.4	1000	0.2	30	1000	0.2	0	0
1.356	52.6528	1.4	1000	0.2	30	1000	0.2	0	0
1.357	52.4716	1.4	1000	0.2	30	1000	0.2	0	0
1.358	52.2904	1.4	1000	0.2	30	1000	0.2	0	0
1.359	52.1093	1.4	1000	0.2	30	1000	0.2	0	0
1.36	51.9281	1.4	1000	0.2	30	1000	0.2	0	0
1.361	51.7469	1.4	1000	0.2	30	1000	0.2	0	0
1.362	51.5658	1.4	1000	0.2	30	1000	0.2	0	0
1.363	51.3846	1.4	1000	0.2	30	1000	0.2	0	0
1.364	51.2034	1.4	1000	0.2	30	1000	0.2	0	0
1.365	51.0222	1.4	1000	0.2	30	1000	0.2	0	0
1.366	50.8411	1.4	1000	0.2	30	1000	0.2	0	0
1.367	50.6599	1.4	1000	0.2	30	1000	0.2	0	0
1.368	50.4787	1.4	1000	0.2	30	1000	0.2	0	0
1.369	50.2976	1.4	1000	0.2	30	1000	0.2	0	0
1.37	50.1164	1.4	1000	0.2	30	1000	0.2	0	0
1.371	49.9352	1.4	1000	0.2	30	1000	0.2	0	0
1.372	49.7541	1.4	1000	0.2	30	1000	0.2	0	0
1.373	49.5729	1.4	1000	0.2	30	1000	0.2	0	0
1.374	49.3917	1.4	1000	0.2	30	1000	0.2	0	0
1.375	49.2106	1.4	1000	0.2	30	1000	0.2	0	0
1.376	49.0294	1.4	1000	0.2	30	1000	0.2	0	0
1.377	48.8482	1.4	1000	0.2	30	1000	0.2	0	0
1.378	48.667	1.4	1000	0.2	30	1000	0.2	0	0
1.379	48.4859	1.4	1000	0.2	30	1000	0.2	0	0
1.38	48.3047	1.4	1000	0.2	30	1000	0.2	0	0
1.381	48.1235	1.4	1000	0.2	30	1000	0.2	0	0
1.382	47.9424	1.4	1000	0.2	30	1000	0.2	0	0
1.383	47.7612	1.4	1000	0.2	30	1000	0.2	0	0
1.384	47.58	1.4	1000	0.2	30	1000	0.2	0	0
1.385	47.3988	1.4	1000	0.2	30	1000	0.2	0	0
1.386	47.2177	1.4	1000	0.2	30	1000	0.2	0	0
1.387	47.0365	1.4	1000	0.2	30	1000	0.2	0	0
1.388	46.8553	1.4	1000	0.2	30	1000	0.2	0	0
1.389	46.6742	1.4	1000	0.2	30	1000	0.2	0	0
1.39	46.493	1.4	1000	0.2	30	1000	0.2	0	0
1.391	46.3118	1.4	1000	0.2	30	1000	0.2	0	0
1.392	46.1307	1.4	1000	0.2	30	1000	0.2	0	0
1.393	45.9495	1.4	1000	0.2	30	1000	0.2	0	0
1.394	45.7683	1.4	1000	0.2	30	1000	0.2	0	0
1.395	45.5871	1.4	1000	0.2	30	1000	0.2	0	0
1.396	45.406	1.4	1000	0.2	30	1000	0.2	0	0
1.397	45.2248	1.4	1000	0.2	30	1000	0.2	0	0
1.398	45.0436	1.4	1000	0.2	30	1000	0.2	0	0
1.399	44.8625	1.4	1000	0.2	30	1000	0.2	0	0
1.4	44.6813	1.4	1000	0.2	30	1000	0.2	0	0
1.401	44.5001	1.4	1000	0.2	30	1000	0.2	0	0
1.402	44.3188	1.4	1000	0.2	30	1000	0.2	0	0
1.403	44.1376	1.4	1000	0.2	30	1000	0.2	0	0
1.404	43.9564	1.4	1000	0.2	30	1000	0.2	0	0
1.405	43.7751	1.4	1000	0.2	30	1000	0.2	0	0
1.406	43.5938	1.4	1000	0.2	30	1000	0.2	0	0
1.407	43.4125	1.4	1000	0.2	30	1000	0.2	0	0
1.408	43.2313	1.4	1000	0.2	30	1000	0.2	0	0
1.409	43.05	1.4	1000	0.2	30	1000	0.2	0	0
1.41	42.8687	1.4	1000	0.2	30	1000	0.2	0	0
1.411	42.6874	1.4	1000	0.2	30	1000	0.2	0	0
1.412	42.5061	1.4	1000	0.2	30	1000	0.2	0	0
1.413	42.3248	1.4	1000	0.2	30	1000	0.2	0	0
1.414	42.1436	1.4	1000	0.2	30	1000	0.2	0	0
1.415	41.9623	1.4	1000	0.2	30	1000	0.2	0	0
1.416	41.781	1.4	1000	0.2	30	1000	0.2	0	0
1.417	41.6161	1.4	1000	0.2	30	1000	0.2	0	0
1.418	41.4704	1.4	1000	0.2	30	1000	0.2	0	0
1.419	41.3475	1.4	1000	0.2	30	1000	0.2	0	0
1.42	41.2479	1.4	1000	0.2	30	1000	0.2	0	0
1.421	41.1739	1.4	1000	0.2	30	1000	0.2	0	0
1.422	41.1247	1.4	1000	0.2	30	1000	0.2	0	0
1.423	41.104	1.4	1000	0.2	30	1000	0.2	0	0
1.424	41.0886	1.4	1000	0.2	30	1000	0.2	0	0
1.425	41.0677	1.4	1000	0.2	30	1000	0.2	0	0
1.426	41.0457	1.4	1000	0.2	30	1000	0.2	0	0
1.427	41.0224	1.4	1000	0.2	30	1000	0.2	0	0
1.428	40.9952	1.4	1000	0.2	30	1000	0.2	0	0
1.429	40.9713	1.4	1000	0.2	30	1000	0.2	0	0
1.43	40.944	1.4	1000	0.2	30	1000	0.2	0	0
1.431	40.9102	1.4	1000	0.2	30	1000	0.2	0	0
1.432	40.8841	1.4	1000	0.2	30	1000	0.2	0	0
1.433	40.8566	1.4	1000	0.2	30	1000	0.2	0	0
1.434	40.8288	1.4	1000	0.2	30	1000	0.2	0	0
1.435	40.8068	1.4	1000	0.2	30	1000	0.2	0	0
1.436	40.7799	1.4	1000	0.2	30	1000	0.2	0	0
1.437	40.7509	1.4	1000	0.2	30	1000	0.2	0	0
1.438	40.7306	1.4	1000	0.2	30	1000	0.2	0	0
1.439	40.7129	1.4	1000	0.2	30	1000	0.2	0	0
1.44	40.7024	1.4	1000	0.2	30	1000	0.2	0	0
1.441	40.6963	1.4	1000	0.2	30	1000	0.2	0	0
1.442	40.6893	1.4	1000	0.2	30	1000	0.2	0	0
1.443	40.6866	1.4	1000	0.2	30	1000	0.2	0	0
1.444	40.6862	1.4	1000	0.2	30	1000	0.2	0	0
1.445	40.6916	1.4	1000	0.2	30	1000	0.2	0	0
1.446	40.7047	1.4	1000	0.2	30	1000	0.2	0	0
1.447	40.7216	1.4	1000	0.2	30	1000	0.2	0	0
1.448	40.7453	1.4	1000	0.2	30	1000	0.2	0	0
1.449	40.7736	1.4	1000	0.2	30	1000	0.2	0	0
1.45	40.8057	1.4	1000	0.2	30	1000	0.2	0	0
1.451	40.8423	1.4	1000	0.2	30	1000	0.2	0	0
1.452	40.8774	1.4	1000	0.2	30	1000	0.2	0	0
1.453	40.9109	1.4	1000	0.2	30	1000	0.2	0	0
1.454	40.9441	1.4	1000	0.2	30	1000	0.2	0	0
1.455	40.9741	1.4	1000	0.2	30	1000	0.2	0	0
1.456	41.0036	1.4	1000	0.2	30	1000	0.2	0	0
1.457	41.0307	1.4	1000	0.2	30	1000	0.2	0	0
1.458	41.054	1.4	1000	0.2	30	1000	0.2	0	0
1.459	41.078	1.4	1000	0.2	30	1000	0.2	0	0
1.46	41.102	1.4	1000	0.2	30	1000	0.2	0	0
1.461	41.1256	1.4	1000	0.2	30	1000	0.2	0	0
1.462	41.153	1.4	1000	0.2	30	1000	0.2	0	0
1.463	41.1823	1.4	1000	0.2	30	1000	0.2	0	0
1.464	41.2157	1.4	1000	0.2	30	1000	0.2	0	0
1.465	41.2563	1.4	1000	0.2	30	1000	0.2	0	0
1.466	41.3001	1.4	1000	0.2	30	1000	0.2	0	0
1.467	41.3477	1.4	1000	0.2	30	1000	0.2	0	0
1.468	41.3974	1.4	1000	0.2	30	1000	0.2	0	0
1.469	41.4486	1.4	1000	0.2	30	1000	0.2	0	0
1.47	41.5032	1.4	1000	0.2	30	1000	0.2	0	0
1.471	41.5604	1.4	1000	0.2	30	1000	0.2	0	0
1.472	41.6196	1.4	1000	0.2	30	1000	0.2	0	0
1.473	41.6824	1.4	1000	0.2	30	1000	0.2	0	0
1.474	41.7456	1.4	1000	0.2	30	1000	0.2	0	0
1.475	41.8118	1.4	1000	0.2	30	1000	0.2	0	0
1.476	41.8805	1.4	1000	0.2	30	1000	0.2	0	0
1.477	41.9494	1.4	1000	0.2	30	1000	0.2	0	0
1.478	42.0188	1.4	1000	0.2	30	1000	0.2	0	0
1.479	42.0896	1.4	1000	0.2	30	1000	0.2	0	0
1.48	42.1617	1.4	1000	0.2	30	1000	0.2	0	0
1.481	42.236	1.4	1000	0.2	30	1000	0.2	0	0
1.482	42.3114	1.4	1000	0.2	30	1000	0.2	0	0
1.483	42.3875	1.4	1000	0.2	30	1000	0.2	0	0
1.484	42.464	1.4	1000	0.2	30	1000	0.2	0	0
1.485	42.5409	1.4	1000	0.2	30	1000	0.2	0	0
1.486	42.6181	1.4	1000	0.2	30	1000	0.2	0	0
1.487	42.6942	1.4	1000	0.2	30	1000	0.2	0	0
1.488	42.7695	1.4	1000	0.2	30	1000	0.2	0	0
1.489	42.8439	1.4	1000	0.2	30	1000	0.2	0	0
1.49	42.9155	1.4	1000	0.2	30	1000	0.2	0	0
1.491	42.9856	1.4	1000	0.2	30	1000	0.2	0	0
1.492	43.0555	1.4	1000	0.2	30	1000	0.2	0	0
1.493	43.1237	1.4	1000	0.2	30	1000	0.2	0	0
1.494	43.1918	1.4	1000	0.2	30	1000	0.2	0	0
1.495	43.2602	1.4	1000	0.2	30	1000	0.2	0	0
1.496	43.3279	1.4	1000	0.2	30	1000	0.2	0	0
1.497	43.3962	1.4	1000	0.2	30	1000	0.2	0	0
1.498	43.4646	1.4	1000	0.2	30	1000	0.2	0	0
1.499	43.5322	1.4	1000	0.2	30	1000	0.2	0	0
1.5	43.6009	1.4	1000	0.2	30	1000	0.2	0	0
1.501	43.6706	1.4	1000	0.2	30	1000	0.2	0	0
1.502	43.741	1.4	1000	0.2	30	1000	0.2	0	0
1.503	43.8135	1.4	1000	0.2	30	1000	0.2	0	0
1.504	43.8867	1.4	1000	0.2	30	1000	0.2	0	0
1.505	43.9601	1.4	1000	0.2	30	1000	0.2	0	0
1.506	44.0339	1.4	1000	0.2	30	1000	0.2	0	0
1.507	44.1069	1.4	1000	0.2	30	1000	0.2	0	0
1.508	44.1789	1.4	1000	0.2	30	1000	0.2	0	0
1.509	44.2503	1.4	1000	0.2	30	1000	0.2	0	0
1.51	44.3195	1.4	1000	0.2	30	1000	0.2	0	0
1.511	44.3879	1.4	1000	0.2	30	1000	0.2	0	0
1.512	44.4558	1.4	1000	0.2	30	1000	0.2	0	0
1.513	44.5229	1.4	1000	0.2	30	1000	0.2	0	0
1.514	44.5896	1.4	1000	0.2	30	1000	0.2	0	0
1.515	44.6557	1.4	1000	0.2	30	1000	0.2	0	0
1.516	44.7209	1.4	1000	0.2	30	1000	0.2	0	0
1.517	44.7858	1.4	1000	0.2	30	1000	0.2	0	0
1.518	44.8503	1.4	1000	0.2	30	1000	0.2	0	0
1.519	44.9145	1.4	1000	0.2	30	1000	0.2	0	0
1.52	44.9783	1.4	1000	0.2	30	1000	0.2	0	0
1.521	45.0412	1.4	1000	0.2	30	1000	0.2	0	0
1.522	45.1035	1.4	1000	0.2	30	1000	0.2	0	0
1.523	45.1653	1.4	1000	0.2	30	1000	0.2	0	0
1.524	45.2263	1.4	1000	0.2	30	1000	0.2	0	0
1.525	45.2866	1.4	1000	0.2	30	1000	0.2	0	0
1.526	45.346	1.4	1000	0.2	30	1000	0.2	0	0
1.527	45.4046	1.4	1000	0.2	30	1000	0.2	0	0
1.528	45.4624	1.4	1000	0.2	30	1000	0.2	0	0
1.529	45.5191	1.4	1000	0.2	30	1000	0.2	0	0
1.53	45.5746	1.4	1000	0.2	30	1000	0.2	0	0
1.531	45.6293	1.4	1000	0.2	30	1000	0.2	0	0
1.532	45.6827	1.4	1000	0.2	30	1000	0.2	0	0
1.533	45.7349	1.4	1000	0.2	30	1000	0.2	0	0
1.534	45.7862	1.4	1000	0.2	30	1000	0.2	0	0
1.535	45.8367	1.4	1000	0.2	30	1000	0.2	0	0
1.536	45.8868	1.4	1000	0.2	30	1000	0.2	0	0
1.537	45.9365	1.4	1000	0.2	30	1000	0.2	0	0
1.538	45.9857	1.4	1000	0.2	30	1000	0.2	0	0
1.539	46.0349	1.4	1000	0.2	30	1000	0.2	0	0
1.54	46.0841	1.4	1000	0.2	30	1000	0.2	0	0
1.541	46.1332	1.4	1000	0.2	30	1000	0.2	0	0
1.542	46.1825	1.4	1000	0.2	30	1000	0.2	0	0
1.543	46.2313	1.4	1000	0.2	30	1000	0.2	0	0
1.544	46.2798	1.4	1000	0.2	30	1000	0.2	0	0
1.545	46.3283	1.4	1000	0.2	30	1000	0.2	0	0
1.546	46.3768	1.4	1000	0.2	30	1000	0.2	0	0
1.547	46.4253	1.4	1000	0.2	30	1000	0.2	0	0
1.548	46.4734	1.4	1000	0.2	30	1000	0.2	0	0
1.549	46.5212	1.4	1000	0.2	30	1000	0.2	0	0
1.55	46.5693	1.4	1000	0.2	30	1000	0.2	0	0
1.551	46.6175	1.4	1000	0.2	30	1000	0.2	0	0
1.552	46.6652	1.4	1000	0.2	30	1000	0.2	0	0
1.553	46.7127	1.4	1000	0.2	30	1000	0.2	0	0
1.554	46.7597	1.4	1000	0.2	30	1000	0.2	0	0
1.555	46.8057	1.4	1000	0.2	30	1000	0.2	0	0
1.556	46.8512	1.4	1000	0.2	30	1000	0.2	0	0
1.557	46.8958	1.4	1000	0.2	30	1000	0.2	0	0
1.558	46.9392	1.4	1000	0.2	30	1000	0.2	0	0
1.559	46.9819	1.4	1000	0.2	30	1000	0.2	0	0
1.56	47.024	1.4	1000	0.2	30	1000	0.2	0	0
1.561	47.0661	1.4	1000	0.2	30	1000	0.2	0	0
1.562	47.1087	1.4	1000	0.2	30	1000	0.2	0	0
1.563	47.1515	1.4	1000	0.2	30	1000	0.2	0	0
1.564	47.1952	1.4	1000	0.2	30	1000	0.2	0	0
1.565	47.2395	1.4	1000	0.2	30	1000	0.2	0	0
1.566	47.2834	1.4	1000	0.2	30	1000	0.2	0	0
1.567	47.3269	1.4	1000	0.2	30	1000	0.2	0	0
1.568	47.3696	1.4	1000	0.2	30	1000	0.2	0	0
1.569	47.4115	1.4	1000	0.2	30	1000	0.2	0	0
1.57	47.4537	1.4	1000	0.2	30	1000	0.2	0	0
1.571	47.4956	1.4	1000	0.2	30	1000	0.2	0	0
1.572	47.5373	1.4	1000	0.2	30	1000	0.2	0	0
1.573	47.5804	1.4	1000	0.2	30	1000	0.2	0	0
1.574	47.6244	1.4	1000	0.2	30	1000	0.2	0	0
1.575	47.6695	1.4	1000	0.2	30	1000	0.2	0	0
1.576	47.7161	1.4	1000	0.2	30	1000	0.2	0	0
1.577	47.7626	1.4	1000	0.2	30	1000	0.2	0	0
1.578	47.8087	1.4	1000	0.2	30	1000	0.2	0	0
1.579	47.8547	1.4	1000	0.2	30	1000	0.2	0	0
1.58	47.9001	1.4	1000	0.2	30	1000	0.2	0	0
1.581	47.9459	1.4	1000	0.2	30	1000	0.2	0	0
1.582	47.9917	1.4	1000	0.2	30	1000	0.2	0	0
1.583	48.0373	1.4	1000	0.2	30	1000	0.2	0	0
1.584	48.0833	1.4	1000	0.2	30	1000	0.2	0	0
1.585	48.1297	1.4	1000	0.2	30	1000	0.2	0	0
1.586	48.1772	1.4	1000	0.2	30	1000	0.2	0	0
1.587	48.225	1.4	1000	0.2	30	1000	0.2	0	0
1.588	48.273	1.4	1000	0.2	30	1000	0.2	0	0
1.589	48.3213	1.4	1000	0.2	30	1000	0.2	0	0
1.59	48.3693	1.4	1000	0.2	30	1000	0.2	0	0
1.591	48.4178	1.4	1000	0.2	30	1000	0.2	0	0
1.592	48.4666	1.4	1000	0.2	30	1000	0.2	0	0
1.593	48.5153	1.4	1000	0.2	30	1000	0.2	0	0
1.594	48.5644	1.4	1000	0.2	30	1000	0.2	0	0
1.595	48.6128	1.4	1000	0.2	30	1000	0.2	0	0
1.596	48.6605	1.4	1000	0.2	30	1000	0.2	0	0
1.597	48.7078	1.4	1000	0.2	30	1000	0.2	0	0
1.598	48.7549	1.4	1000	0.2	30	1000	0.2	0	0
1.599	48.8023	1.4	1000	0.2	30	1000	0.2	0	0
1.6	48.8496	1.4	1000	0.2	30	1000	0.2	0	0
1.601	48.8967	1.4	1000	0.2	30	1000	0.2	0	0
1.602	48.9437	1.4	1000	0.2	30	1000	0.2	0	0
1.603	48.9906	1.4	1000	0.2	30	1000	0.2	0	0
1.604	49.0384	1.4	1000	0.2	30	1000	0.2	0	0
1.605	49.0862	1.4	1000	0.2	30	1000	0.2	0	0
1.606	49.1331	1.4	1000	0.2	30	1000	0.2	0	0
1.607	49.1793	1.4	1000	0.2	30	1000	0.2	0	0
1.608	49.2241	1.4	1000	0.2	30	1000	0.2	0	0
1.609	49.2679	1.4	1000	0.2	30	1000	0.2	0	0
1.61	49.3111	1.4	1000	0.2	30	1000	0.2	0	0
1.611	49.3525	1.4	1000	0.2	30	1000	0.2	0	0
1.612	49.3925	1.4	1000	0.2	30	1000	0.2	0	0
1.613	49.4319	1.4	1000	0.2	30	1000	0.2	0	0
1.614	49.4701	1.4	1000	0.2	30	1000	0.2	0	0
1.615	49.5076	1.4	1000	0.2	30	1000	0.2	0	0
1.616	49.5444	1.4	1000	0.2	30	1000	0.2	0	0
1.617	49.5795	1.4	1000	0.2	30	1000	0.2	0	0
1.618	49.6137	1.4	1000	0.2	30	1000	0.2	0	0
1.619	49.6468	1.4	1000	0.2	30	1000	0.2	0	0
1.62	49.6785	1.4	1000	0.2	30	1000	0.2	0	0
1.621	49.7089	1.4	1000	0.2	30	1000	0.2	0	0
1.622	49.7373	1.4	1000	0.2	30	1000	0.2	0	0
1.623	49.7641	1.4	1000	0.2	30	1000	0.2	0	0
1.624	49.7895	1.4	1000	0.2	30	1000	0.2	0	0
1.625	49.8126	1.4	1000	0.2	30	1000	0.2	0	0
1.626	49.834	1.4	1000	0.2	30	1000	0.2	0	0
1.627	49.8533	1.4	1000	0.2	30	1000	0.2	0	0
1.628	49.8705	1.4	1000	0.2	30	1000	0.2	0	0
1.629	49.8871	1.4	1000	0.2	30	1000	0.2	0	0
1.63	49.9028	1.4	1000	0.2	30	1000	0.2	0	0
1.631	49.918	1.4	1000	0.2	30	1000	0.2	0	0
1.632	49.9333	1.4	1000	0.2	30	1000	0.2	0	0
1.633	49.9481	1.4	1000	0.2	30	1000	0.2	0	0
1.634	49.9629	1.4	1000	0.2	30	1000	0.2	0	0
1.635	49.9786	1.4	1000	0.2	30	1000	0.2	0	0
1.636	49.9944	1.4	1000	0.2	30	1000	0.2	0	0
1.637	50.011	1.4	1000	0.2	30	1000	0.2	0	0
1.638	50.0288	1.4	1000	0.2	30	1000	0.2	0	0
1.639	50.0471	1.4	1000	0.2	30	1000	0.2	0	0
1.64	50.0659	1.4	1000	0.2	30	1000	0.2	0	0
1.641	50.0849	1.4	1000	0.2	30	1000	0.2	0	0
1.642	50.1029	1.4	1000	0.2	30	1000	0.2	0	0
1.643	50.1194	1.4	1000	0.2	30	1000	0.2	0	0
1.644	50.134	1.4	1000	0.2	30	1000	0.2	0	0
1.645	50.1461	1.4	1000	0.2	30	1000	0.2	0	0
1.646	50.1547	1.4	1000	0.2	30	1000	0.2	0	0
1.647	50.1593	1.4	1000	0.2	30	1000	0.2	0	0
1.648	50.1593	1.4	1000	0.2	30	1000	0.2	0	0
1.649	50.1542	1.4	1000	0.2	30	1000	0.2	0	0
1.65	50.1446	1.4	1000	0.2	30	1000	0.2	0	0
1.651	50.1299	1.4	1000	0.2	30	1000	0.2	0	0
1.652	50.1093	1.4	1000	0.2	30	1000	0.2	0	0
1.653	50.0835	1.4	1000	0.2	30	1000	0.2	0	0
1.654	50.0533	1.4	1000	0.2	30	1000	0.2	0	0
1.655	50.0187	1.4	1000	0.2	30	1000	0.2	0	0
1.656	49.9806	1.4	1000	0.2	30	1000	0.2	0	0
1.657	49.9388	1.4	1000	0.2	30	1000	0.2	0	0
1.658	49.8927	1.4	1000	0.2	30	1000	0.2	0	0
1.659	49.8428	1.4	1000	0.2	30	1000	0.2	0	0
1.66	49.7894	1.4	1000	0.2	30	1000	0.2	0	0
1.661	49.7319	1.4	1000	0.2	30	1000	0.2	0	0
1.662	49.6709	1.4	1000	0.2	30	1000	0.2	0	0
1.663	49.6069	1.4	1000	0.2	30	1000	0.2	0	0
1.664	49.5397	1.4	1000	0.2	30	1000	0.2	0	0
1.665	49.4705	1.4	1000	0.2	30	1000	0.2	0	0
1.666	49.3995	1.4	1000	0.2	30	1000	0.2	0	0
1.667	49.3264	1.4	1000	0.2	30	1000	0.2	0	0
1.668	49.2523	1.4	1000	0.2	30	1000	0.2	0	0
1.669	49.1769	1.4	1000	0.2	30	1000	0.2	0	0
1.67	49.1001	1.4	1000	0.2	30	1000	0.2	0	0
1.671	49.0229	1.4	1000	0.2	30	1000	0.2	0	0
1.672	48.9441	1.4	1000	0.2	30	1000	0.2	0	0
1.673	48.8632	1.4	1000	0.2	30	1000	0.2	0	0
1.674	48.781	1.4	1000	0.2	30	1000	0.2	0	0
1.675	48.6968	1.4	1000	0.2	30	1000	0.2	0	0
1.676	48.6102	1.4	1000	0.2	30	1000	0.2	0	0
1.677	48.5219	1.4	1000	0.2	30	1000	0.2	0	0
1.678	48.4309	1.4	1000	0.2	30	1000	0.2	0	0
1.679	48.3379	1.4	1000	0.2	30	1000	0.2	0	0
1.68	48.2429	1.4	1000	0.2	30	1000	0.2	0	0
1.681	48.1455	1.4	1000	0.2	30	1000	0.2	0	0
1.682	48.0448	1.4	1000	0.2	30	1000	0.2	0	0
1.683	47.941	1.4	1000	0.2	30	1000	0.2	0	0
1.684	47.8344	1.4	1000	0.2	30	1000	0.2	0	0
1.685	47.7243	1.4	1000	0.2	30	1000	0.2	0	0
1.686	47.6117	1.4	1000	0.2	30	1000	0.2	0	0
1.687	47.4976	1.4	1000	0.2	30	1000	0.2	0	0
1.688	47.381	1.4	1000	0.2	30	1000	0.2	0	0
1.689	47.2635	1.4	1000	0.2	30	1000	0.2	0	0
1.69	47.1455	1.4	1000	0.2	30	1000	0.2	0	0
1.691	47.026	1.4	1000	0.2	30	1000	0.2	0	0
1.692	46.906	1.4	1000	0.2	30	1000	0.2	0	0
1.693	46.7844	1.4	1000	0.2	30	1000	0.2	0	0
1.694	46.6611	1.4	1000	0.2	30	1000	0.2	0	0
1.695	46.537	1.4	1000	0.2	30	1000	0.2	0	0
1.696	46.4114	1.4	1000	0.2	30	1000	0.2	0	0
1.697	46.2855	1.4	1000	0.2	30	1000	0.2	0	0
1.698	46.1594	1.4	1000	0.2	30	1000	0.2	0	0
1.699	46.0328	1.4	1000	0.2	30	1000	0.2	0	0
1.7	45.9074	1.4	1000	0.2	30	1000	0.2	0	0
1.701	45.7825	1.4	1000	0.2	30	1000	0.2	0	0
1.702	45.6585	1.4	1000	0.2	30	1000	0.2	0	0
1.703	45.5358	1.4	1000	0.2	30	1000	0.2	0	0
1.704	45.4128	1.4	1000	0.2	30	1000	0.2	0	0
1.705	45.2903	1.4	1000	0.2	30	1000	0.2	0	0
1.706	45.1688	1.4	1000	0.2	30	1000	0.2	0	0
1.707	45.0489	1.4	1000	0.2	30	1000	0.2	0	0
1.708	44.9321	1.4	1000	0.2	30	1000	0.2	0	0
1.709	44.8185	1.4	1000	0.2	30	1000	0.2	0	0
1.71	44.709	1.4	1000	0.2	30	1000	0.2	0	0
1.711	44.6038	1.4	1000	0.2	30	1000	0.2	0	0
1.712	44.5031	1.4	1000	0.2	30	1000	0.2	0	0
1.713	44.4066	1.4	1000	0.2	30	1000	0.2	0	0
1.714	44.3132	1.4	1000	0.2	30	1000	0.2	0	0
1.715	44.2219	1.4	1000	0.2	30	1000	0.2	0	0
1.716	44.1325	1.4	1000	0.2	30	1000	0.2	0	0
1.717	44.0443	1.4	1000	0.2	30	1000	0.2	0	0
1.718	43.9577	1.4	1000	0.2	30	1000	0.2	0	0
1.719	43.8725	1.4	1000	0.2	30	1000	0.2	0	0
1.72	43.7882	1.4	1000	0.2	30	1000	0.2	0	0
1.721	43.7055	1.4	1000	0.2	30	1000	0.2	0	0
1.722	43.6246	1.4	1000	0.2	30	1000	0.2	0	0
1.723	43.5466	1.4	1000	0.2	30	1000	0.2	0	0
1.724	43.4738	1.4	1000	0.2	30	1000	0.2	0	0
1.725	43.4073	1.4	1000	0.2	30	1000	0.2	0	0
1.726	43.3506	1.4	1000	0.2	30	1000	0.2	0	0
1.727	43.3062	1.4	1000	0.2	30	1000	0.2	0	0
1.728	43.2773	1.4	1000	0.2	30	1000	0.2	0	0
1.729	43.268	1.4	1000	0.2	30	1000	0.2	0	0
1.73	43.2789	1.4	1000	0.2	30	1000	0.2	0	0
1.731	43.3121	1.4	1000	0.2	30	1000	0.2	0	0
1.732	43.3661	1.4	1000	0.2	30	1000	0.2	0	0
1.733	43.4403	1.4	1000	0.2	30	1000	0.2	0	0
1.734	43.5306	1.4	1000	0.2	30	1000	0.2	0	0
1.735	43.6338	1.4	1000	0.2	30	1000	0.2	0	0
1.736	43.7429	1.4	1000	0.2	30	1000	0.2	0	0
1.737	43.8551	1.4	1000	0.2	30	1000	0.2	0	0
1.738	43.9636	1.4	1000	0.2	30	1000	0.2	0	0
1.739	44.0661	1.4	1000	0.2	30	1000	0.2	0	0
1.74	44.1581	1.4	1000	0.2	30	1000	0.2	0	0
1.741	44.239	1.4	1000	0.2	30	1000	0.2	0	0
1.742	44.308	1.4	1000	0.2	30	1000	0.2	0	0
1.743	44.366	1.4	1000	0.2	30	1000	0.2	0	0
1.744	44.4127	1.4	1000	0.2	30	1000	0.2	0	0
1.745	44.4493	1.4	1000	0.2	30	1000	0.2	0	0
1.746	44.4774	1.4	1000	0.2	30	1000	0.2	0	0
1.747	44.4979	1.4	1000	0.2	30	1000	0.2	0	0
1.748	44.5142	1.4	1000	0.2	30	1000	0.2	0	0
1.749	44.5261	1.4	1000	0.2	30	1000	0.2	0	0
1.75	44.5347	1.4	1000	0.2	30	1000	0.2	0	0
1.751	44.5415	1.4	1000	0.2	30	1000	0.2	0	0
1.752	44.5472	1.4	1000	0.2	30	1000	0.2	0	0
1.753	44.5519	1.4	1000	0.2	30	1000	0.2	0	0
1.754	44.5562	1.4	1000	0.2	30	1000	0.2	0	0
1.755	44.5596	1.4	1000	0.2	30	1000	0.2	0	0
1.756	44.5622	1.4	1000	0.2	30	1000	0.2	0	0
1.757	44.567	1.4	1000	0.2	30	1000	0.2	0	0
1.758	44.5737	1.4	1000	0.2	30	1000	0.2	0	0
1.759	44.5844	1.4	1000	0.2	30	1000	0.2	0	0
1.76	44.6024	1.4	1000	0.2	30	1000	0.2	0	0
1.761	44.6266	1.4	1000	0.2	30	1000	0.2	0	0
1.762	44.6598	1.4	1000	0.2	30	1000	0.2	0	0
1.763	44.7031	1.4	1000	0.2	30	1000	0.2	0	0
1.764	44.7547	1.4	1000	0.2	30	1000	0.2	0	0
1.765	44.8145	1.4	1000	0.2	30	1000	0.2	0	0
1.766	44.8824	1.4	1000	0.2	30	1000	0.2	0	0
1.767	44.9547	1.4	1000	0.2	30	1000	0.2	0	0
1.768	45.0318	1.4	1000	0.2	30	1000	0.2	0	0
1.769	45.1107	1.4	1000	0.2	30	1000	0.2	0	0
1.77	45.1896	1.4	1000	0.2	30	1000	0.2	0	0
1.771	45.2674	1.4	1000	0.2	30	1000	0.2	0	0
1.772	45.3435	1.4	1000	0.2	30	1000	0.2	0	0
1.773	45.4158	1.4	1000	0.2	30	1000	0.2	0	0
1.774	45.4832	1.4	1000	0.2	30	1000	0.2	0	0
1.775	45.5466	1.4	1000	0.2	30	1000	0.2	0	0
1.776	45.6061	1.4	1000	0.2	30	1000	0.2	0	0
1.777	45.6614	1.4	1000	0.2	30	1000	0.2	0	0
1.778	45.7144	1.4	1000	0.2	30	1000	0.2	0	0
1.779	45.7623	1.4	1000	0.2	30	1000	0.2	0	0
1.78	45.8025	1.4	1000	0.2	30	1000	0.2	0	0
1.781	45.8398	1.4	1000	0.2	30	1000	0.2	0	0
1.782	45.8716	1.4	1000	0.2	30	1000	0.2	0	0
1.783	45.8999	1.4	1000	0.2	30	1000	0.2	0	0
1.784	45.9287	1.4	1000	0.2	30	1000	0.2	0	0
1.785	45.9521	1.4	1000	0.2	30	1000	0.2	0	0
1.786	45.9702	1.4	1000	0.2	30	1000	0.2	0	0
1.787	45.9883	1.4	1000	0.2	30	1000	0.2	0	0
1.788	46.0046	1.4	1000	0.2	30	1000	0.2	0	0
1.789	46.0229	1.4	1000	0.2	30	1000	0.2	0	0
1.79	46.0397	1.4	1000	0.2	30	1000	0.2	0	0
1.791	46.0499	1.4	1000	0.2	30	1000	0.2	0	0
1.792	46.0583	1.4	1000	0.2	30	1000	0.2	0	0
1.793	46.0687	1.4	1000	0.2	30	1000	0.2	0	0
1.794	46.0795	1.4	1000	0.2	30	1000	0.2	0	0
1.795	46.0874	1.4	1000	0.2	30	1000	0.2	0	0
1.796	46.0897	1.4	1000	0.2	30	1000	0.2	0	0
1.797	46.0775	1.4	1000	0.2	30	1000	0.2	0	0
1.798	46.065	1.4	1000	0.2	30	1000	0.2	0	0
1.799	46.0394	1.4	1000	0.2	30	1000	0.2	0	0
1.8	46.0003	1.4	1000	0.2	30	1000	0.2	0	0
1.801	45.9473	1.4	1000	0.2	30	1000	0.2	0	0
1.802	45.883	1.4	1000	0.2	30	1000	0.2	0	0
1.803	45.8076	1.4	1000	0.2	30	1000	0.2	0	0
1.804	45.7322	1.4	1000	0.2	30	1000	0.2	0	0
1.805	45.6443	1.4	1000	0.2	30	1000	0.2	0	0
1.806	45.5563	1.4	1000	0.2	30	1000	0.2	0	0
1.807	45.4683	1.4	1000	0.2	30	1000	0.2	0	0
1.808	45.3803	1.4	1000	0.2	30	1000	0.2	0	0
1.809	45.2923	1.4	1000	0.2	30	1000	0.2	0	0
1.81	45.2043	1.4	1000	0.2	30	1000	0.2	0	0
1.811	45.1164	1.4	1000	0.2	30	1000	0.2	0	0
1.812	45.0284	1.4	1000	0.2	30	1000	0.2	0	0
1.813	44.9404	1.4	1000	0.2	30	1000	0.2	0	0
1.814	44.8524	1.4	1000	0.2	30	1000	0.2	0	0
1.815	44.7644	1.4	1000	0.2	30	1000	0.2	0	0
1.816	44.6765	1.4	1000	0.2	30	1000	0.2	0	0
1.817	44.5885	1.4	1000	0.2	30	1000	0.2	0	0
1.818	44.5005	1.4	1000	0.2	30	1000	0.2	0	0
1.819	44.4125	1.4	1000	0.2	30	1000	0.2	0	0
1.82	44.3245	1.4	1000	0.2	30	1000	0.2	0	0
1.821	44.2365	1.4	1000	0.2	30	1000	0.2	0	0
1.822	44.1486	1.4	1000	0.2	30	1000	0.2	0	0
1.823	44.0606	1.4	1000	0.2	30	1000	0.2	0	0
1.824	43.9726	1.4	1000	0.2	30	1000	0.2	0	0
1.825	43.8846	1.4	1000	0.2	30	1000	0.2	0	0
1.826	43.7966	1.4	1000	0.2	30	1000	0.2	0	0
1.827	43.7086	1.4	1000	0.2	30	1000	0.2	0	0
1.828	43.6207	1.4	1000	0.2	30	1000	0.2	0	0
1.829	43.5327	1.4	1000	0.2	30	1000	0.2	0	0
1.83	43.4447	1.4	1000	0.2	30	1000	0.2	0	0
1.831	43.3567	1.4	1000	0.2	30	1000	0.2	0	0
1.832	43.2687	1.4	1000	0.2	30	1000	0.2	0	0
1.833	43.1807	1.4	1000	0.2	30	1000	0.2	0	0
1.834	43.0928	1.4	1000	0.2	30	1000	0.2	0	0
1.835	43.0048	1.4	1000	0.2	30	1000	0.2	0	0
1.836	42.9168	1.4	1000	0.2	30	1000	0.2	0	0
1.837	42.8288	1.4	1000	0.2	30	1000	0.2	0	0
1.838	42.7408	1.4	1000	0.2	30	1000	0.2	0	0
1.839	42.6528	1.4	1000	0.2	30	1000	0.2	0	0
1.84	42.5649	1.4	1000	0.2	30	1000	0.2	0	0
1.841	42.4769	1.4	1000	0.2	30	1000	0.2	0	0
1.842	42.3889	1.4	1000	0.2	30	1000	0.2	0	0
1.843	42.3009	1.4	1000	0.2	30	1000	0.2	0	0
1.844	42.2129	1.4	1000	0.2	30	1000	0.2	0	0
1.845	42.125	1.4	1000	0.2	30	1000	0.2	0	0
1.846	42.037	1.4	1000	0.2	30	1000	0.2	0	0
1.847	41.949	1.4	1000	0.2	30	1000	0.2	0	0
1.848	41.861	1.4	1000	0.2	30	1000	0.2	0	0
1.849	41.773	1.4	1000	0.2	30	1000	0.2	0	0
1.85	41.685	1.4	1000	0.2	30	1000	0.2	0	0
1.851	41.5971	1.4	1000	0.2	30	1000	0.2	0	0
1.852	41.5091	1.4	1000	0.2	30	1000	0.2	0	0
1.853	41.4211	1.4	1000	0.2	30	1000	0.2	0	0
1.854	41.3331	1.4	1000	0.2	30	1000	0.2	0	0
1.855	41.2451	1.4	1000	0.2	30	1000	0.2	0	0
1.856	41.1571	1.4	1000	0.2	30	1000	0.2	0	0
1.857	41.0692	1.4	1000	0.2	30	1000	0.2	0	0
1.858	40.9812	1.4	1000	0.2	30	1000	0.2	0	0
1.859	40.8932	1.4	1000	0.2	30	1000	0.2	0	0
1.86	40.8052	1.4	1000	0.2	30	1000	0.2	0	0
1.861	40.7172	1.4	1000	0.2	30	1000	0.2	0	0
1.862	40.6292	1.4	1000	0.2	30	1000	0.2	0	0
1.863	40.5413	1.4	1000	0.2	30	1000	0.2	0	0
1.864	40.4533	1.4	1000	0.2	30	1000	0.2	0	0
1.865	40.3653	1.4	1000	0.2	30	1000	0.2	0	0
1.866	40.2773	1.4	1000	0.2	30	1000	0.2	0	0
1.867	40.1893	1.4	1000	0.2	30	1000	0.2	0	0
1.868	40.1013	1.4	1000	0.2	30	1000	0.2	0	0
1.869	40.0134	1.4	1000	0.2	30	1000	0.2	0	0
1.87	39.9254	1.4	1000	0.2	30	1000	0.2	0	0
1.871	39.8374	1.4	1000	0.2	30	1000	0.2	0	0
1.872	39.7494	1.4	1000	0.2	30	1000	0.2	0	0
1.873	39.6614	1.4	1000	0.2	30	1000	0.2	0	0
1.874	39.5734	1.4	1000	0.2	30	1000	0.2	0	0
1.875	39.4855	1.4	1000	0.2	30	1000	0.2	0	0
1.876	39.3975	1.4	1000	0.2	30	1000	0.2	0	0
1.877	39.3095	1.4	1000	0.2	30	1000	0.2	0	0
1.878	39.2215	1.4	1000	0.2	30	1000	0.2	0	0
1.879	39.1335	1.4	1000	0.2	30	1000	0.2	0	0
1.88	39.0456	1.4	1000	0.2	30	1000	0.2	0	0
1.881	38.9576	1.4	1000	0.2	30	1000	0.2	0	0
1.882	38.8696	1.4	1000	0.2	30	1000	0.2	0	0
1.883	38.7816	1.4	1000	0.2	30	1000	0.2	0	0
1.884	38.6936	1.4	1000	0.2	30	1000	0.2	0	0
1.885	38.6056	1.4	1000	0.2	30	1000	0.2	0	0
1.886	38.5177	1.4	1000	0.2	30	1000	0.2	0	0
1.887	38.4297	1.4	1000	0.2	30	1000	0.2	0	0
1.888	38.3417	1.4	1000	0.2	30	1000	0.2	0	0
1.889	38.2537	1.4	1000	0.2	30	1000	0.2	0	0
1.89	38.1657	1.4	1000	0.2	30	1000	0.2	0	0
1.891	38.0777	1.4	1000	0.2	30	1000	0.2	0	0
1.892	37.9898	1.4	1000	0.2	30	1000	0.2	0	0
1.893	37.9018	1.4	1000	0.2	30	1000	0.2	0	0
1.894	37.8138	1.4	1000	0.2	30	1000	0.2	0	0
1.895	37.7258	1.4	1000	0.2	30	1000	0.2	0	0
1.896	37.6378	1.4	1000	0.2	30	1000	0.2	0	0
1.897	37.5498	1.4	1000	0.2	30	1000	0.2	0	0
1.898	37.4619	1.4	1000	0.2	30	1000	0.2	0	0
1.899	37.3739	1.4	1000	0.2	30	1000	0.2	0	0
1.9	37.2859	1.4	1000	0.2	30	1000	0.2	0	0
1.901	37.1979	1.4	1000	0.2	30	1000	0.2	0	0
1.902	37.1099	1.4	1000	0.2	30	1000	0.2	0	0
1.903	37.0219	1.4	1000	0.2	30	1000	0.2	0	0
1.904	36.934	1.4	1000	0.2	30	1000	0.2	0	0
1.905	36.846	1.4	1000	0.2	30	1000	0.2	0	0
1.906	36.758	1.4	1000	0.2	30	1000	0.2	0	0
1.907	36.67	1.4	1000	0.2	30	1000	0.2	0	0
1.908	36.582	1.4	1000	0.2	30	1000	0.2	0	0
1.909	36.494	1.4	1000	0.2	30	1000	0.2	0	0
1.91	36.4061	1.4	1000	0.2	30	1000	0.2	0	0
1.911	36.3181	1.4	1000	0.2	30	1000	0.2	0	0
1.912	36.2301	1.4	1000	0.2	30	1000	0.2	0	0
1.913	36.1421	1.4	1000	0.2	30	1000	0.2	0	0
1.914	36.0541	1.4	1000	0.2	30	1000	0.2	0	0
1.915	35.9662	1.4	1000	0.2	30	1000	0.2	0	0
1.916	35.8782	1.4	1000	0.2	30	1000	0.2	0	0
1.917	35.7902	1.4	1000	0.2	30	1000	0.2	0	0
1.918	35.7022	1.4	1000	0.2	30	1000	0.2	0	0
1.919	35.6142	1.4	1000	0.2	30	1000	0.2	0	0
1.92	35.5262	1.4	1000	0.2	30	1000	0.2	0	0
1.921	35.4383	1.4	1000	0.2	30	1000	0.2	0	0
1.922	35.3503	1.4	1000	0.2	30	1000	0.2	0	0
1.923	35.2623	1.4	1000	0.2	30	1000	0.2	0	0
1.924	35.1743	1.4	1000	0.2	30	1000	0.2	0	0
1.925	35.0863	1.4	1000	0.2	30	1000	0.2	0	0
1.926	34.9983	1.4	1000	0.2	30	1000	0.2	0	0
1.927	34.9104	1.4	1000	0.2	30	1000	0.2	0	0
1.928	34.8224	1.4	1000	0.2	30	1000	0.2	0	0
1.929	34.7344	1.4	1000	0.2	30	1000	0.2	0	0
1.93	34.6464	1.4	1000	0.2	30	1000	0.2	0	0
1.931	34.5584	1.4	1000	0.2	30	1000	0.2	0	0
1.932	34.4704	1.4	1000	0.2	30	1000	0.2	0	0
1.933	34.3825	1.4	1000	0.2	30	1000	0.2	0	0
1.934	34.2945	1.4	1000	0.2	30	1000	0.2	0	0
1.935	34.2065	1.4	1000	0.2	30	1000	0.2	0	0
1.936	34.1185	1.4	1000	0.2	30	1000	0.2	0	0
1.937	34.0305	1.4	1000	0.2	30	1000	0.2	0	0
1.938	33.9425	1.4	1000	0.2	30	1000	0.2	0	0
1.939	33.8546	1.4	1000	0.2	30	1000	0.2	0	0
1.94	33.7666	1.4	1000	0.2	30	1000	0.2	0	0
1.941	33.6786	1.4	1000	0.2	30	1000	0.2	0	0
1.942	33.5906	1.4	1000	0.2	30	1000	0.2	0	0
1.943	33.5026	1.4	1000	0.2	30	1000	0.2	0	0
1.944	33.4147	1.4	1000	0.2	30	1000	0.2	0	0
1.945	33.3267	1.4	1000	0.2	30	1000	0.2	0	0
1.946	33.2387	1.4	1000	0.2	30	1000	0.2	0	0
1.947	33.1597	1.4	1000	0.2	30	1000	0.2	0	0
1.948	33.0841	1.4	1000	0.2	30	1000	0.2	0	0
1.949	33.0279	1.4	1000	0.2	30	1000	0.2	0	0
1.95	32.9802	1.4	1000	0.2	30	1000	0.2	0	0
1.951	32.9417	1.4	1000	0.2	30	1000	0.2	0	0
1.952	32.9323	1.4	1000	0.2	30	1000	0.2	0	0
1.953	32.9486	1.4	1000	0.2	30	1000	0.2	0	0
1.954	32.9894	1.4	1000	0.2	30	1000	0.2	0	0
1.955	33.0623	1.4	1000	0.2	30	1000	0.2	0	0
1.956	33.1467	1.4	1000	0.2	30	1000	0.2	0	0
1.957	33.2552	1.4	1000	0.2	30	1000	0.2	0	0
1.958	33.3806	1.4	1000	0.2	30	1000	0.2	0	0
1.959	33.4928	1.4	1000	0.2	30	1000	0.2	0	0
1.96	33.6033	1.4	1000	0.2	30	1000	0.2	0	0
1.961	33.7058	1.4	1000	0.2	30	1000	0.2	0	0
1.962	33.7967	1.4	1000	0.2	30	1000	0.2	0	0
1.963	33.8788	1.4	1000	0.2	30	1000	0.2	0	0
1.964	33.953	1.4	1000	0.2	30	1000	0.2	0	0
1.965	34.0232	1.4	1000	0.2	30	1000	0.2	0	0
1.966	34.0966	1.4	1000	0.2	30	1000	0.2	0	0
1.967	34.1683	1.4	1000	0.2	30	1000	0.2	0	0
1.968	34.2365	1.4	1000	0.2	30	1000	0.2	0	0
1.969	34.3047	1.4	1000	0.2	30	1000	0.2	0	0
1.97	34.3765	1.4	1000	0.2	30	1000	0.2	0	0
1.971	34.4487	1.4	1000	0.2	30	1000	0.2	0	0
1.972	34.5254	1.4	1000	0.2	30	1000	0.2	0	0
1.973	34.6088	1.4	1000	0.2	30	1000	0.2	0	0
1.974	34.6972	1.4	1000	0.2	30	1000	0.2	0	0
1.975	34.7887	1.4	1000	0.2	30	1000	0.2	0	0
1.976	34.8809	1.4	1000	0.2	30	1000	0.2	0	0
1.977	34.9726	1.4	1000	0.2	30	1000	0.2	0	0
1.978	35.0632	1.4	1000	0.2	30	1000	0.2	0	0
1.979	35.15	1.4	1000	0.2	30	1000	0.2	0	0
1.98	35.2335	1.4	1000	0.2	30	1000	0.2	0	0
1.981	35.312	1.4	1000	0.2	30	1000	0.2	0	0
1.982	35.3881	1.4	1000	0.2	30	1000	0.2	0	0
1.983	35.4655	1.4	1000	0.2	30	1000	0.2	0	0
1.984	35.539	1.4	1000	0.2	30	1000	0.2	0	0
1.985	35.6078	1.4	1000	0.2	30	1000	0.2	0	0
1.986	35.6727	1.4	1000	0.2	30	1000	0.2	0	0
1.987	35.7347	1.4	1000	0.2	30	1000	0.2	0	0
1.988	35.7919	1.4	1000	0.2	30	1000	0.2	0	0
1.989	35.8448	1.4	1000	0.2	30	1000	0.2	0	0
1.99	35.894	1.4	1000	0.2	30	1000	0.2	0	0
1.991	35.9405	1.4	1000	0.2	30	1000	0.2	0	0
1.992	35.9822	1.4	1000	0.2	30	1000	0.2	0	0
1.993	36.0225	1.4	1000	0.2	30	1000	0.2	0	0
1.994	36.0633	1.4	1000	0.2	30	1000	0.2	0	0
1.995	36.1049	1.4	1000	0.2	30	1000	0.2	0	0
1.996	36.1443	1.4	1000	0.2	30	1000	0.2	0	0
1.997	36.1809	1.4	1000	0.2	30	1000	0.2	0	0
1.998	36.2196	1.4	1000	0.2	30	1000	0.2	0	0
1.999	36.2649	1.4	1000	0.2	30	1000	0.2	0	0
2	36.3131	1.4	1000	0.2	30	1000	0.2	0	0
2.001	36.3655	1.4	1000	0.2	30	1000	0.2	0	0
2.002	36.4196	1.4	1000	0.2	30	1000	0.2	0	0
2.003	36.4663	1.4	1000	0.2	30	1000	0.2	0	0
2.004	36.514	1.4	1000	0.2	30	1000	0.2	0	0
2.005	36.5659	1.4	1000	0.2	30	1000	0.2	0	0
2.006	36.6193	1.4	1000	0.2	30	1000	0.2	0	0
2.007	36.6807	1.4	1000	0.2	30	1000	0.2	0	0
2.008	36.7388	1.4	1000	0.2	30	1000	0.2	0	0
2.009	36.7918	1.4	1000	0.2	30	1000	0.2	0	0
2.01	36.8531	1.4	1000	0.2	30	1000	0.2	0	0
2.011	36.9071	1.4	1000	0.2	30	1000	0.2	0	0
2.012	36.9525	1.4	1000	0.2	30	1000	0.2	0	0
2.013	36.9936	1.4	1000	0.2	30	1000	0.2	0	0
2.014	37.0282	1.4	1000	0.2	30	1000	0.2	0	0
2.015	37.0581	1.4	1000	0.2	30	1000	0.2	0	0
2.016	37.0887	1.4	1000	0.2	30	1000	0.2	0	0
2.017	37.1176	1.4	1000	0.2	30	1000	0.2	0	0
2.018	37.1447	1.4	1000	0.2	30	1000	0.2	0	0
2.019	37.1713	1.4	1000	0.2	30	1000	0.2	0	0
2.02	37.2002	1.4	1000	0.2	30	1000	0.2	0	0
2.021	37.2226	1.4	1000	0.2	30	1000	0.2	0	0
2.022	37.2442	1.4	1000	0.2	30	1000	0.2	0	0
2.023	37.2632	1.4	1000	0.2	30	1000	0.2	0	0
2.024	37.2781	1.4	1000	0.2	30	1000	0.2	0	0
2.025	37.2892	1.4	1000	0.2	30	1000	0.2	0	0
2.026	37.2954	1.4	1000	0.2	30	1000	0.2	0	0
2.027	37.2927	1.4	1000	0.2	30	1000	0.2	0	0
2.028	37.2845	1.4	1000	0.2	30	1000	0.2	0	0
2.029	37.271	1.4	1000	0.2	30	1000	0.2	0	0
2.03	37.2536	1.4	1000	0.2	30	1000	0.2	0	0
2.031	37.2325	1.4	1000	0.2	30	1000	0.2	0	0
2.032	37.2116	1.4	1000	0.2	30	1000	0.2	0	0
2.033	37.1866	1.4	1000	0.2	30	1000	0.2	0	0
2.034	37.1576	1.4	1000	0.2	30	1000	0.2	0	0
2.035	37.1256	1.4	1000	0.2	30	1000	0.2	0	0
2.036	37.0913	1.4	1000	0.2	30	1000	0.2	0	0
2.037	37.0571	1.4	1000	0.2	30	1000	0.2	0	0
2.038	37.0243	1.4	1000	0.2	30	1000	0.2	0	0
2.039	36.9912	1.4	1000	0.2	30	1000	0.2	0	0
2.04	36.9567	1.4	1000	0.2	30	1000	0.2	0	0
2.041	36.922	1.4	1000	0.2	30	1000	0.2	0	0
2.042	36.8865	1.4	1000	0.2	30	1000	0.2	0	0
2.043	36.8516	1.4	1000	0.2	30	1000	0.2	0	0
2.044	36.8196	1.4	1000	0.2	30	1000	0.2	0	0
2.045	36.7872	1.4	1000	0.2	30	1000	0.2	0	0
2.046	36.7546	1.4	1000	0.2	30	1000	0.2	0	0
2.047	36.7239	1.4	1000	0.2	30	1000	0.2	0	0
2.048	36.6905	1.4	1000	0.2	30	1000	0.2	0	0
2.049	36.6573	1.4	1000	0.2	30	1000	0.2	0	0
2.05	36.6234	1.4	1000	0.2	30	1000	0.2	0	0
2.051	36.5853	1.4	1000	0.2	30	1000	0.2	0	0
2.052	36.5473	1.4	1000	0.2	30	1000	0.2	0	0
2.053	36.5123	1.4	1000	0.2	30	1000	0.2	0	0
2.054	36.4786	1.4	1000	0.2	30	1000	0.2	0	0
2.055	36.4484	1.4	1000	0.2	30	1000	0.2	0	0
2.056	36.4227	1.4	1000	0.2	30	1000	0.2	0	0
2.057	36.402	1.4	1000	0.2	30	1000	0.2	0	0
2.058	36.3836	1.4	1000	0.2	30	1000	0.2	0	0
2.059	36.3661	1.4	1000	0.2	30	1000	0.2	0	0
2.06	36.3507	1.4	1000	0.2	30	1000	0.2	0	0
2.061	36.3372	1.4	1000	0.2	30	1000	0.2	0	0
2.062	36.3274	1.4	1000	0.2	30	1000	0.2	0	0
2.063	36.3233	1.4	1000	0.2	30	1000	0.2	0	0
2.064	36.3206	1.4	1000	0.2	30	1000	0.2	0	0
2.065	36.32	1.4	1000	0.2	30	1000	0.2	0	0
2.066	36.3223	1.4	1000	0.2	30	1000	0.2	0	0
2.067	36.3248	1.4	1000	0.2	30	1000	0.2	0	0
2.068	36.3295	1.4	1000	0.2	30	1000	0.2	0	0
2.069	36.3333	1.4	1000	0.2	30	1000	0.2	0	0
2.07	36.3293	1.4	1000	0.2	30	1000	0.2	0	0
2.071	36.3241	1.4	1000	0.2	30	1000	0.2	0	0
2.072	36.3216	1.4	1000	0.2	30	1000	0.2	0	0
2.073	36.32	1.4	1000	0.2	30	1000	0.2	0	0
2.074	36.3227	1.4	1000	0.2	30	1000	0.2	0	0
2.075	36.3264	1.4	1000	0.2	30	1000	0.2	0	0
2.076	36.3286	1.4	1000	0.2	30	1000	0.2	0	0
2.077	36.3349	1.4	1000	0.2	30	1000	0.2	0	0
2.078	36.3418	1.4	1000	0.2	30	1000	0.2	0	0
2.079	36.3469	1.4	1000	0.2	30	1000	0.2	0	0
2.08	36.3517	1.4	1000	0.2	30	1000	0.2	0	0
2.081	36.3545	1.4	1000	0.2	30	1000	0.2	0	0
2.082	36.3574	1.4	1000	0.2	30	1000	0.2	0	0
2.083	36.3641	1.4	1000	0.2	30	1000	0.2	0	0
2.084	36.3707	1.4	1000	0.2	30	1000	0.2	0	0
2.085	36.3758	1.4	1000	0.2	30	1000	0.2	0	0
2.086	36.3794	1.4	1000	0.2	30	1000	0.2	0	0
2.087	36.3796	1.4	1000	0.2	30	1000	0.2	0	0
2.088	36.3767	1.4	1000	0.2	30	1000	0.2	0	0
2.089	36.3716	1.4	1000	0.2	30	1000	0.2	0	0
2.09	36.365	1.4	1000	0.2	30	1000	0.2	0	0
2.091	36.36	1.4	1000	0.2	30	1000	0.2	0	0
2.092	36.3552	1.4	1000	0.2	30	1000	0.2	0	0
2.093	36.3502	1.4	1000	0.2	30	1000	0.2	0	0
2.094	36.3482	1.4	1000	0.2	30	1000	0.2	0	0
2.095	36.347	1.4	1000	0.2	30	1000	0.2	0	0
2.096	36.3475	1.4	1000	0.2	30	1000	0.2	0	0
2.097	36.3497	1.4	1000	0.2	30	1000	0.2	0	0
2.098	36.3547	1.4	1000	0.2	30	1000	0.2	0	0
2.099	36.3607	1.4	1000	0.2	30	1000	0.2	0	0
2.1	36.3671	1.4	1000	0.2	30	1000	0.2	0	0
2.101	36.3746	1.4	1000	0.2	30	1000	0.2	0	0
2.102	36.3841	1.4	1000	0.2	30	1000	0.2	0	0
2.103	36.3939	1.4	1000	0.2	30	1000	0.2	0	0
2.104	36.4032	1.4	1000	0.2	30	1000	0.2	0	0
2.105	36.4103	1.4	1000	0.2	30	1000	0.2	0	0
2.106	36.4178	1.4	1000	0.2	30	1000	0.2	0	0
2.107	36.427	1.4	1000	0.2	30	1000	0.2	0	0
2.108	36.4377	1.4	1000	0.2	30	1000	0.2	0	0
2.109	36.4482	1.4	1000	0.2	30	1000	0.2	0	0
2.11	36.4578	1.4	1000	0.2	30	1000	0.2	0	0
2.111	36.4664	1.4	1000	0.2	30	1000	0.2	0	0
2.112	36.4735	1.4	1000	0.2	30	1000	0.2	0	0
2.113	36.4788	1.4	1000	0.2	30	1000	0.2	0	0
2.114	36.4835	1.4	1000	0.2	30	1000	0.2	0	0
2.115	36.4856	1.4	1000	0.2	30	1000	0.2	0	0
2.116	36.487	1.4	1000	0.2	30	1000	0.2	0	0
2.117	36.4908	1.4	1000	0.2	30	1000	0.2	0	0
2.118	36.4953	1.4	1000	0.2	30	1000	0.2	0	0
2.119	36.4987	1.4	1000	0.2	30	1000	0.2	0	0
2.12	36.5037	1.4	1000	0.2	30	1000	0.2	0	0
2.121	36.51	1.4	1000	0.2	30	1000	0.2	0	0
2.122	36.5171	1.4	1000	0.2	30	1000	0.2	0	0
2.123	36.5249	1.4	1000	0.2	30	1000	0.2	0	0
2.124	36.532	1.4	1000	0.2	30	1000	0.2	0	0
2.125	36.5398	1.4	1000	0.2	30	1000	0.2	0	0
2.126	36.5489	1.4	1000	0.2	30	1000	0.2	0	0
2.127	36.5566	1.4	1000	0.2	30	1000	0.2	0	0
2.128	36.5633	1.4	1000	0.2	30	1000	0.2	0	0
2.129	36.5699	1.4	1000	0.2	30	1000	0.2	0	0
2.13	36.5748	1.4	1000	0.2	30	1000	0.2	0	0
2.131	36.5786	1.4	1000	0.2	30	1000	0.2	0	0
2.132	36.5823	1.4	1000	0.2	30	1000	0.2	0	0
2.133	36.5863	1.4	1000	0.2	30	1000	0.2	0	0
2.134	36.5907	1.4	1000	0.2	30	1000	0.2	0	0
2.135	36.594	1.4	1000	0.2	30	1000	0.2	0	0
2.136	36.595	1.4	1000	0.2	30	1000	0.2	0	0
2.137	36.5968	1.4	1000	0.2	30	1000	0.2	0	0
2.138	36.5994	1.4	1000	0.2	30	1000	0.2	0	0
2.139	36.6003	1.4	1000	0.2	30	1000	0.2	0	0
2.14	36.6015	1.4	1000	0.2	30	1000	0.2	0	0
2.141	36.6024	1.4	1000	0.2	30	1000	0.2	0	0
2.142	36.5999	1.4	1000	0.2	30	1000	0.2	0	0
2.143	36.5981	1.4	1000	0.2	30	1000	0.2	0	0
2.144	36.5976	1.4	1000	0.2	30	1000	0.2	0	0
2.145	36.5972	1.4	1000	0.2	30	1000	0.2	0	0
2.146	36.5996	1.4	1000	0.2	30	1000	0.2	0	0
2.147	36.6036	1.4	1000	0.2	30	1000	0.2	0	0
2.148	36.6081	1.4	1000	0.2	30	1000	0.2	0	0
2.149	36.615	1.4	1000	0.2	30	1000	0.2	0	0
2.15	36.6228	1.4	1000	0.2	30	1000	0.2	0	0
2.151	36.6282	1.4	1000	0.2	30	1000	0.2	0	0
2.152	36.6324	1.4	1000	0.2	30	1000	0.2	0	0
2.153	36.6364	1.4	1000	0.2	30	1000	0.2	0	0
2.154	36.6373	1.4	1000	0.2	30	1000	0.2	0	0
2.155	36.634	1.4	1000	0.2	30	1000	0.2	0	0
2.156	36.6315	1.4	1000	0.2	30	1000	0.2	0	0
2.157	36.6286	1.4	1000	0.2	30	1000	0.2	0	0
2.158	36.6271	1.4	1000	0.2	30	1000	0.2	0	0
2.159	36.63	1.4	1000	0.2	30	1000	0.2	0	0
2.16	36.6324	1.4	1000	0.2	30	1000	0.2	0	0
2.161	36.6354	1.4	1000	0.2	30	1000	0.2	0	0
2.162	36.6432	1.4	1000	0.2	30	1000	0.2	0	0
2.163	36.6523	1.4	1000	0.2	30	1000	0.2	0	0
2.164	36.6621	1.4	1000	0.2	30	1000	0.2	0	0
2.165	36.6715	1.4	1000	0.2	30	1000	0.2	0	0
2.166	36.6755	1.4	1000	0.2	30	1000	0.2	0	0
2.167	36.6784	1.4	1000	0.2	30	1000	0.2	0	0
2.168	36.6816	1.4	1000	0.2	30	1000	0.2	0	0
2.169	36.6843	1.4	1000	0.2	30	1000	0.2	0	0
2.17	36.6867	1.4	1000	0.2	30	1000	0.2	0	0
2.171	36.6909	1.4	1000	0.2	30	1000	0.2	0	0
2.172	36.6975	1.4	1000	0.2	30	1000	0.2	0	0
2.173	36.7059	1.4	1000	0.2	30	1000	0.2	0	0
2.174	36.7145	1.4	1000	0.2	30	1000	0.2	0	0
2.175	36.7242	1.4	1000	0.2	30	1000	0.2	0	0
2.176	36.7323	1.4	1000	0.2	30	1000	0.2	0	0
2.177	36.741	1.4	1000	0.2	30	1000	0.2	0	0
2.178	36.7535	1.4	1000	0.2	30	1000	0.2	0	0
2.179	36.7657	1.4	1000	0.2	30	1000	0.2	0	0
2.18	36.7779	1.4	1000	0.2	30	1000	0.2	0	0
2.181	36.7907	1.4	1000	0.2	30	1000	0.2	0	0
2.182	36.8028	1.4	1000	0.2	30	1000	0.2	0	0
2.183	36.8169	1.4	1000	0.2	30	1000	0.2	0	0
2.184	36.8307	1.4	1000	0.2	30	1000	0.2	0	0
2.185	36.8394	1.4	1000	0.2	30	1000	0.2	0	0
2.186	36.8459	1.4	1000	0.2	30	1000	0.2	0	0
2.187	36.851	1.4	1000	0.2	30	1000	0.2	0	0
2.188	36.8555	1.4	1000	0.2	30	1000	0.2	0	0
2.189	36.8608	1.4	1000	0.2	30	1000	0.2	0	0
2.19	36.8671	1.4	1000	0.2	30	1000	0.2	0	0
2.191	36.8754	1.4	1000	0.2	30	1000	0.2	0	0
2.192	36.884	1.4	1000	0.2	30	1000	0.2	0	0
2.193	36.892	1.4	1000	0.2	30	1000	0.2	0	0
2.194	36.9021	1.4	1000	0.2	30	1000	0.2	0	0
2.195	36.9128	1.4	1000	0.2	30	1000	0.2	0	0
2.196	36.9236	1.4	1000	0.2	30	1000	0.2	0	0
2.197	36.9375	1.4	1000	0.2	30	1000	0.2	0	0
2.198	36.949	1.4	1000	0.2	30	1000	0.2	0	0
2.199	36.9554	1.4	1000	0.2	30	1000	0.2	0	0
2.2	36.9624	1.4	1000	0.2	30	1000	0.2	0	0
2.201	36.9701	1.4	1000	0.2	30	1000	0.2	0	0
2.202	36.9759	1.4	1000	0.2	30	1000	0.2	0	0
2.203	36.9796	1.4	1000	0.2	30	1000	0.2	0	0
2.204	36.9795	1.4	1000	0.2	30	1000	0.2	0	0
2.205	36.9789	1.4	1000	0.2	30	1000	0.2	0	0
2.206	36.9816	1.4	1000	0.2	30	1000	0.2	0	0
2.207	36.984	1.4	1000	0.2	30	1000	0.2	0	0
2.208	36.9847	1.4	1000	0.2	30	1000	0.2	0	0
2.209	36.9858	1.4	1000	0.2	30	1000	0.2	0	0
2.21	36.9859	1.4	1000	0.2	30	1000	0.2	0	0
2.211	36.9822	1.4	1000	0.2	30	1000	0.2	0	0
2.212	36.975	1.4	1000	0.2	30	1000	0.2	0	0
2.213	36.9668	1.4	1000	0.2	30	1000	0.2	0	0
2.214	36.9544	1.4	1000	0.2	30	1000	0.2	0	0
2.215	36.9394	1.4	1000	0.2	30	1000	0.2	0	0
2.216	36.9269	1.4	1000	0.2	30	1000	0.2	0	0
2.217	36.9132	1.4	1000	0.2	30	1000	0.2	0	0
2.218	36.8966	1.4	1000	0.2	30	1000	0.2	0	0
2.219	36.878	1.4	1000	0.2	30	1000	0.2	0	0
2.22	36.8555	1.4	1000	0.2	30	1000	0.2	0	0
2.221	36.83	1.4	1000	0.2	30	1000	0.2	0	0
2.222	36.7973	1.4	1000	0.2	30	1000	0.2	0	0
2.223	36.7539	1.4	1000	0.2	30	1000	0.2	0	0
2.224	36.7046	1.4	1000	0.2	30	1000	0.2	0	0
2.225	36.6521	1.4	1000	0.2	30	1000	0.2	0	0
2.226	36.5979	1.4	1000	0.2	30	1000	0.2	0	0
2.227	36.5391	1.4	1000	0.2	30	1000	0.2	0	0
2.228	36.474	1.4	1000	0.2	30	1000	0.2	0	0
2.229	36.4054	1.4	1000	0.2	30	1000	0.2	0	0
2.23	36.3322	1.4	1000	0.2	30	1000	0.2	0	0
2.231	36.2528	1.4	1000	0.2	30	1000	0.2	0	0
2.232	36.1655	1.4	1000	0.2	30	1000	0.2	0	0
2.233	36.0695	1.4	1000	0.2	30	1000	0.2	0	0
2.234	35.9663	1.4	1000	0.2	30	1000	0.2	0	0
2.235	35.8569	1.4	1000	0.2	30	1000	0.2	0	0
2.236	35.7418	1.4	1000	0.2	30	1000	0.2	0	0
2.237	35.6218	1.4	1000	0.2	30	1000	0.2	0	0
2.238	35.4975	1.4	1000	0.2	30	1000	0.2	0	0
2.239	35.3708	1.4	1000	0.2	30	1000	0.2	0	0
2.24	35.2376	1.4	1000	0.2	30	1000	0.2	0	0
2.241	35.0965	1.4	1000	0.2	30	1000	0.2	0	0
2.242	34.9533	1.4	1000	0.2	30	1000	0.2	0	0
2.243	34.8064	1.4	1000	0.2	30	1000	0.2	0	0
2.244	34.6542	1.4	1000	0.2	30	1000	0.2	0	0
2.245	34.5004	1.4	1000	0.2	30	1000	0.2	0	0
2.246	34.3435	1.4	1000	0.2	30	1000	0.2	0	0
2.247	34.1837	1.4	1000	0.2	30	1000	0.2	0	0
2.248	34.0254	1.4	1000	0.2	30	1000	0.2	0	0
2.249	33.8659	1.4	1000	0.2	30	1000	0.2	0	0
2.25	33.7051	1.4	1000	0.2	30	1000	0.2	0	0
2.251	33.5438	1.4	1000	0.2	30	1000	0.2	0	0
2.252	33.3788	1.4	1000	0.2	30	1000	0.2	0	0
2.253	33.2106	1.4	1000	0.2	30	1000	0.2	0	0
2.254	33.0427	1.4	1000	0.2	30	1000	0.2	0	0
2.255	32.8712	1.4	1000	0.2	30	1000	0.2	0	0
2.256	32.6997	1.4	1000	0.2	30	1000	0.2	0	0
2.257	32.5339	1.4	1000	0.2	30	1000	0.2	0	0
2.258	32.3712	1.4	1000	0.2	30	1000	0.2	0	0
2.259	32.2134	1.4	1000	0.2	30	1000	0.2	0	0
2.26	32.0622	1.4	1000	0.2	30	1000	0.2	0	0
2.261	31.9161	1.4	1000	0.2	30	1000	0.2	0	0
2.262	31.7766	1.4	1000	0.2	30	1000	0.2	0	0
2.263	31.6403	1.4	1000	0.2	30	1000	0.2	0	0
2.264	31.502	1.4	1000	0.2	30	1000	0.2	0	0
2.265	31.3664	1.4	1000	0.2	30	1000	0.2	0	0
2.266	31.2336	1.4	1000	0.2	30	1000	0.2	0	0
2.267	31.1019	1.4	1000	0.2	30	1000	0.2	0	0
2.268	30.9737	1.4	1000	0.2	30	1000	0.2	0	0
2.269	30.8487	1.4	1000	0.2	30	1000	0.2	0	0
2.27	30.722	1.4	1000	0.2	30	1000	0.2	0	0
2.271	30.5979	1.4	1000	0.2	30	1000	0.2	0	0
2.272	30.4777	1.4	1000	0.2	30	1000	0.2	0	0
2.273	30.3585	1.4	1000	0.2	30	1000	0.2	0	0
2.274	30.2417	1.4	1000	0.2	30	1000	0.2	0	0
2.275	30.126	1.4	1000	0.2	30	1000	0.2	0	0
2.276	30.0128	1.4	1000	0.2	30	1000	0.2	0	0
2.277	29.9068	1.4	1000	0.2	30	1000	0.2	0	0
2.278	29.8044	1.4	1000	0.2	30	1000	0.2	0	0
2.279	29.7025	1.4	1000	0.2	30	1000	0.2	0	0
2.28	29.6048	1.4	1000	0.2	30	1000	0.2	0	0
2.281	29.5075	1.4	1000	0.2	30	1000	0.2	0	0
2.282	29.4051	1.4	1000	0.2	30	1000	0.2	0	0
2.283	29.3034	1.4	1000	0.2	30	1000	0.2	0	0
2.284	29.2051	1.4	1000	0.2	30	1000	0.2	0	0
2.285	29.1035	1.4	1000	0.2	30	1000	0.2	0	0
2.286	28.9974	1.4	1000	0.2	30	1000	0.2	0	0
2.287	28.8873	1.4	1000	0.2	30	1000	0.2	0	0
2.288	28.7731	1.4	1000	0.2	30	1000	0.2	0	0
2.289	28.6598	1.4	1000	0.2	30	1000	0.2	0	0
2.29	28.546	1.4	1000	0.2	30	1000	0.2	0	0
2.291	28.4288	1.4	1000	0.2	30	1000	0.2	0	0
2.292	28.3139	1.4	1000	0.2	30	1000	0.2	0	0
2.293	28.199	1.4	1000	0.2	30	1000	0.2	0	0
2.294	28.0852	1.4	1000	0.2	30	1000	0.2	0	0
2.295	27.9804	1.4	1000	0.2	30	1000	0.2	0	0
2.296	27.8826	1.4	1000	0.2	30	1000	0.2	0	0
2.297	27.7881	1.4	1000	0.2	30	1000	0.2	0	0
2.298	27.6944	1.4	1000	0.2	30	1000	0.2	0	0
2.299	27.6011	1.4	1000	0.2	30	1000	0.2	0	0
2.3	27.5134	1.4	1000	0.2	30	1000	0.2	0	0
2.301	27.4257	1.4	1000	0.2	30	1000	0.2	0	0
2.302	27.3365	1.4	1000	0.2	30	1000	0.2	0	0
2.303	27.2496	1.4	1000	0.2	30	1000	0.2	0	0
2.304	27.1658	1.4	1000	0.2	30	1000	0.2	0	0
2.305	27.0842	1.4	1000	0.2	30	1000	0.2	0	0
2.306	27.013	1.4	1000	0.2	30	1000	0.2	0	0
2.307	26.9556	1.4	1000	0.2	30	1000	0.2	0	0
2.308	26.9154	1.4	1000	0.2	30	1000	0.2	0	0
2.309	26.894	1.4	1000	0.2	30	1000	0.2	0	0
2.31	26.8933	1.4	1000	0.2	30	1000	0.2	0	0
2.311	26.9167	1.4	1000	0.2	30	1000	0.2	0	0
2.312	26.969	1.4	1000	0.2	30	1000	0.2	0	0
2.313	27.049	1.4	1000	0.2	30	1000	0.2	0	0
2.314	27.1505	1.4	1000	0.2	30	1000	0.2	0	0
2.315	27.2749	1.4	1000	0.2	30	1000	0.2	0	0
2.316	27.4153	1.4	1000	0.2	30	1000	0.2	0	0
2.317	27.565	1.4	1000	0.2	30	1000	0.2	0	0
2.318	27.7218	1.4	1000	0.2	30	1000	0.2	0	0
2.319	27.8872	1.4	1000	0.2	30	1000	0.2	0	0
2.32	28.0448	1.4	1000	0.2	30	1000	0.2	0	0
2.321	28.194	1.4	1000	0.2	30	1000	0.2	0	0
2.322	28.3269	1.4	1000	0.2	30	1000	0.2	0	0
2.323	28.4329	1.4	1000	0.2	30	1000	0.2	0	0
2.324	28.5201	1.4	1000	0.2	30	1000	0.2	0	0
2.325	28.5896	1.4	1000	0.2	30	1000	0.2	0	0
2.326	28.6345	1.4	1000	0.2	30	1000	0.2	0	0
2.327	28.6629	1.4	1000	0.2	30	1000	0.2	0	0
2.328	28.6763	1.4	1000	0.2	30	1000	0.2	0	0
2.329	28.6788	1.4	1000	0.2	30	1000	0.2	0	0
2.33	28.6804	1.4	1000	0.2	30	1000	0.2	0	0
2.331	28.6742	1.4	1000	0.2	30	1000	0.2	0	0
2.332	28.6536	1.4	1000	0.2	30	1000	0.2	0	0
2.333	28.6175	1.4	1000	0.2	30	1000	0.2	0	0
2.334	28.5734	1.4	1000	0.2	30	1000	0.2	0	0
2.335	28.5203	1.4	1000	0.2	30	1000	0.2	0	0
2.336	28.4567	1.4	1000	0.2	30	1000	0.2	0	0
2.337	28.385	1.4	1000	0.2	30	1000	0.2	0	0
2.338	28.3046	1.4	1000	0.2	30	1000	0.2	0	0
2.339	28.2225	1.4	1000	0.2	30	1000	0.2	0	0
2.34	28.1449	1.4	1000	0.2	30	1000	0.2	0	0
2.341	28.0666	1.4	1000	0.2	30	1000	0.2	0	0
2.342	27.9918	1.4	1000	0.2	30	1000	0.2	0	0
2.343	27.9177	1.4	1000	0.2	30	1000	0.2	0	0
2.344	27.8415	1.4	1000	0.2	30	1000	0.2	0	0
2.345	27.7716	1.4	1000	0.2	30	1000	0.2	0	0
2.346	27.7028	1.4	1000	0.2	30	1000	0.2	0	0
2.347	27.643	1.4	1000	0.2	30	1000	0.2	0	0
2.348	27.6007	1.4	1000	0.2	30	1000	0.2	0	0
2.349	27.5712	1.4	1000	0.2	30	1000	0.2	0	0
2.35	27.5655	1.4	1000	0.2	30	1000	0.2	0	0
2.351	27.5824	1.4	1000	0.2	30	1000	0.2	0	0
2.352	27.6121	1.4	1000	0.2	30	1000	0.2	0	0
2.353	27.6621	1.4	1000	0.2	30	1000	0.2	0	0
2.354	27.7221	1.4	1000	0.2	30	1000	0.2	0	0
2.355	27.7857	1.4	1000	0.2	30	1000	0.2	0	0
2.356	27.8682	1.4	1000	0.2	30	1000	0.2	0	0
2.357	27.9437	1.4	1000	0.2	30	1000	0.2	0	0
2.358	28.0048	1.4	1000	0.2	30	1000	0.2	0	0
2.359	28.0624	1.4	1000	0.2	30	1000	0.2	0	0
2.36	28.1008	1.4	1000	0.2	30	1000	0.2	0	0
2.361	28.1296	1.4	1000	0.2	30	1000	0.2	0	0
2.362	28.1586	1.4	1000	0.2	30	1000	0.2	0	0
2.363	28.1684	1.4	1000	0.2	30	1000	0.2	0	0
2.364	28.1801	1.4	1000	0.2	30	1000	0.2	0	0
2.365	28.2003	1.4	1000	0.2	30	1000	0.2	0	0
2.366	28.2159	1.4	1000	0.2	30	1000	0.2	0	0
2.367	28.2413	1.4	1000	0.2	30	1000	0.2	0	0
2.368	28.2639	1.4	1000	0.2	30	1000	0.2	0	0
2.369	28.2709	1.4	1000	0.2	30	1000	0.2	0	0
2.37	28.271	1.4	1000	0.2	30	1000	0.2	0	0
2.371	28.2647	1.4	1000	0.2	30	1000	0.2	0	0
2.372	28.2569	1.4	1000	0.2	30	1000	0.2	0	0
2.373	28.2515	1.4	1000	0.2	30	1000	0.2	0	0
2.374	28.2454	1.4	1000	0.2	30	1000	0.2	0	0
2.375	28.2429	1.4	1000	0.2	30	1000	0.2	0	0
2.376	28.2433	1.4	1000	0.2	30	1000	0.2	0	0
2.377	28.2404	1.4	1000	0.2	30	1000	0.2	0	0
2.378	28.2372	1.4	1000	0.2	30	1000	0.2	0	0
2.379	28.2293	1.4	1000	0.2	30	1000	0.2	0	0
2.38	28.2041	1.4	1000	0.2	30	1000	0.2	0	0
2.381	28.1691	1.4	1000	0.2	30	1000	0.2	0	0
2.382	28.1292	1.4	1000	0.2	30	1000	0.2	0	0
2.383	28.0842	1.4	1000	0.2	30	1000	0.2	0	0
2.384	28.0374	1.4	1000	0.2	30	1000	0.2	0	0
2.385	27.9886	1.4	1000	0.2	30	1000	0.2	0	0
2.386	27.9484	1.4	1000	0.2	30	1000	0.2	0	0
2.387	27.9282	1.4	1000	0.2	30	1000	0.2	0	0
2.388	27.9244	1.4	1000	0.2	30	1000	0.2	0	0
2.389	27.9259	1.4	1000	0.2	30	1000	0.2	0	0
2.39	27.9227	1.4	1000	0.2	30	1000	0.2	0	0
2.391	27.9202	1.4	1000	0.2	30	1000	0.2	0	0
2.392	27.9193	1.4	1000	0.2	30	1000	0.2	0	0
2.393	27.9117	1.4	1000	0.2	30	1000	0.2	0	0
2.394	27.901	1.4	1000	0.2	30	1000	0.2	0	0
2.395	27.8784	1.4	1000	0.2	30	1000	0.2	0	0
2.396	27.8672	1.4	1000	0.2	30	1000	0.2	0	0
2.397	27.8613	1.4	1000	0.2	30	1000	0.2	0	0
2.398	27.8461	1.4	1000	0.2	30	1000	0.2	0	0
2.399	27.8411	1.4	1000	0.2	30	1000	0.2	0	0
2.4	27.8345	1.4	1000	0.2	30	1000	0.2	0	0
2.401	27.8103	1.4	1000	0.2	30	1000	0.2	0	0
2.402	27.7816	1.4	1000	0.2	30	1000	0.2	0	0
2.403	27.7215	1.4	1000	0.2	30	1000	0.2	0	0
2.404	27.6488	1.4	1000	0.2	30	1000	0.2	0	0
2.405	27.5915	1.4	1000	0.2	30	1000	0.2	0	0
2.406	27.5183	1.4	1000	0.2	30	1000	0.2	0	0
2.407	27.4416	1.4	1000	0.2	30	1000	0.2	0	0
2.408	27.3891	1.4	1000	0.2	30	1000	0.2	0	0
2.409	27.3311	1.4	1000	0.2	30	1000	0.2	0	0
2.41	27.2781	1.4	1000	0.2	30	1000	0.2	0	0
2.411	27.2516	1.4	1000	0.2	30	1000	0.2	0	0
2.412	27.2257	1.4	1000	0.2	30	1000	0.2	0	0
2.413	27.2073	1.4	1000	0.2	30	1000	0.2	0	0
2.414	27.2059	1.4	1000	0.2	30	1000	0.2	0	0
2.415	27.2196	1.4	1000	0.2	30	1000	0.2	0	0
2.416	27.2439	1.4	1000	0.2	30	1000	0.2	0	0
2.417	27.246	1.4	1000	0.2	30	1000	0.2	0	0
2.418	27.2186	1.4	1000	0.2	30	1000	0.2	0	0
2.419	27.1949	1.4	1000	0.2	30	1000	0.2	0	0
2.42	27.1776	1.4	1000	0.2	30	1000	0.2	0	0
2.421	27.158	1.4	1000	0.2	30	1000	0.2	0	0
2.422	27.1321	1.4	1000	0.2	30	1000	0.2	0	0
2.423	27.0904	1.4	1000	0.2	30	1000	0.2	0	0
2.424	27.0545	1.4	1000	0.2	30	1000	0.2	0	0
2.425	27.0298	1.4	1000	0.2	30	1000	0.2	0	0
2.426	26.9907	1.4	1000	0.2	30	1000	0.2	0	0
2.427	26.9413	1.4	1000	0.2	30	1000	0.2	0	0
2.428	26.8689	1.4	1000	0.2	30	1000	0.2	0	0
2.429	26.7559	1.4	1000	0.2	30	1000	0.2	0	0
2.43	26.6464	1.4	1000	0.2	30	1000	0.2	0	0
2.431	26.5598	1.4	1000	0.2	30	1000	0.2	0	0
2.432	26.4766	1.4	1000	0.2	30	1000	0.2	0	0
2.433	26.3905	1.4	1000	0.2	30	1000	0.2	0	0
2.434	26.3064	1.4	1000	0.2	30	1000	0.2	0	0
2.435	26.2304	1.4	1000	0.2	30	1000	0.2	0	0
2.436	26.1884	1.4	1000	0.2	30	1000	0.2	0	0
2.437	26.1947	1.4	1000	0.2	30	1000	0.2	0	0
2.438	26.2076	1.4	1000	0.2	30	1000	0.2	0	0
2.439	26.2118	1.4	1000	0.2	30	1000	0.2	0	0
2.44	26.2053	1.4	1000	0.2	30	1000	0.2	0	0
2.441	26.1746	1.4	1000	0.2	30	1000	0.2	0	0
2.442	26.1306	1.4	1000	0.2	30	1000	0.2	0	0
2.443	26.0492	1.4	1000	0.2	30	1000	0.2	0	0
2.444	25.9517	1.4	1000	0.2	30	1000	0.2	0	0
2.445	25.8707	1.4	1000	0.2	30	1000	0.2	0	0
2.446	25.7806	1.4	1000	0.2	30	1000	0.2	0	0
2.447	25.7124	1.4	1000	0.2	30	1000	0.2	0	0
2.448	25.6682	1.4	1000	0.2	30	1000	0.2	0	0
2.449	25.6451	1.4	1000	0.2	30	1000	0.2	0	0
2.45	25.6527	1.4	1000	0.2	30	1000	0.2	0	0
