*Name: Bark Coniferous
Type: Pine bark and spruce bark
Particle Size: Solid
Wavelength Range: All

Origin: Remote Sensing Laboratories, University of Zurich

Description: linear spectral mix of 20% pine bark and 80% spruce bark

Measurement: Hemispherical Conical Reflectance Factor HCRF

First Column:  X Wavelength (micrometers)
Second Column:  Y Reflectance (percent)
First X Value: 0.354
Last X Value: 2.45
Number of X Values: 2097
Additional Information:  None*

*Number of Lambda pertinent values : *  2097
*Lambda_min - Lambda_max : *  0.354 2.45
*Hapke parameters : Bo - h - b1 - c1 - b2 - c2 *  1 1 1 1 1 1
*Lambda - Ro - Refraction index - A - Alpha - w_Hapke - A_Hapke_spec - Alpha_Hapke_spec - T_Direct - T_Diffus*
0.354	5.1633	1.4	1000	0.2	30	1000	0.2	0	0
0.355	5.194	1.4	1000	0.2	30	1000	0.2	0	0
0.356	5.2232	1.4	1000	0.2	30	1000	0.2	0	0
0.357	5.2517	1.4	1000	0.2	30	1000	0.2	0	0
0.358	5.2819	1.4	1000	0.2	30	1000	0.2	0	0
0.359	5.314	1.4	1000	0.2	30	1000	0.2	0	0
0.36	5.3456	1.4	1000	0.2	30	1000	0.2	0	0
0.361	5.378	1.4	1000	0.2	30	1000	0.2	0	0
0.362	5.4115	1.4	1000	0.2	30	1000	0.2	0	0
0.363	5.4459	1.4	1000	0.2	30	1000	0.2	0	0
0.364	5.4807	1.4	1000	0.2	30	1000	0.2	0	0
0.365	5.5139	1.4	1000	0.2	30	1000	0.2	0	0
0.366	5.5447	1.4	1000	0.2	30	1000	0.2	0	0
0.367	5.5749	1.4	1000	0.2	30	1000	0.2	0	0
0.368	5.6034	1.4	1000	0.2	30	1000	0.2	0	0
0.369	5.6311	1.4	1000	0.2	30	1000	0.2	0	0
0.37	5.6589	1.4	1000	0.2	30	1000	0.2	0	0
0.371	5.6856	1.4	1000	0.2	30	1000	0.2	0	0
0.372	5.7136	1.4	1000	0.2	30	1000	0.2	0	0
0.373	5.7433	1.4	1000	0.2	30	1000	0.2	0	0
0.374	5.7739	1.4	1000	0.2	30	1000	0.2	0	0
0.375	5.8072	1.4	1000	0.2	30	1000	0.2	0	0
0.376	5.8409	1.4	1000	0.2	30	1000	0.2	0	0
0.377	5.8741	1.4	1000	0.2	30	1000	0.2	0	0
0.378	5.9089	1.4	1000	0.2	30	1000	0.2	0	0
0.379	5.9429	1.4	1000	0.2	30	1000	0.2	0	0
0.38	5.9762	1.4	1000	0.2	30	1000	0.2	0	0
0.381	6.0102	1.4	1000	0.2	30	1000	0.2	0	0
0.382	6.0431	1.4	1000	0.2	30	1000	0.2	0	0
0.383	6.0766	1.4	1000	0.2	30	1000	0.2	0	0
0.384	6.1111	1.4	1000	0.2	30	1000	0.2	0	0
0.385	6.1455	1.4	1000	0.2	30	1000	0.2	0	0
0.386	6.1821	1.4	1000	0.2	30	1000	0.2	0	0
0.387	6.2206	1.4	1000	0.2	30	1000	0.2	0	0
0.388	6.2595	1.4	1000	0.2	30	1000	0.2	0	0
0.389	6.2977	1.4	1000	0.2	30	1000	0.2	0	0
0.39	6.3343	1.4	1000	0.2	30	1000	0.2	0	0
0.391	6.3701	1.4	1000	0.2	30	1000	0.2	0	0
0.392	6.4062	1.4	1000	0.2	30	1000	0.2	0	0
0.393	6.4401	1.4	1000	0.2	30	1000	0.2	0	0
0.394	6.472	1.4	1000	0.2	30	1000	0.2	0	0
0.395	6.5031	1.4	1000	0.2	30	1000	0.2	0	0
0.396	6.535	1.4	1000	0.2	30	1000	0.2	0	0
0.397	6.5668	1.4	1000	0.2	30	1000	0.2	0	0
0.398	6.5972	1.4	1000	0.2	30	1000	0.2	0	0
0.399	6.6256	1.4	1000	0.2	30	1000	0.2	0	0
0.4	6.6515	1.4	1000	0.2	30	1000	0.2	0	0
0.401	6.6753	1.4	1000	0.2	30	1000	0.2	0	0
0.402	6.6973	1.4	1000	0.2	30	1000	0.2	0	0
0.403	6.7175	1.4	1000	0.2	30	1000	0.2	0	0
0.404	6.7369	1.4	1000	0.2	30	1000	0.2	0	0
0.405	6.7558	1.4	1000	0.2	30	1000	0.2	0	0
0.406	6.775	1.4	1000	0.2	30	1000	0.2	0	0
0.407	6.7958	1.4	1000	0.2	30	1000	0.2	0	0
0.408	6.8182	1.4	1000	0.2	30	1000	0.2	0	0
0.409	6.8417	1.4	1000	0.2	30	1000	0.2	0	0
0.41	6.8656	1.4	1000	0.2	30	1000	0.2	0	0
0.411	6.8899	1.4	1000	0.2	30	1000	0.2	0	0
0.412	6.9146	1.4	1000	0.2	30	1000	0.2	0	0
0.413	6.9395	1.4	1000	0.2	30	1000	0.2	0	0
0.414	6.9641	1.4	1000	0.2	30	1000	0.2	0	0
0.415	6.9882	1.4	1000	0.2	30	1000	0.2	0	0
0.416	7.0123	1.4	1000	0.2	30	1000	0.2	0	0
0.417	7.0367	1.4	1000	0.2	30	1000	0.2	0	0
0.418	7.062	1.4	1000	0.2	30	1000	0.2	0	0
0.419	7.0878	1.4	1000	0.2	30	1000	0.2	0	0
0.42	7.1137	1.4	1000	0.2	30	1000	0.2	0	0
0.421	7.1402	1.4	1000	0.2	30	1000	0.2	0	0
0.422	7.167	1.4	1000	0.2	30	1000	0.2	0	0
0.423	7.1939	1.4	1000	0.2	30	1000	0.2	0	0
0.424	7.2209	1.4	1000	0.2	30	1000	0.2	0	0
0.425	7.2476	1.4	1000	0.2	30	1000	0.2	0	0
0.426	7.2742	1.4	1000	0.2	30	1000	0.2	0	0
0.427	7.3016	1.4	1000	0.2	30	1000	0.2	0	0
0.428	7.3296	1.4	1000	0.2	30	1000	0.2	0	0
0.429	7.358	1.4	1000	0.2	30	1000	0.2	0	0
0.43	7.3868	1.4	1000	0.2	30	1000	0.2	0	0
0.431	7.4157	1.4	1000	0.2	30	1000	0.2	0	0
0.432	7.445	1.4	1000	0.2	30	1000	0.2	0	0
0.433	7.4742	1.4	1000	0.2	30	1000	0.2	0	0
0.434	7.5025	1.4	1000	0.2	30	1000	0.2	0	0
0.435	7.5298	1.4	1000	0.2	30	1000	0.2	0	0
0.436	7.5566	1.4	1000	0.2	30	1000	0.2	0	0
0.437	7.5834	1.4	1000	0.2	30	1000	0.2	0	0
0.438	7.6103	1.4	1000	0.2	30	1000	0.2	0	0
0.439	7.6376	1.4	1000	0.2	30	1000	0.2	0	0
0.44	7.6656	1.4	1000	0.2	30	1000	0.2	0	0
0.441	7.6944	1.4	1000	0.2	30	1000	0.2	0	0
0.442	7.7241	1.4	1000	0.2	30	1000	0.2	0	0
0.443	7.7545	1.4	1000	0.2	30	1000	0.2	0	0
0.444	7.7852	1.4	1000	0.2	30	1000	0.2	0	0
0.445	7.8164	1.4	1000	0.2	30	1000	0.2	0	0
0.446	7.8479	1.4	1000	0.2	30	1000	0.2	0	0
0.447	7.8794	1.4	1000	0.2	30	1000	0.2	0	0
0.448	7.911	1.4	1000	0.2	30	1000	0.2	0	0
0.449	7.9427	1.4	1000	0.2	30	1000	0.2	0	0
0.45	7.9744	1.4	1000	0.2	30	1000	0.2	0	0
0.451	8.0059	1.4	1000	0.2	30	1000	0.2	0	0
0.452	8.037	1.4	1000	0.2	30	1000	0.2	0	0
0.453	8.0678	1.4	1000	0.2	30	1000	0.2	0	0
0.454	8.0984	1.4	1000	0.2	30	1000	0.2	0	0
0.455	8.1286	1.4	1000	0.2	30	1000	0.2	0	0
0.456	8.1581	1.4	1000	0.2	30	1000	0.2	0	0
0.457	8.1869	1.4	1000	0.2	30	1000	0.2	0	0
0.458	8.2152	1.4	1000	0.2	30	1000	0.2	0	0
0.459	8.2428	1.4	1000	0.2	30	1000	0.2	0	0
0.46	8.2695	1.4	1000	0.2	30	1000	0.2	0	0
0.461	8.2954	1.4	1000	0.2	30	1000	0.2	0	0
0.462	8.3208	1.4	1000	0.2	30	1000	0.2	0	0
0.463	8.3462	1.4	1000	0.2	30	1000	0.2	0	0
0.464	8.3717	1.4	1000	0.2	30	1000	0.2	0	0
0.465	8.3972	1.4	1000	0.2	30	1000	0.2	0	0
0.466	8.4229	1.4	1000	0.2	30	1000	0.2	0	0
0.467	8.4487	1.4	1000	0.2	30	1000	0.2	0	0
0.468	8.4745	1.4	1000	0.2	30	1000	0.2	0	0
0.469	8.5001	1.4	1000	0.2	30	1000	0.2	0	0
0.47	8.5253	1.4	1000	0.2	30	1000	0.2	0	0
0.471	8.5503	1.4	1000	0.2	30	1000	0.2	0	0
0.472	8.5754	1.4	1000	0.2	30	1000	0.2	0	0
0.473	8.6003	1.4	1000	0.2	30	1000	0.2	0	0
0.474	8.6248	1.4	1000	0.2	30	1000	0.2	0	0
0.475	8.6493	1.4	1000	0.2	30	1000	0.2	0	0
0.476	8.6739	1.4	1000	0.2	30	1000	0.2	0	0
0.477	8.6989	1.4	1000	0.2	30	1000	0.2	0	0
0.478	8.7243	1.4	1000	0.2	30	1000	0.2	0	0
0.479	8.7495	1.4	1000	0.2	30	1000	0.2	0	0
0.48	8.7754	1.4	1000	0.2	30	1000	0.2	0	0
0.481	8.8023	1.4	1000	0.2	30	1000	0.2	0	0
0.482	8.8302	1.4	1000	0.2	30	1000	0.2	0	0
0.483	8.8591	1.4	1000	0.2	30	1000	0.2	0	0
0.484	8.8891	1.4	1000	0.2	30	1000	0.2	0	0
0.485	8.9202	1.4	1000	0.2	30	1000	0.2	0	0
0.486	8.9527	1.4	1000	0.2	30	1000	0.2	0	0
0.487	8.9864	1.4	1000	0.2	30	1000	0.2	0	0
0.488	9.0207	1.4	1000	0.2	30	1000	0.2	0	0
0.489	9.0557	1.4	1000	0.2	30	1000	0.2	0	0
0.49	9.0916	1.4	1000	0.2	30	1000	0.2	0	0
0.491	9.1286	1.4	1000	0.2	30	1000	0.2	0	0
0.492	9.1669	1.4	1000	0.2	30	1000	0.2	0	0
0.493	9.2066	1.4	1000	0.2	30	1000	0.2	0	0
0.494	9.2478	1.4	1000	0.2	30	1000	0.2	0	0
0.495	9.2908	1.4	1000	0.2	30	1000	0.2	0	0
0.496	9.3365	1.4	1000	0.2	30	1000	0.2	0	0
0.497	9.3848	1.4	1000	0.2	30	1000	0.2	0	0
0.498	9.4352	1.4	1000	0.2	30	1000	0.2	0	0
0.499	9.4878	1.4	1000	0.2	30	1000	0.2	0	0
0.5	9.5429	1.4	1000	0.2	30	1000	0.2	0	0
0.501	9.6004	1.4	1000	0.2	30	1000	0.2	0	0
0.502	9.66	1.4	1000	0.2	30	1000	0.2	0	0
0.503	9.7213	1.4	1000	0.2	30	1000	0.2	0	0
0.504	9.7845	1.4	1000	0.2	30	1000	0.2	0	0
0.505	9.8497	1.4	1000	0.2	30	1000	0.2	0	0
0.506	9.9167	1.4	1000	0.2	30	1000	0.2	0	0
0.507	9.9852	1.4	1000	0.2	30	1000	0.2	0	0
0.508	10.0557	1.4	1000	0.2	30	1000	0.2	0	0
0.509	10.1283	1.4	1000	0.2	30	1000	0.2	0	0
0.51	10.2027	1.4	1000	0.2	30	1000	0.2	0	0
0.511	10.2789	1.4	1000	0.2	30	1000	0.2	0	0
0.512	10.3569	1.4	1000	0.2	30	1000	0.2	0	0
0.513	10.4371	1.4	1000	0.2	30	1000	0.2	0	0
0.514	10.519	1.4	1000	0.2	30	1000	0.2	0	0
0.515	10.602	1.4	1000	0.2	30	1000	0.2	0	0
0.516	10.6858	1.4	1000	0.2	30	1000	0.2	0	0
0.517	10.77	1.4	1000	0.2	30	1000	0.2	0	0
0.518	10.8536	1.4	1000	0.2	30	1000	0.2	0	0
0.519	10.9354	1.4	1000	0.2	30	1000	0.2	0	0
0.52	11.0152	1.4	1000	0.2	30	1000	0.2	0	0
0.521	11.0929	1.4	1000	0.2	30	1000	0.2	0	0
0.522	11.1688	1.4	1000	0.2	30	1000	0.2	0	0
0.523	11.2431	1.4	1000	0.2	30	1000	0.2	0	0
0.524	11.3158	1.4	1000	0.2	30	1000	0.2	0	0
0.525	11.3871	1.4	1000	0.2	30	1000	0.2	0	0
0.526	11.4574	1.4	1000	0.2	30	1000	0.2	0	0
0.527	11.5263	1.4	1000	0.2	30	1000	0.2	0	0
0.528	11.5932	1.4	1000	0.2	30	1000	0.2	0	0
0.529	11.658	1.4	1000	0.2	30	1000	0.2	0	0
0.53	11.7206	1.4	1000	0.2	30	1000	0.2	0	0
0.531	11.7814	1.4	1000	0.2	30	1000	0.2	0	0
0.532	11.8404	1.4	1000	0.2	30	1000	0.2	0	0
0.533	11.8978	1.4	1000	0.2	30	1000	0.2	0	0
0.534	11.9537	1.4	1000	0.2	30	1000	0.2	0	0
0.535	12.0085	1.4	1000	0.2	30	1000	0.2	0	0
0.536	12.0624	1.4	1000	0.2	30	1000	0.2	0	0
0.537	12.1153	1.4	1000	0.2	30	1000	0.2	0	0
0.538	12.1672	1.4	1000	0.2	30	1000	0.2	0	0
0.539	12.2182	1.4	1000	0.2	30	1000	0.2	0	0
0.54	12.2684	1.4	1000	0.2	30	1000	0.2	0	0
0.541	12.3177	1.4	1000	0.2	30	1000	0.2	0	0
0.542	12.3663	1.4	1000	0.2	30	1000	0.2	0	0
0.543	12.4142	1.4	1000	0.2	30	1000	0.2	0	0
0.544	12.4613	1.4	1000	0.2	30	1000	0.2	0	0
0.545	12.5077	1.4	1000	0.2	30	1000	0.2	0	0
0.546	12.5535	1.4	1000	0.2	30	1000	0.2	0	0
0.547	12.5988	1.4	1000	0.2	30	1000	0.2	0	0
0.548	12.6435	1.4	1000	0.2	30	1000	0.2	0	0
0.549	12.6878	1.4	1000	0.2	30	1000	0.2	0	0
0.55	12.7316	1.4	1000	0.2	30	1000	0.2	0	0
0.551	12.7748	1.4	1000	0.2	30	1000	0.2	0	0
0.552	12.8172	1.4	1000	0.2	30	1000	0.2	0	0
0.553	12.8588	1.4	1000	0.2	30	1000	0.2	0	0
0.554	12.8997	1.4	1000	0.2	30	1000	0.2	0	0
0.555	12.9399	1.4	1000	0.2	30	1000	0.2	0	0
0.556	12.9787	1.4	1000	0.2	30	1000	0.2	0	0
0.557	13.0161	1.4	1000	0.2	30	1000	0.2	0	0
0.558	13.0519	1.4	1000	0.2	30	1000	0.2	0	0
0.559	13.0858	1.4	1000	0.2	30	1000	0.2	0	0
0.56	13.1175	1.4	1000	0.2	30	1000	0.2	0	0
0.561	13.147	1.4	1000	0.2	30	1000	0.2	0	0
0.562	13.1745	1.4	1000	0.2	30	1000	0.2	0	0
0.563	13.2004	1.4	1000	0.2	30	1000	0.2	0	0
0.564	13.2247	1.4	1000	0.2	30	1000	0.2	0	0
0.565	13.2477	1.4	1000	0.2	30	1000	0.2	0	0
0.566	13.2694	1.4	1000	0.2	30	1000	0.2	0	0
0.567	13.2903	1.4	1000	0.2	30	1000	0.2	0	0
0.568	13.3104	1.4	1000	0.2	30	1000	0.2	0	0
0.569	13.3298	1.4	1000	0.2	30	1000	0.2	0	0
0.57	13.3488	1.4	1000	0.2	30	1000	0.2	0	0
0.571	13.3673	1.4	1000	0.2	30	1000	0.2	0	0
0.572	13.3858	1.4	1000	0.2	30	1000	0.2	0	0
0.573	13.4048	1.4	1000	0.2	30	1000	0.2	0	0
0.574	13.4245	1.4	1000	0.2	30	1000	0.2	0	0
0.575	13.445	1.4	1000	0.2	30	1000	0.2	0	0
0.576	13.4661	1.4	1000	0.2	30	1000	0.2	0	0
0.577	13.4878	1.4	1000	0.2	30	1000	0.2	0	0
0.578	13.5101	1.4	1000	0.2	30	1000	0.2	0	0
0.579	13.5328	1.4	1000	0.2	30	1000	0.2	0	0
0.58	13.5559	1.4	1000	0.2	30	1000	0.2	0	0
0.581	13.5794	1.4	1000	0.2	30	1000	0.2	0	0
0.582	13.6033	1.4	1000	0.2	30	1000	0.2	0	0
0.583	13.6279	1.4	1000	0.2	30	1000	0.2	0	0
0.584	13.6536	1.4	1000	0.2	30	1000	0.2	0	0
0.585	13.6805	1.4	1000	0.2	30	1000	0.2	0	0
0.586	13.7084	1.4	1000	0.2	30	1000	0.2	0	0
0.587	13.7373	1.4	1000	0.2	30	1000	0.2	0	0
0.588	13.7666	1.4	1000	0.2	30	1000	0.2	0	0
0.589	13.7963	1.4	1000	0.2	30	1000	0.2	0	0
0.59	13.8263	1.4	1000	0.2	30	1000	0.2	0	0
0.591	13.8561	1.4	1000	0.2	30	1000	0.2	0	0
0.592	13.886	1.4	1000	0.2	30	1000	0.2	0	0
0.593	13.9162	1.4	1000	0.2	30	1000	0.2	0	0
0.594	13.947	1.4	1000	0.2	30	1000	0.2	0	0
0.595	13.9785	1.4	1000	0.2	30	1000	0.2	0	0
0.596	14.0107	1.4	1000	0.2	30	1000	0.2	0	0
0.597	14.0436	1.4	1000	0.2	30	1000	0.2	0	0
0.598	14.077	1.4	1000	0.2	30	1000	0.2	0	0
0.599	14.1106	1.4	1000	0.2	30	1000	0.2	0	0
0.6	14.144	1.4	1000	0.2	30	1000	0.2	0	0
0.601	14.1772	1.4	1000	0.2	30	1000	0.2	0	0
0.602	14.2102	1.4	1000	0.2	30	1000	0.2	0	0
0.603	14.2433	1.4	1000	0.2	30	1000	0.2	0	0
0.604	14.2767	1.4	1000	0.2	30	1000	0.2	0	0
0.605	14.3105	1.4	1000	0.2	30	1000	0.2	0	0
0.606	14.3447	1.4	1000	0.2	30	1000	0.2	0	0
0.607	14.3795	1.4	1000	0.2	30	1000	0.2	0	0
0.608	14.4146	1.4	1000	0.2	30	1000	0.2	0	0
0.609	14.4498	1.4	1000	0.2	30	1000	0.2	0	0
0.61	14.4845	1.4	1000	0.2	30	1000	0.2	0	0
0.611	14.5184	1.4	1000	0.2	30	1000	0.2	0	0
0.612	14.5514	1.4	1000	0.2	30	1000	0.2	0	0
0.613	14.5834	1.4	1000	0.2	30	1000	0.2	0	0
0.614	14.6144	1.4	1000	0.2	30	1000	0.2	0	0
0.615	14.6445	1.4	1000	0.2	30	1000	0.2	0	0
0.616	14.674	1.4	1000	0.2	30	1000	0.2	0	0
0.617	14.7033	1.4	1000	0.2	30	1000	0.2	0	0
0.618	14.7329	1.4	1000	0.2	30	1000	0.2	0	0
0.619	14.7631	1.4	1000	0.2	30	1000	0.2	0	0
0.62	14.7947	1.4	1000	0.2	30	1000	0.2	0	0
0.621	14.8282	1.4	1000	0.2	30	1000	0.2	0	0
0.622	14.8636	1.4	1000	0.2	30	1000	0.2	0	0
0.623	14.9007	1.4	1000	0.2	30	1000	0.2	0	0
0.624	14.9392	1.4	1000	0.2	30	1000	0.2	0	0
0.625	14.9791	1.4	1000	0.2	30	1000	0.2	0	0
0.626	15.0197	1.4	1000	0.2	30	1000	0.2	0	0
0.627	15.0609	1.4	1000	0.2	30	1000	0.2	0	0
0.628	15.1019	1.4	1000	0.2	30	1000	0.2	0	0
0.629	15.1419	1.4	1000	0.2	30	1000	0.2	0	0
0.63	15.1811	1.4	1000	0.2	30	1000	0.2	0	0
0.631	15.2189	1.4	1000	0.2	30	1000	0.2	0	0
0.632	15.2552	1.4	1000	0.2	30	1000	0.2	0	0
0.633	15.2894	1.4	1000	0.2	30	1000	0.2	0	0
0.634	15.3205	1.4	1000	0.2	30	1000	0.2	0	0
0.635	15.3481	1.4	1000	0.2	30	1000	0.2	0	0
0.636	15.3716	1.4	1000	0.2	30	1000	0.2	0	0
0.637	15.3912	1.4	1000	0.2	30	1000	0.2	0	0
0.638	15.4066	1.4	1000	0.2	30	1000	0.2	0	0
0.639	15.4177	1.4	1000	0.2	30	1000	0.2	0	0
0.64	15.424	1.4	1000	0.2	30	1000	0.2	0	0
0.641	15.426	1.4	1000	0.2	30	1000	0.2	0	0
0.642	15.4249	1.4	1000	0.2	30	1000	0.2	0	0
0.643	15.4223	1.4	1000	0.2	30	1000	0.2	0	0
0.644	15.4192	1.4	1000	0.2	30	1000	0.2	0	0
0.645	15.4167	1.4	1000	0.2	30	1000	0.2	0	0
0.646	15.4168	1.4	1000	0.2	30	1000	0.2	0	0
0.647	15.4208	1.4	1000	0.2	30	1000	0.2	0	0
0.648	15.4301	1.4	1000	0.2	30	1000	0.2	0	0
0.649	15.4456	1.4	1000	0.2	30	1000	0.2	0	0
0.65	15.4681	1.4	1000	0.2	30	1000	0.2	0	0
0.651	15.4976	1.4	1000	0.2	30	1000	0.2	0	0
0.652	15.5334	1.4	1000	0.2	30	1000	0.2	0	0
0.653	15.5732	1.4	1000	0.2	30	1000	0.2	0	0
0.654	15.6144	1.4	1000	0.2	30	1000	0.2	0	0
0.655	15.6536	1.4	1000	0.2	30	1000	0.2	0	0
0.656	15.688	1.4	1000	0.2	30	1000	0.2	0	0
0.657	15.7155	1.4	1000	0.2	30	1000	0.2	0	0
0.658	15.7349	1.4	1000	0.2	30	1000	0.2	0	0
0.659	15.746	1.4	1000	0.2	30	1000	0.2	0	0
0.66	15.7495	1.4	1000	0.2	30	1000	0.2	0	0
0.661	15.7476	1.4	1000	0.2	30	1000	0.2	0	0
0.662	15.743	1.4	1000	0.2	30	1000	0.2	0	0
0.663	15.7377	1.4	1000	0.2	30	1000	0.2	0	0
0.664	15.7332	1.4	1000	0.2	30	1000	0.2	0	0
0.665	15.731	1.4	1000	0.2	30	1000	0.2	0	0
0.666	15.7323	1.4	1000	0.2	30	1000	0.2	0	0
0.667	15.7385	1.4	1000	0.2	30	1000	0.2	0	0
0.668	15.7507	1.4	1000	0.2	30	1000	0.2	0	0
0.669	15.7695	1.4	1000	0.2	30	1000	0.2	0	0
0.67	15.7958	1.4	1000	0.2	30	1000	0.2	0	0
0.671	15.8297	1.4	1000	0.2	30	1000	0.2	0	0
0.672	15.8708	1.4	1000	0.2	30	1000	0.2	0	0
0.673	15.9189	1.4	1000	0.2	30	1000	0.2	0	0
0.674	15.9735	1.4	1000	0.2	30	1000	0.2	0	0
0.675	16.0338	1.4	1000	0.2	30	1000	0.2	0	0
0.676	16.0998	1.4	1000	0.2	30	1000	0.2	0	0
0.677	16.1714	1.4	1000	0.2	30	1000	0.2	0	0
0.678	16.2493	1.4	1000	0.2	30	1000	0.2	0	0
0.679	16.3356	1.4	1000	0.2	30	1000	0.2	0	0
0.68	16.4322	1.4	1000	0.2	30	1000	0.2	0	0
0.681	16.5419	1.4	1000	0.2	30	1000	0.2	0	0
0.682	16.6689	1.4	1000	0.2	30	1000	0.2	0	0
0.683	16.8184	1.4	1000	0.2	30	1000	0.2	0	0
0.684	16.9957	1.4	1000	0.2	30	1000	0.2	0	0
0.685	17.2025	1.4	1000	0.2	30	1000	0.2	0	0
0.686	17.436	1.4	1000	0.2	30	1000	0.2	0	0
0.687	17.6927	1.4	1000	0.2	30	1000	0.2	0	0
0.688	17.9714	1.4	1000	0.2	30	1000	0.2	0	0
0.689	18.2687	1.4	1000	0.2	30	1000	0.2	0	0
0.69	18.5803	1.4	1000	0.2	30	1000	0.2	0	0
0.691	18.9005	1.4	1000	0.2	30	1000	0.2	0	0
0.692	19.2248	1.4	1000	0.2	30	1000	0.2	0	0
0.693	19.5506	1.4	1000	0.2	30	1000	0.2	0	0
0.694	19.8758	1.4	1000	0.2	30	1000	0.2	0	0
0.695	20.1976	1.4	1000	0.2	30	1000	0.2	0	0
0.696	20.5141	1.4	1000	0.2	30	1000	0.2	0	0
0.697	20.823	1.4	1000	0.2	30	1000	0.2	0	0
0.698	21.1214	1.4	1000	0.2	30	1000	0.2	0	0
0.699	21.4086	1.4	1000	0.2	30	1000	0.2	0	0
0.7	21.685	1.4	1000	0.2	30	1000	0.2	0	0
0.701	21.9513	1.4	1000	0.2	30	1000	0.2	0	0
0.702	22.2075	1.4	1000	0.2	30	1000	0.2	0	0
0.703	22.4528	1.4	1000	0.2	30	1000	0.2	0	0
0.704	22.6871	1.4	1000	0.2	30	1000	0.2	0	0
0.705	22.9117	1.4	1000	0.2	30	1000	0.2	0	0
0.706	23.1278	1.4	1000	0.2	30	1000	0.2	0	0
0.707	23.337	1.4	1000	0.2	30	1000	0.2	0	0
0.708	23.5405	1.4	1000	0.2	30	1000	0.2	0	0
0.709	23.7388	1.4	1000	0.2	30	1000	0.2	0	0
0.71	23.9323	1.4	1000	0.2	30	1000	0.2	0	0
0.711	24.1214	1.4	1000	0.2	30	1000	0.2	0	0
0.712	24.3069	1.4	1000	0.2	30	1000	0.2	0	0
0.713	24.4904	1.4	1000	0.2	30	1000	0.2	0	0
0.714	24.6748	1.4	1000	0.2	30	1000	0.2	0	0
0.715	24.8614	1.4	1000	0.2	30	1000	0.2	0	0
0.716	25.049	1.4	1000	0.2	30	1000	0.2	0	0
0.717	25.2329	1.4	1000	0.2	30	1000	0.2	0	0
0.718	25.4097	1.4	1000	0.2	30	1000	0.2	0	0
0.719	25.5789	1.4	1000	0.2	30	1000	0.2	0	0
0.72	25.7424	1.4	1000	0.2	30	1000	0.2	0	0
0.721	25.9006	1.4	1000	0.2	30	1000	0.2	0	0
0.722	26.0525	1.4	1000	0.2	30	1000	0.2	0	0
0.723	26.1976	1.4	1000	0.2	30	1000	0.2	0	0
0.724	26.3402	1.4	1000	0.2	30	1000	0.2	0	0
0.725	26.4841	1.4	1000	0.2	30	1000	0.2	0	0
0.726	26.6297	1.4	1000	0.2	30	1000	0.2	0	0
0.727	26.7733	1.4	1000	0.2	30	1000	0.2	0	0
0.728	26.9115	1.4	1000	0.2	30	1000	0.2	0	0
0.729	27.0436	1.4	1000	0.2	30	1000	0.2	0	0
0.73	27.1715	1.4	1000	0.2	30	1000	0.2	0	0
0.731	27.2964	1.4	1000	0.2	30	1000	0.2	0	0
0.732	27.419	1.4	1000	0.2	30	1000	0.2	0	0
0.733	27.5405	1.4	1000	0.2	30	1000	0.2	0	0
0.734	27.661	1.4	1000	0.2	30	1000	0.2	0	0
0.735	27.7813	1.4	1000	0.2	30	1000	0.2	0	0
0.736	27.9022	1.4	1000	0.2	30	1000	0.2	0	0
0.737	28.024	1.4	1000	0.2	30	1000	0.2	0	0
0.738	28.146	1.4	1000	0.2	30	1000	0.2	0	0
0.739	28.2672	1.4	1000	0.2	30	1000	0.2	0	0
0.74	28.3866	1.4	1000	0.2	30	1000	0.2	0	0
0.741	28.5044	1.4	1000	0.2	30	1000	0.2	0	0
0.742	28.621	1.4	1000	0.2	30	1000	0.2	0	0
0.743	28.7368	1.4	1000	0.2	30	1000	0.2	0	0
0.744	28.852	1.4	1000	0.2	30	1000	0.2	0	0
0.745	28.9669	1.4	1000	0.2	30	1000	0.2	0	0
0.746	29.0816	1.4	1000	0.2	30	1000	0.2	0	0
0.747	29.1965	1.4	1000	0.2	30	1000	0.2	0	0
0.748	29.3118	1.4	1000	0.2	30	1000	0.2	0	0
0.749	29.4269	1.4	1000	0.2	30	1000	0.2	0	0
0.75	29.5412	1.4	1000	0.2	30	1000	0.2	0	0
0.751	29.6549	1.4	1000	0.2	30	1000	0.2	0	0
0.752	29.7681	1.4	1000	0.2	30	1000	0.2	0	0
0.753	29.8806	1.4	1000	0.2	30	1000	0.2	0	0
0.754	29.9933	1.4	1000	0.2	30	1000	0.2	0	0
0.755	30.1074	1.4	1000	0.2	30	1000	0.2	0	0
0.756	30.2294	1.4	1000	0.2	30	1000	0.2	0	0
0.757	30.3769	1.4	1000	0.2	30	1000	0.2	0	0
0.758	30.5511	1.4	1000	0.2	30	1000	0.2	0	0
0.759	30.7183	1.4	1000	0.2	30	1000	0.2	0	0
0.76	30.8763	1.4	1000	0.2	30	1000	0.2	0	0
0.761	31.0244	1.4	1000	0.2	30	1000	0.2	0	0
0.762	31.1609	1.4	1000	0.2	30	1000	0.2	0	0
0.763	31.2786	1.4	1000	0.2	30	1000	0.2	0	0
0.764	31.363	1.4	1000	0.2	30	1000	0.2	0	0
0.765	31.4154	1.4	1000	0.2	30	1000	0.2	0	0
0.766	31.4721	1.4	1000	0.2	30	1000	0.2	0	0
0.767	31.536	1.4	1000	0.2	30	1000	0.2	0	0
0.768	31.6082	1.4	1000	0.2	30	1000	0.2	0	0
0.769	31.6894	1.4	1000	0.2	30	1000	0.2	0	0
0.77	31.7806	1.4	1000	0.2	30	1000	0.2	0	0
0.771	31.8795	1.4	1000	0.2	30	1000	0.2	0	0
0.772	31.9834	1.4	1000	0.2	30	1000	0.2	0	0
0.773	32.0895	1.4	1000	0.2	30	1000	0.2	0	0
0.774	32.1969	1.4	1000	0.2	30	1000	0.2	0	0
0.775	32.3048	1.4	1000	0.2	30	1000	0.2	0	0
0.776	32.4128	1.4	1000	0.2	30	1000	0.2	0	0
0.777	32.5214	1.4	1000	0.2	30	1000	0.2	0	0
0.778	32.6303	1.4	1000	0.2	30	1000	0.2	0	0
0.779	32.7389	1.4	1000	0.2	30	1000	0.2	0	0
0.78	32.8477	1.4	1000	0.2	30	1000	0.2	0	0
0.781	32.9568	1.4	1000	0.2	30	1000	0.2	0	0
0.782	33.0661	1.4	1000	0.2	30	1000	0.2	0	0
0.783	33.1756	1.4	1000	0.2	30	1000	0.2	0	0
0.784	33.2851	1.4	1000	0.2	30	1000	0.2	0	0
0.785	33.395	1.4	1000	0.2	30	1000	0.2	0	0
0.786	33.5056	1.4	1000	0.2	30	1000	0.2	0	0
0.787	33.6167	1.4	1000	0.2	30	1000	0.2	0	0
0.788	33.7278	1.4	1000	0.2	30	1000	0.2	0	0
0.789	33.8385	1.4	1000	0.2	30	1000	0.2	0	0
0.79	33.9494	1.4	1000	0.2	30	1000	0.2	0	0
0.791	34.0601	1.4	1000	0.2	30	1000	0.2	0	0
0.792	34.1701	1.4	1000	0.2	30	1000	0.2	0	0
0.793	34.2798	1.4	1000	0.2	30	1000	0.2	0	0
0.794	34.3888	1.4	1000	0.2	30	1000	0.2	0	0
0.795	34.4972	1.4	1000	0.2	30	1000	0.2	0	0
0.796	34.6057	1.4	1000	0.2	30	1000	0.2	0	0
0.797	34.7142	1.4	1000	0.2	30	1000	0.2	0	0
0.798	34.823	1.4	1000	0.2	30	1000	0.2	0	0
0.799	34.9321	1.4	1000	0.2	30	1000	0.2	0	0
0.8	35.0407	1.4	1000	0.2	30	1000	0.2	0	0
0.801	35.1493	1.4	1000	0.2	30	1000	0.2	0	0
0.802	35.2582	1.4	1000	0.2	30	1000	0.2	0	0
0.803	35.367	1.4	1000	0.2	30	1000	0.2	0	0
0.804	35.4751	1.4	1000	0.2	30	1000	0.2	0	0
0.805	35.5828	1.4	1000	0.2	30	1000	0.2	0	0
0.806	35.6911	1.4	1000	0.2	30	1000	0.2	0	0
0.807	35.8	1.4	1000	0.2	30	1000	0.2	0	0
0.808	35.9097	1.4	1000	0.2	30	1000	0.2	0	0
0.809	36.0207	1.4	1000	0.2	30	1000	0.2	0	0
0.81	36.1335	1.4	1000	0.2	30	1000	0.2	0	0
0.811	36.249	1.4	1000	0.2	30	1000	0.2	0	0
0.812	36.3673	1.4	1000	0.2	30	1000	0.2	0	0
0.813	36.487	1.4	1000	0.2	30	1000	0.2	0	0
0.814	36.6069	1.4	1000	0.2	30	1000	0.2	0	0
0.815	36.7253	1.4	1000	0.2	30	1000	0.2	0	0
0.816	36.841	1.4	1000	0.2	30	1000	0.2	0	0
0.817	36.9531	1.4	1000	0.2	30	1000	0.2	0	0
0.818	37.0608	1.4	1000	0.2	30	1000	0.2	0	0
0.819	37.1659	1.4	1000	0.2	30	1000	0.2	0	0
0.82	37.2716	1.4	1000	0.2	30	1000	0.2	0	0
0.821	37.3762	1.4	1000	0.2	30	1000	0.2	0	0
0.822	37.477	1.4	1000	0.2	30	1000	0.2	0	0
0.823	37.5781	1.4	1000	0.2	30	1000	0.2	0	0
0.824	37.6809	1.4	1000	0.2	30	1000	0.2	0	0
0.825	37.7864	1.4	1000	0.2	30	1000	0.2	0	0
0.826	37.8916	1.4	1000	0.2	30	1000	0.2	0	0
0.827	37.9931	1.4	1000	0.2	30	1000	0.2	0	0
0.828	38.0937	1.4	1000	0.2	30	1000	0.2	0	0
0.829	38.1979	1.4	1000	0.2	30	1000	0.2	0	0
0.83	38.3031	1.4	1000	0.2	30	1000	0.2	0	0
0.831	38.4073	1.4	1000	0.2	30	1000	0.2	0	0
0.832	38.5092	1.4	1000	0.2	30	1000	0.2	0	0
0.833	38.6099	1.4	1000	0.2	30	1000	0.2	0	0
0.834	38.71	1.4	1000	0.2	30	1000	0.2	0	0
0.835	38.8102	1.4	1000	0.2	30	1000	0.2	0	0
0.836	38.9102	1.4	1000	0.2	30	1000	0.2	0	0
0.837	39.0094	1.4	1000	0.2	30	1000	0.2	0	0
0.838	39.1087	1.4	1000	0.2	30	1000	0.2	0	0
0.839	39.2089	1.4	1000	0.2	30	1000	0.2	0	0
0.84	39.3095	1.4	1000	0.2	30	1000	0.2	0	0
0.841	39.4103	1.4	1000	0.2	30	1000	0.2	0	0
0.842	39.5113	1.4	1000	0.2	30	1000	0.2	0	0
0.843	39.6126	1.4	1000	0.2	30	1000	0.2	0	0
0.844	39.7138	1.4	1000	0.2	30	1000	0.2	0	0
0.845	39.815	1.4	1000	0.2	30	1000	0.2	0	0
0.846	39.9165	1.4	1000	0.2	30	1000	0.2	0	0
0.847	40.0184	1.4	1000	0.2	30	1000	0.2	0	0
0.848	40.1206	1.4	1000	0.2	30	1000	0.2	0	0
0.849	40.2221	1.4	1000	0.2	30	1000	0.2	0	0
0.85	40.3232	1.4	1000	0.2	30	1000	0.2	0	0
0.851	40.4252	1.4	1000	0.2	30	1000	0.2	0	0
0.852	40.5279	1.4	1000	0.2	30	1000	0.2	0	0
0.853	40.6288	1.4	1000	0.2	30	1000	0.2	0	0
0.854	40.7276	1.4	1000	0.2	30	1000	0.2	0	0
0.855	40.8252	1.4	1000	0.2	30	1000	0.2	0	0
0.856	40.9231	1.4	1000	0.2	30	1000	0.2	0	0
0.857	41.0211	1.4	1000	0.2	30	1000	0.2	0	0
0.858	41.1178	1.4	1000	0.2	30	1000	0.2	0	0
0.859	41.2132	1.4	1000	0.2	30	1000	0.2	0	0
0.86	41.3096	1.4	1000	0.2	30	1000	0.2	0	0
0.861	41.4068	1.4	1000	0.2	30	1000	0.2	0	0
0.862	41.5053	1.4	1000	0.2	30	1000	0.2	0	0
0.863	41.6051	1.4	1000	0.2	30	1000	0.2	0	0
0.864	41.7052	1.4	1000	0.2	30	1000	0.2	0	0
0.865	41.8051	1.4	1000	0.2	30	1000	0.2	0	0
0.866	41.9042	1.4	1000	0.2	30	1000	0.2	0	0
0.867	42.0028	1.4	1000	0.2	30	1000	0.2	0	0
0.868	42.1015	1.4	1000	0.2	30	1000	0.2	0	0
0.869	42.1991	1.4	1000	0.2	30	1000	0.2	0	0
0.87	42.2945	1.4	1000	0.2	30	1000	0.2	0	0
0.871	42.3896	1.4	1000	0.2	30	1000	0.2	0	0
0.872	42.485	1.4	1000	0.2	30	1000	0.2	0	0
0.873	42.5808	1.4	1000	0.2	30	1000	0.2	0	0
0.874	42.6767	1.4	1000	0.2	30	1000	0.2	0	0
0.875	42.7728	1.4	1000	0.2	30	1000	0.2	0	0
0.876	42.8698	1.4	1000	0.2	30	1000	0.2	0	0
0.877	42.968	1.4	1000	0.2	30	1000	0.2	0	0
0.878	43.0652	1.4	1000	0.2	30	1000	0.2	0	0
0.879	43.1624	1.4	1000	0.2	30	1000	0.2	0	0
0.88	43.2603	1.4	1000	0.2	30	1000	0.2	0	0
0.881	43.3585	1.4	1000	0.2	30	1000	0.2	0	0
0.882	43.4561	1.4	1000	0.2	30	1000	0.2	0	0
0.883	43.5532	1.4	1000	0.2	30	1000	0.2	0	0
0.884	43.6498	1.4	1000	0.2	30	1000	0.2	0	0
0.885	43.7474	1.4	1000	0.2	30	1000	0.2	0	0
0.886	43.8446	1.4	1000	0.2	30	1000	0.2	0	0
0.887	43.9405	1.4	1000	0.2	30	1000	0.2	0	0
0.888	44.0361	1.4	1000	0.2	30	1000	0.2	0	0
0.889	44.1317	1.4	1000	0.2	30	1000	0.2	0	0
0.89	44.2273	1.4	1000	0.2	30	1000	0.2	0	0
0.891	44.3232	1.4	1000	0.2	30	1000	0.2	0	0
0.892	44.4182	1.4	1000	0.2	30	1000	0.2	0	0
0.893	44.5146	1.4	1000	0.2	30	1000	0.2	0	0
0.894	44.6132	1.4	1000	0.2	30	1000	0.2	0	0
0.895	44.7116	1.4	1000	0.2	30	1000	0.2	0	0
0.896	44.8104	1.4	1000	0.2	30	1000	0.2	0	0
0.897	44.9094	1.4	1000	0.2	30	1000	0.2	0	0
0.898	45.0078	1.4	1000	0.2	30	1000	0.2	0	0
0.899	45.1053	1.4	1000	0.2	30	1000	0.2	0	0
0.9	45.2001	1.4	1000	0.2	30	1000	0.2	0	0
0.901	45.2919	1.4	1000	0.2	30	1000	0.2	0	0
0.902	45.3821	1.4	1000	0.2	30	1000	0.2	0	0
0.903	45.471	1.4	1000	0.2	30	1000	0.2	0	0
0.904	45.5595	1.4	1000	0.2	30	1000	0.2	0	0
0.905	45.6489	1.4	1000	0.2	30	1000	0.2	0	0
0.906	45.7394	1.4	1000	0.2	30	1000	0.2	0	0
0.907	45.8312	1.4	1000	0.2	30	1000	0.2	0	0
0.908	45.9241	1.4	1000	0.2	30	1000	0.2	0	0
0.909	46.0172	1.4	1000	0.2	30	1000	0.2	0	0
0.91	46.1103	1.4	1000	0.2	30	1000	0.2	0	0
0.911	46.2027	1.4	1000	0.2	30	1000	0.2	0	0
0.912	46.294	1.4	1000	0.2	30	1000	0.2	0	0
0.913	46.3847	1.4	1000	0.2	30	1000	0.2	0	0
0.914	46.4742	1.4	1000	0.2	30	1000	0.2	0	0
0.915	46.5626	1.4	1000	0.2	30	1000	0.2	0	0
0.916	46.6508	1.4	1000	0.2	30	1000	0.2	0	0
0.917	46.738	1.4	1000	0.2	30	1000	0.2	0	0
0.918	46.8241	1.4	1000	0.2	30	1000	0.2	0	0
0.919	46.909	1.4	1000	0.2	30	1000	0.2	0	0
0.92	46.9927	1.4	1000	0.2	30	1000	0.2	0	0
0.921	47.0767	1.4	1000	0.2	30	1000	0.2	0	0
0.922	47.1615	1.4	1000	0.2	30	1000	0.2	0	0
0.923	47.2468	1.4	1000	0.2	30	1000	0.2	0	0
0.924	47.3312	1.4	1000	0.2	30	1000	0.2	0	0
0.925	47.4148	1.4	1000	0.2	30	1000	0.2	0	0
0.926	47.4988	1.4	1000	0.2	30	1000	0.2	0	0
0.927	47.5836	1.4	1000	0.2	30	1000	0.2	0	0
0.928	47.6655	1.4	1000	0.2	30	1000	0.2	0	0
0.929	47.7465	1.4	1000	0.2	30	1000	0.2	0	0
0.93	47.8314	1.4	1000	0.2	30	1000	0.2	0	0
0.931	47.9197	1.4	1000	0.2	30	1000	0.2	0	0
0.932	48.0118	1.4	1000	0.2	30	1000	0.2	0	0
0.933	48.1063	1.4	1000	0.2	30	1000	0.2	0	0
0.934	48.2003	1.4	1000	0.2	30	1000	0.2	0	0
0.935	48.2935	1.4	1000	0.2	30	1000	0.2	0	0
0.936	48.3862	1.4	1000	0.2	30	1000	0.2	0	0
0.937	48.475	1.4	1000	0.2	30	1000	0.2	0	0
0.938	48.5595	1.4	1000	0.2	30	1000	0.2	0	0
0.939	48.6373	1.4	1000	0.2	30	1000	0.2	0	0
0.94	48.711	1.4	1000	0.2	30	1000	0.2	0	0
0.941	48.7862	1.4	1000	0.2	30	1000	0.2	0	0
0.942	48.8671	1.4	1000	0.2	30	1000	0.2	0	0
0.943	48.949	1.4	1000	0.2	30	1000	0.2	0	0
0.944	49.0285	1.4	1000	0.2	30	1000	0.2	0	0
0.945	49.1078	1.4	1000	0.2	30	1000	0.2	0	0
0.946	49.1907	1.4	1000	0.2	30	1000	0.2	0	0
0.947	49.274	1.4	1000	0.2	30	1000	0.2	0	0
0.948	49.3531	1.4	1000	0.2	30	1000	0.2	0	0
0.949	49.4276	1.4	1000	0.2	30	1000	0.2	0	0
0.95	49.5032	1.4	1000	0.2	30	1000	0.2	0	0
0.951	49.5803	1.4	1000	0.2	30	1000	0.2	0	0
0.952	49.6566	1.4	1000	0.2	30	1000	0.2	0	0
0.953	49.7302	1.4	1000	0.2	30	1000	0.2	0	0
0.954	49.8047	1.4	1000	0.2	30	1000	0.2	0	0
0.955	49.8811	1.4	1000	0.2	30	1000	0.2	0	0
0.956	49.9576	1.4	1000	0.2	30	1000	0.2	0	0
0.957	50.0321	1.4	1000	0.2	30	1000	0.2	0	0
0.958	50.1044	1.4	1000	0.2	30	1000	0.2	0	0
0.959	50.1778	1.4	1000	0.2	30	1000	0.2	0	0
0.96	50.2542	1.4	1000	0.2	30	1000	0.2	0	0
0.961	50.3299	1.4	1000	0.2	30	1000	0.2	0	0
0.962	50.4046	1.4	1000	0.2	30	1000	0.2	0	0
0.963	50.481	1.4	1000	0.2	30	1000	0.2	0	0
0.964	50.5602	1.4	1000	0.2	30	1000	0.2	0	0
0.965	50.6384	1.4	1000	0.2	30	1000	0.2	0	0
0.966	50.7144	1.4	1000	0.2	30	1000	0.2	0	0
0.967	50.7874	1.4	1000	0.2	30	1000	0.2	0	0
0.968	50.8595	1.4	1000	0.2	30	1000	0.2	0	0
0.969	50.9304	1.4	1000	0.2	30	1000	0.2	0	0
0.97	50.9979	1.4	1000	0.2	30	1000	0.2	0	0
0.971	51.0594	1.4	1000	0.2	30	1000	0.2	0	0
0.972	51.1223	1.4	1000	0.2	30	1000	0.2	0	0
0.973	51.1861	1.4	1000	0.2	30	1000	0.2	0	0
0.974	51.2505	1.4	1000	0.2	30	1000	0.2	0	0
0.975	51.3172	1.4	1000	0.2	30	1000	0.2	0	0
0.976	51.3864	1.4	1000	0.2	30	1000	0.2	0	0
0.977	51.4571	1.4	1000	0.2	30	1000	0.2	0	0
0.978	51.5291	1.4	1000	0.2	30	1000	0.2	0	0
0.979	51.6026	1.4	1000	0.2	30	1000	0.2	0	0
0.98	51.6766	1.4	1000	0.2	30	1000	0.2	0	0
0.981	51.7498	1.4	1000	0.2	30	1000	0.2	0	0
0.982	51.8199	1.4	1000	0.2	30	1000	0.2	0	0
0.983	51.8882	1.4	1000	0.2	30	1000	0.2	0	0
0.984	51.9566	1.4	1000	0.2	30	1000	0.2	0	0
0.985	52.0255	1.4	1000	0.2	30	1000	0.2	0	0
0.986	52.0925	1.4	1000	0.2	30	1000	0.2	0	0
0.987	52.1573	1.4	1000	0.2	30	1000	0.2	0	0
0.988	52.2215	1.4	1000	0.2	30	1000	0.2	0	0
0.989	52.285	1.4	1000	0.2	30	1000	0.2	0	0
0.99	52.3475	1.4	1000	0.2	30	1000	0.2	0	0
0.991	52.4118	1.4	1000	0.2	30	1000	0.2	0	0
0.992	52.4757	1.4	1000	0.2	30	1000	0.2	0	0
0.993	52.5384	1.4	1000	0.2	30	1000	0.2	0	0
0.994	52.6021	1.4	1000	0.2	30	1000	0.2	0	0
0.995	52.6672	1.4	1000	0.2	30	1000	0.2	0	0
0.996	52.7307	1.4	1000	0.2	30	1000	0.2	0	0
0.997	52.7932	1.4	1000	0.2	30	1000	0.2	0	0
0.998	52.8442	1.4	1000	0.2	30	1000	0.2	0	0
0.999	52.8967	1.4	1000	0.2	30	1000	0.2	0	0
1	52.952	1.4	1000	0.2	30	1000	0.2	0	0
1.001	53.0112	1.4	1000	0.2	30	1000	0.2	0	0
1.002	53.0716	1.4	1000	0.2	30	1000	0.2	0	0
1.003	53.1344	1.4	1000	0.2	30	1000	0.2	0	0
1.004	53.1994	1.4	1000	0.2	30	1000	0.2	0	0
1.005	53.2743	1.4	1000	0.2	30	1000	0.2	0	0
1.006	53.3479	1.4	1000	0.2	30	1000	0.2	0	0
1.007	53.4221	1.4	1000	0.2	30	1000	0.2	0	0
1.008	53.4959	1.4	1000	0.2	30	1000	0.2	0	0
1.009	53.5697	1.4	1000	0.2	30	1000	0.2	0	0
1.01	53.6445	1.4	1000	0.2	30	1000	0.2	0	0
1.011	53.7194	1.4	1000	0.2	30	1000	0.2	0	0
1.012	53.7939	1.4	1000	0.2	30	1000	0.2	0	0
1.013	53.8688	1.4	1000	0.2	30	1000	0.2	0	0
1.014	53.9429	1.4	1000	0.2	30	1000	0.2	0	0
1.015	54.0162	1.4	1000	0.2	30	1000	0.2	0	0
1.016	54.0898	1.4	1000	0.2	30	1000	0.2	0	0
1.017	54.1631	1.4	1000	0.2	30	1000	0.2	0	0
1.018	54.2368	1.4	1000	0.2	30	1000	0.2	0	0
1.019	54.3112	1.4	1000	0.2	30	1000	0.2	0	0
1.02	54.3851	1.4	1000	0.2	30	1000	0.2	0	0
1.021	54.4585	1.4	1000	0.2	30	1000	0.2	0	0
1.022	54.5322	1.4	1000	0.2	30	1000	0.2	0	0
1.023	54.6056	1.4	1000	0.2	30	1000	0.2	0	0
1.024	54.6792	1.4	1000	0.2	30	1000	0.2	0	0
1.025	54.7525	1.4	1000	0.2	30	1000	0.2	0	0
1.026	54.8259	1.4	1000	0.2	30	1000	0.2	0	0
1.027	54.8994	1.4	1000	0.2	30	1000	0.2	0	0
1.028	54.9728	1.4	1000	0.2	30	1000	0.2	0	0
1.029	55.0456	1.4	1000	0.2	30	1000	0.2	0	0
1.03	55.1178	1.4	1000	0.2	30	1000	0.2	0	0
1.031	55.1886	1.4	1000	0.2	30	1000	0.2	0	0
1.032	55.2588	1.4	1000	0.2	30	1000	0.2	0	0
1.033	55.3285	1.4	1000	0.2	30	1000	0.2	0	0
1.034	55.398	1.4	1000	0.2	30	1000	0.2	0	0
1.035	55.467	1.4	1000	0.2	30	1000	0.2	0	0
1.036	55.5358	1.4	1000	0.2	30	1000	0.2	0	0
1.037	55.604	1.4	1000	0.2	30	1000	0.2	0	0
1.038	55.6724	1.4	1000	0.2	30	1000	0.2	0	0
1.039	55.7411	1.4	1000	0.2	30	1000	0.2	0	0
1.04	55.8098	1.4	1000	0.2	30	1000	0.2	0	0
1.041	55.8789	1.4	1000	0.2	30	1000	0.2	0	0
1.042	55.949	1.4	1000	0.2	30	1000	0.2	0	0
1.043	56.0194	1.4	1000	0.2	30	1000	0.2	0	0
1.044	56.0908	1.4	1000	0.2	30	1000	0.2	0	0
1.045	56.1624	1.4	1000	0.2	30	1000	0.2	0	0
1.046	56.2335	1.4	1000	0.2	30	1000	0.2	0	0
1.047	56.3042	1.4	1000	0.2	30	1000	0.2	0	0
1.048	56.3739	1.4	1000	0.2	30	1000	0.2	0	0
1.049	56.4425	1.4	1000	0.2	30	1000	0.2	0	0
1.05	56.5108	1.4	1000	0.2	30	1000	0.2	0	0
1.051	56.5782	1.4	1000	0.2	30	1000	0.2	0	0
1.052	56.6457	1.4	1000	0.2	30	1000	0.2	0	0
1.053	56.7134	1.4	1000	0.2	30	1000	0.2	0	0
1.054	56.781	1.4	1000	0.2	30	1000	0.2	0	0
1.055	56.849	1.4	1000	0.2	30	1000	0.2	0	0
1.056	56.9168	1.4	1000	0.2	30	1000	0.2	0	0
1.057	56.984	1.4	1000	0.2	30	1000	0.2	0	0
1.058	57.0509	1.4	1000	0.2	30	1000	0.2	0	0
1.059	57.1176	1.4	1000	0.2	30	1000	0.2	0	0
1.06	57.1844	1.4	1000	0.2	30	1000	0.2	0	0
1.061	57.2516	1.4	1000	0.2	30	1000	0.2	0	0
1.062	57.3189	1.4	1000	0.2	30	1000	0.2	0	0
1.063	57.3863	1.4	1000	0.2	30	1000	0.2	0	0
1.064	57.4537	1.4	1000	0.2	30	1000	0.2	0	0
1.065	57.5214	1.4	1000	0.2	30	1000	0.2	0	0
1.066	57.5883	1.4	1000	0.2	30	1000	0.2	0	0
1.067	57.6552	1.4	1000	0.2	30	1000	0.2	0	0
1.068	57.7217	1.4	1000	0.2	30	1000	0.2	0	0
1.069	57.7877	1.4	1000	0.2	30	1000	0.2	0	0
1.07	57.8537	1.4	1000	0.2	30	1000	0.2	0	0
1.071	57.9194	1.4	1000	0.2	30	1000	0.2	0	0
1.072	57.9843	1.4	1000	0.2	30	1000	0.2	0	0
1.073	58.0497	1.4	1000	0.2	30	1000	0.2	0	0
1.074	58.1146	1.4	1000	0.2	30	1000	0.2	0	0
1.075	58.1789	1.4	1000	0.2	30	1000	0.2	0	0
1.076	58.2436	1.4	1000	0.2	30	1000	0.2	0	0
1.077	58.3079	1.4	1000	0.2	30	1000	0.2	0	0
1.078	58.3722	1.4	1000	0.2	30	1000	0.2	0	0
1.079	58.4367	1.4	1000	0.2	30	1000	0.2	0	0
1.08	58.5002	1.4	1000	0.2	30	1000	0.2	0	0
1.081	58.5634	1.4	1000	0.2	30	1000	0.2	0	0
1.082	58.6263	1.4	1000	0.2	30	1000	0.2	0	0
1.083	58.6883	1.4	1000	0.2	30	1000	0.2	0	0
1.084	58.7499	1.4	1000	0.2	30	1000	0.2	0	0
1.085	58.8116	1.4	1000	0.2	30	1000	0.2	0	0
1.086	58.8732	1.4	1000	0.2	30	1000	0.2	0	0
1.087	58.9345	1.4	1000	0.2	30	1000	0.2	0	0
1.088	58.9961	1.4	1000	0.2	30	1000	0.2	0	0
1.089	59.0575	1.4	1000	0.2	30	1000	0.2	0	0
1.09	59.1186	1.4	1000	0.2	30	1000	0.2	0	0
1.091	59.1795	1.4	1000	0.2	30	1000	0.2	0	0
1.092	59.2387	1.4	1000	0.2	30	1000	0.2	0	0
1.093	59.2968	1.4	1000	0.2	30	1000	0.2	0	0
1.094	59.3549	1.4	1000	0.2	30	1000	0.2	0	0
1.095	59.4119	1.4	1000	0.2	30	1000	0.2	0	0
1.096	59.4682	1.4	1000	0.2	30	1000	0.2	0	0
1.097	59.5246	1.4	1000	0.2	30	1000	0.2	0	0
1.098	59.58	1.4	1000	0.2	30	1000	0.2	0	0
1.099	59.6352	1.4	1000	0.2	30	1000	0.2	0	0
1.1	59.6896	1.4	1000	0.2	30	1000	0.2	0	0
1.101	59.7425	1.4	1000	0.2	30	1000	0.2	0	0
1.102	59.7941	1.4	1000	0.2	30	1000	0.2	0	0
1.103	59.8439	1.4	1000	0.2	30	1000	0.2	0	0
1.104	59.8914	1.4	1000	0.2	30	1000	0.2	0	0
1.105	59.9366	1.4	1000	0.2	30	1000	0.2	0	0
1.106	59.9791	1.4	1000	0.2	30	1000	0.2	0	0
1.107	60.0189	1.4	1000	0.2	30	1000	0.2	0	0
1.108	60.0551	1.4	1000	0.2	30	1000	0.2	0	0
1.109	60.0871	1.4	1000	0.2	30	1000	0.2	0	0
1.11	60.115	1.4	1000	0.2	30	1000	0.2	0	0
1.111	60.1369	1.4	1000	0.2	30	1000	0.2	0	0
1.112	60.1536	1.4	1000	0.2	30	1000	0.2	0	0
1.113	60.1664	1.4	1000	0.2	30	1000	0.2	0	0
1.114	60.1751	1.4	1000	0.2	30	1000	0.2	0	0
1.115	60.1814	1.4	1000	0.2	30	1000	0.2	0	0
1.116	60.1866	1.4	1000	0.2	30	1000	0.2	0	0
1.117	60.1918	1.4	1000	0.2	30	1000	0.2	0	0
1.118	60.1995	1.4	1000	0.2	30	1000	0.2	0	0
1.119	60.2112	1.4	1000	0.2	30	1000	0.2	0	0
1.12	60.2274	1.4	1000	0.2	30	1000	0.2	0	0
1.121	60.249	1.4	1000	0.2	30	1000	0.2	0	0
1.122	60.2741	1.4	1000	0.2	30	1000	0.2	0	0
1.123	60.3013	1.4	1000	0.2	30	1000	0.2	0	0
1.124	60.3311	1.4	1000	0.2	30	1000	0.2	0	0
1.125	60.3636	1.4	1000	0.2	30	1000	0.2	0	0
1.126	60.4007	1.4	1000	0.2	30	1000	0.2	0	0
1.127	60.4416	1.4	1000	0.2	30	1000	0.2	0	0
1.128	60.4838	1.4	1000	0.2	30	1000	0.2	0	0
1.129	60.5273	1.4	1000	0.2	30	1000	0.2	0	0
1.13	60.5718	1.4	1000	0.2	30	1000	0.2	0	0
1.131	60.6152	1.4	1000	0.2	30	1000	0.2	0	0
1.132	60.6561	1.4	1000	0.2	30	1000	0.2	0	0
1.133	60.6906	1.4	1000	0.2	30	1000	0.2	0	0
1.134	60.719	1.4	1000	0.2	30	1000	0.2	0	0
1.135	60.7437	1.4	1000	0.2	30	1000	0.2	0	0
1.136	60.7655	1.4	1000	0.2	30	1000	0.2	0	0
1.137	60.7843	1.4	1000	0.2	30	1000	0.2	0	0
1.138	60.8022	1.4	1000	0.2	30	1000	0.2	0	0
1.139	60.8159	1.4	1000	0.2	30	1000	0.2	0	0
1.14	60.8266	1.4	1000	0.2	30	1000	0.2	0	0
1.141	60.8344	1.4	1000	0.2	30	1000	0.2	0	0
1.142	60.8369	1.4	1000	0.2	30	1000	0.2	0	0
1.143	60.8356	1.4	1000	0.2	30	1000	0.2	0	0
1.144	60.8313	1.4	1000	0.2	30	1000	0.2	0	0
1.145	60.8226	1.4	1000	0.2	30	1000	0.2	0	0
1.146	60.8136	1.4	1000	0.2	30	1000	0.2	0	0
1.147	60.8032	1.4	1000	0.2	30	1000	0.2	0	0
1.148	60.7908	1.4	1000	0.2	30	1000	0.2	0	0
1.149	60.7802	1.4	1000	0.2	30	1000	0.2	0	0
1.15	60.7697	1.4	1000	0.2	30	1000	0.2	0	0
1.151	60.761	1.4	1000	0.2	30	1000	0.2	0	0
1.152	60.7544	1.4	1000	0.2	30	1000	0.2	0	0
1.153	60.7488	1.4	1000	0.2	30	1000	0.2	0	0
1.154	60.7454	1.4	1000	0.2	30	1000	0.2	0	0
1.155	60.7442	1.4	1000	0.2	30	1000	0.2	0	0
1.156	60.7436	1.4	1000	0.2	30	1000	0.2	0	0
1.157	60.7442	1.4	1000	0.2	30	1000	0.2	0	0
1.158	60.7446	1.4	1000	0.2	30	1000	0.2	0	0
1.159	60.7447	1.4	1000	0.2	30	1000	0.2	0	0
1.16	60.7446	1.4	1000	0.2	30	1000	0.2	0	0
1.161	60.7444	1.4	1000	0.2	30	1000	0.2	0	0
1.162	60.744	1.4	1000	0.2	30	1000	0.2	0	0
1.163	60.7434	1.4	1000	0.2	30	1000	0.2	0	0
1.164	60.7431	1.4	1000	0.2	30	1000	0.2	0	0
1.165	60.7429	1.4	1000	0.2	30	1000	0.2	0	0
1.166	60.7436	1.4	1000	0.2	30	1000	0.2	0	0
1.167	60.7452	1.4	1000	0.2	30	1000	0.2	0	0
1.168	60.7473	1.4	1000	0.2	30	1000	0.2	0	0
1.169	60.7499	1.4	1000	0.2	30	1000	0.2	0	0
1.17	60.7519	1.4	1000	0.2	30	1000	0.2	0	0
1.171	60.7538	1.4	1000	0.2	30	1000	0.2	0	0
1.172	60.7561	1.4	1000	0.2	30	1000	0.2	0	0
1.173	60.7579	1.4	1000	0.2	30	1000	0.2	0	0
1.174	60.7598	1.4	1000	0.2	30	1000	0.2	0	0
1.175	60.7614	1.4	1000	0.2	30	1000	0.2	0	0
1.176	60.7624	1.4	1000	0.2	30	1000	0.2	0	0
1.177	60.7626	1.4	1000	0.2	30	1000	0.2	0	0
1.178	60.7619	1.4	1000	0.2	30	1000	0.2	0	0
1.179	60.7603	1.4	1000	0.2	30	1000	0.2	0	0
1.18	60.7585	1.4	1000	0.2	30	1000	0.2	0	0
1.181	60.7568	1.4	1000	0.2	30	1000	0.2	0	0
1.182	60.756	1.4	1000	0.2	30	1000	0.2	0	0
1.183	60.7564	1.4	1000	0.2	30	1000	0.2	0	0
1.184	60.7592	1.4	1000	0.2	30	1000	0.2	0	0
1.185	60.7643	1.4	1000	0.2	30	1000	0.2	0	0
1.186	60.7717	1.4	1000	0.2	30	1000	0.2	0	0
1.187	60.7814	1.4	1000	0.2	30	1000	0.2	0	0
1.188	60.7921	1.4	1000	0.2	30	1000	0.2	0	0
1.189	60.8041	1.4	1000	0.2	30	1000	0.2	0	0
1.19	60.8172	1.4	1000	0.2	30	1000	0.2	0	0
1.191	60.8307	1.4	1000	0.2	30	1000	0.2	0	0
1.192	60.8451	1.4	1000	0.2	30	1000	0.2	0	0
1.193	60.8608	1.4	1000	0.2	30	1000	0.2	0	0
1.194	60.8773	1.4	1000	0.2	30	1000	0.2	0	0
1.195	60.895	1.4	1000	0.2	30	1000	0.2	0	0
1.196	60.9142	1.4	1000	0.2	30	1000	0.2	0	0
1.197	60.9351	1.4	1000	0.2	30	1000	0.2	0	0
1.198	60.9578	1.4	1000	0.2	30	1000	0.2	0	0
1.199	60.9822	1.4	1000	0.2	30	1000	0.2	0	0
1.2	61.0084	1.4	1000	0.2	30	1000	0.2	0	0
1.201	61.0364	1.4	1000	0.2	30	1000	0.2	0	0
1.202	61.0672	1.4	1000	0.2	30	1000	0.2	0	0
1.203	61.1007	1.4	1000	0.2	30	1000	0.2	0	0
1.204	61.1362	1.4	1000	0.2	30	1000	0.2	0	0
1.205	61.1755	1.4	1000	0.2	30	1000	0.2	0	0
1.206	61.2181	1.4	1000	0.2	30	1000	0.2	0	0
1.207	61.2633	1.4	1000	0.2	30	1000	0.2	0	0
1.208	61.3123	1.4	1000	0.2	30	1000	0.2	0	0
1.209	61.3642	1.4	1000	0.2	30	1000	0.2	0	0
1.21	61.4193	1.4	1000	0.2	30	1000	0.2	0	0
1.211	61.4789	1.4	1000	0.2	30	1000	0.2	0	0
1.212	61.5425	1.4	1000	0.2	30	1000	0.2	0	0
1.213	61.6102	1.4	1000	0.2	30	1000	0.2	0	0
1.214	61.6828	1.4	1000	0.2	30	1000	0.2	0	0
1.215	61.7597	1.4	1000	0.2	30	1000	0.2	0	0
1.216	61.8411	1.4	1000	0.2	30	1000	0.2	0	0
1.217	61.927	1.4	1000	0.2	30	1000	0.2	0	0
1.218	62.0171	1.4	1000	0.2	30	1000	0.2	0	0
1.219	62.1102	1.4	1000	0.2	30	1000	0.2	0	0
1.22	62.206	1.4	1000	0.2	30	1000	0.2	0	0
1.221	62.3043	1.4	1000	0.2	30	1000	0.2	0	0
1.222	62.4044	1.4	1000	0.2	30	1000	0.2	0	0
1.223	62.5061	1.4	1000	0.2	30	1000	0.2	0	0
1.224	62.609	1.4	1000	0.2	30	1000	0.2	0	0
1.225	62.712	1.4	1000	0.2	30	1000	0.2	0	0
1.226	62.8148	1.4	1000	0.2	30	1000	0.2	0	0
1.227	62.9166	1.4	1000	0.2	30	1000	0.2	0	0
1.228	63.0169	1.4	1000	0.2	30	1000	0.2	0	0
1.229	63.1153	1.4	1000	0.2	30	1000	0.2	0	0
1.23	63.2113	1.4	1000	0.2	30	1000	0.2	0	0
1.231	63.3046	1.4	1000	0.2	30	1000	0.2	0	0
1.232	63.395	1.4	1000	0.2	30	1000	0.2	0	0
1.233	63.4826	1.4	1000	0.2	30	1000	0.2	0	0
1.234	63.5679	1.4	1000	0.2	30	1000	0.2	0	0
1.235	63.651	1.4	1000	0.2	30	1000	0.2	0	0
1.236	63.7322	1.4	1000	0.2	30	1000	0.2	0	0
1.237	63.8114	1.4	1000	0.2	30	1000	0.2	0	0
1.238	63.8887	1.4	1000	0.2	30	1000	0.2	0	0
1.239	63.9645	1.4	1000	0.2	30	1000	0.2	0	0
1.24	64.039	1.4	1000	0.2	30	1000	0.2	0	0
1.241	64.1125	1.4	1000	0.2	30	1000	0.2	0	0
1.242	64.1848	1.4	1000	0.2	30	1000	0.2	0	0
1.243	64.256	1.4	1000	0.2	30	1000	0.2	0	0
1.244	64.3261	1.4	1000	0.2	30	1000	0.2	0	0
1.245	64.3947	1.4	1000	0.2	30	1000	0.2	0	0
1.246	64.4617	1.4	1000	0.2	30	1000	0.2	0	0
1.247	64.5271	1.4	1000	0.2	30	1000	0.2	0	0
1.248	64.5906	1.4	1000	0.2	30	1000	0.2	0	0
1.249	64.6528	1.4	1000	0.2	30	1000	0.2	0	0
1.25	64.714	1.4	1000	0.2	30	1000	0.2	0	0
1.251	64.7735	1.4	1000	0.2	30	1000	0.2	0	0
1.252	64.8316	1.4	1000	0.2	30	1000	0.2	0	0
1.253	64.8885	1.4	1000	0.2	30	1000	0.2	0	0
1.254	64.9438	1.4	1000	0.2	30	1000	0.2	0	0
1.255	64.9977	1.4	1000	0.2	30	1000	0.2	0	0
1.256	65.0504	1.4	1000	0.2	30	1000	0.2	0	0
1.257	65.1015	1.4	1000	0.2	30	1000	0.2	0	0
1.258	65.1522	1.4	1000	0.2	30	1000	0.2	0	0
1.259	65.2026	1.4	1000	0.2	30	1000	0.2	0	0
1.26	65.2527	1.4	1000	0.2	30	1000	0.2	0	0
1.261	65.3031	1.4	1000	0.2	30	1000	0.2	0	0
1.262	65.3534	1.4	1000	0.2	30	1000	0.2	0	0
1.263	65.4035	1.4	1000	0.2	30	1000	0.2	0	0
1.264	65.4537	1.4	1000	0.2	30	1000	0.2	0	0
1.265	65.5034	1.4	1000	0.2	30	1000	0.2	0	0
1.266	65.5527	1.4	1000	0.2	30	1000	0.2	0	0
1.267	65.6018	1.4	1000	0.2	30	1000	0.2	0	0
1.268	65.6503	1.4	1000	0.2	30	1000	0.2	0	0
1.269	65.6983	1.4	1000	0.2	30	1000	0.2	0	0
1.27	65.7455	1.4	1000	0.2	30	1000	0.2	0	0
1.271	65.7916	1.4	1000	0.2	30	1000	0.2	0	0
1.272	65.8367	1.4	1000	0.2	30	1000	0.2	0	0
1.273	65.8811	1.4	1000	0.2	30	1000	0.2	0	0
1.274	65.9249	1.4	1000	0.2	30	1000	0.2	0	0
1.275	65.9681	1.4	1000	0.2	30	1000	0.2	0	0
1.276	66.0105	1.4	1000	0.2	30	1000	0.2	0	0
1.277	66.0521	1.4	1000	0.2	30	1000	0.2	0	0
1.278	66.0933	1.4	1000	0.2	30	1000	0.2	0	0
1.279	66.1343	1.4	1000	0.2	30	1000	0.2	0	0
1.28	66.1749	1.4	1000	0.2	30	1000	0.2	0	0
1.281	66.2152	1.4	1000	0.2	30	1000	0.2	0	0
1.282	66.2551	1.4	1000	0.2	30	1000	0.2	0	0
1.283	66.2945	1.4	1000	0.2	30	1000	0.2	0	0
1.284	66.3336	1.4	1000	0.2	30	1000	0.2	0	0
1.285	66.372	1.4	1000	0.2	30	1000	0.2	0	0
1.286	66.4099	1.4	1000	0.2	30	1000	0.2	0	0
1.287	66.4475	1.4	1000	0.2	30	1000	0.2	0	0
1.288	66.4842	1.4	1000	0.2	30	1000	0.2	0	0
1.289	66.5206	1.4	1000	0.2	30	1000	0.2	0	0
1.29	66.5565	1.4	1000	0.2	30	1000	0.2	0	0
1.291	66.5918	1.4	1000	0.2	30	1000	0.2	0	0
1.292	66.6263	1.4	1000	0.2	30	1000	0.2	0	0
1.293	66.6595	1.4	1000	0.2	30	1000	0.2	0	0
1.294	66.6908	1.4	1000	0.2	30	1000	0.2	0	0
1.295	66.7203	1.4	1000	0.2	30	1000	0.2	0	0
1.296	66.7477	1.4	1000	0.2	30	1000	0.2	0	0
1.297	66.7736	1.4	1000	0.2	30	1000	0.2	0	0
1.298	66.7974	1.4	1000	0.2	30	1000	0.2	0	0
1.299	66.8193	1.4	1000	0.2	30	1000	0.2	0	0
1.3	66.8395	1.4	1000	0.2	30	1000	0.2	0	0
1.301	66.8577	1.4	1000	0.2	30	1000	0.2	0	0
1.302	66.8742	1.4	1000	0.2	30	1000	0.2	0	0
1.303	66.8888	1.4	1000	0.2	30	1000	0.2	0	0
1.304	66.9005	1.4	1000	0.2	30	1000	0.2	0	0
1.305	66.9102	1.4	1000	0.2	30	1000	0.2	0	0
1.306	66.918	1.4	1000	0.2	30	1000	0.2	0	0
1.307	66.9238	1.4	1000	0.2	30	1000	0.2	0	0
1.308	66.9283	1.4	1000	0.2	30	1000	0.2	0	0
1.309	66.9308	1.4	1000	0.2	30	1000	0.2	0	0
1.31	66.9307	1.4	1000	0.2	30	1000	0.2	0	0
1.311	66.9289	1.4	1000	0.2	30	1000	0.2	0	0
1.312	66.925	1.4	1000	0.2	30	1000	0.2	0	0
1.313	66.9188	1.4	1000	0.2	30	1000	0.2	0	0
1.314	66.9104	1.4	1000	0.2	30	1000	0.2	0	0
1.315	66.8994	1.4	1000	0.2	30	1000	0.2	0	0
1.316	66.8859	1.4	1000	0.2	30	1000	0.2	0	0
1.317	66.871	1.4	1000	0.2	30	1000	0.2	0	0
1.318	66.8544	1.4	1000	0.2	30	1000	0.2	0	0
1.319	66.8363	1.4	1000	0.2	30	1000	0.2	0	0
1.32	66.8169	1.4	1000	0.2	30	1000	0.2	0	0
1.321	66.7954	1.4	1000	0.2	30	1000	0.2	0	0
1.322	66.7717	1.4	1000	0.2	30	1000	0.2	0	0
1.323	66.7454	1.4	1000	0.2	30	1000	0.2	0	0
1.324	66.7151	1.4	1000	0.2	30	1000	0.2	0	0
1.325	66.6799	1.4	1000	0.2	30	1000	0.2	0	0
1.326	66.6398	1.4	1000	0.2	30	1000	0.2	0	0
1.327	66.5947	1.4	1000	0.2	30	1000	0.2	0	0
1.328	66.5456	1.4	1000	0.2	30	1000	0.2	0	0
1.329	66.4923	1.4	1000	0.2	30	1000	0.2	0	0
1.33	66.4349	1.4	1000	0.2	30	1000	0.2	0	0
1.331	66.375	1.4	1000	0.2	30	1000	0.2	0	0
1.332	66.3121	1.4	1000	0.2	30	1000	0.2	0	0
1.333	66.2467	1.4	1000	0.2	30	1000	0.2	0	0
1.334	66.1799	1.4	1000	0.2	30	1000	0.2	0	0
1.335	66.1124	1.4	1000	0.2	30	1000	0.2	0	0
1.336	66.0444	1.4	1000	0.2	30	1000	0.2	0	0
1.337	65.9597	1.4	1000	0.2	30	1000	0.2	0	0
1.338	65.8579	1.4	1000	0.2	30	1000	0.2	0	0
1.339	65.7401	1.4	1000	0.2	30	1000	0.2	0	0
1.34	65.6064	1.4	1000	0.2	30	1000	0.2	0	0
1.341	65.4557	1.4	1000	0.2	30	1000	0.2	0	0
1.342	65.2872	1.4	1000	0.2	30	1000	0.2	0	0
1.343	65.1012	1.4	1000	0.2	30	1000	0.2	0	0
1.344	64.9152	1.4	1000	0.2	30	1000	0.2	0	0
1.345	64.7292	1.4	1000	0.2	30	1000	0.2	0	0
1.346	64.5433	1.4	1000	0.2	30	1000	0.2	0	0
1.347	64.3573	1.4	1000	0.2	30	1000	0.2	0	0
1.348	64.1713	1.4	1000	0.2	30	1000	0.2	0	0
1.349	63.9853	1.4	1000	0.2	30	1000	0.2	0	0
1.35	63.7993	1.4	1000	0.2	30	1000	0.2	0	0
1.351	63.6134	1.4	1000	0.2	30	1000	0.2	0	0
1.352	63.4274	1.4	1000	0.2	30	1000	0.2	0	0
1.353	63.2414	1.4	1000	0.2	30	1000	0.2	0	0
1.354	63.0554	1.4	1000	0.2	30	1000	0.2	0	0
1.355	62.8694	1.4	1000	0.2	30	1000	0.2	0	0
1.356	62.6834	1.4	1000	0.2	30	1000	0.2	0	0
1.357	62.4975	1.4	1000	0.2	30	1000	0.2	0	0
1.358	62.3115	1.4	1000	0.2	30	1000	0.2	0	0
1.359	62.1255	1.4	1000	0.2	30	1000	0.2	0	0
1.36	61.9395	1.4	1000	0.2	30	1000	0.2	0	0
1.361	61.7535	1.4	1000	0.2	30	1000	0.2	0	0
1.362	61.5675	1.4	1000	0.2	30	1000	0.2	0	0
1.363	61.3816	1.4	1000	0.2	30	1000	0.2	0	0
1.364	61.1956	1.4	1000	0.2	30	1000	0.2	0	0
1.365	61.0096	1.4	1000	0.2	30	1000	0.2	0	0
1.366	60.8236	1.4	1000	0.2	30	1000	0.2	0	0
1.367	60.6376	1.4	1000	0.2	30	1000	0.2	0	0
1.368	60.4516	1.4	1000	0.2	30	1000	0.2	0	0
1.369	60.2657	1.4	1000	0.2	30	1000	0.2	0	0
1.37	60.0797	1.4	1000	0.2	30	1000	0.2	0	0
1.371	59.8937	1.4	1000	0.2	30	1000	0.2	0	0
1.372	59.7077	1.4	1000	0.2	30	1000	0.2	0	0
1.373	59.5217	1.4	1000	0.2	30	1000	0.2	0	0
1.374	59.3358	1.4	1000	0.2	30	1000	0.2	0	0
1.375	59.1498	1.4	1000	0.2	30	1000	0.2	0	0
1.376	58.9638	1.4	1000	0.2	30	1000	0.2	0	0
1.377	58.7778	1.4	1000	0.2	30	1000	0.2	0	0
1.378	58.5918	1.4	1000	0.2	30	1000	0.2	0	0
1.379	58.4058	1.4	1000	0.2	30	1000	0.2	0	0
1.38	58.2199	1.4	1000	0.2	30	1000	0.2	0	0
1.381	58.0339	1.4	1000	0.2	30	1000	0.2	0	0
1.382	57.8479	1.4	1000	0.2	30	1000	0.2	0	0
1.383	57.6619	1.4	1000	0.2	30	1000	0.2	0	0
1.384	57.4759	1.4	1000	0.2	30	1000	0.2	0	0
1.385	57.2899	1.4	1000	0.2	30	1000	0.2	0	0
1.386	57.104	1.4	1000	0.2	30	1000	0.2	0	0
1.387	56.918	1.4	1000	0.2	30	1000	0.2	0	0
1.388	56.732	1.4	1000	0.2	30	1000	0.2	0	0
1.389	56.546	1.4	1000	0.2	30	1000	0.2	0	0
1.39	56.36	1.4	1000	0.2	30	1000	0.2	0	0
1.391	56.1741	1.4	1000	0.2	30	1000	0.2	0	0
1.392	55.9881	1.4	1000	0.2	30	1000	0.2	0	0
1.393	55.8021	1.4	1000	0.2	30	1000	0.2	0	0
1.394	55.6161	1.4	1000	0.2	30	1000	0.2	0	0
1.395	55.4301	1.4	1000	0.2	30	1000	0.2	0	0
1.396	55.2441	1.4	1000	0.2	30	1000	0.2	0	0
1.397	55.0582	1.4	1000	0.2	30	1000	0.2	0	0
1.398	54.8722	1.4	1000	0.2	30	1000	0.2	0	0
1.399	54.6862	1.4	1000	0.2	30	1000	0.2	0	0
1.4	54.5002	1.4	1000	0.2	30	1000	0.2	0	0
1.401	54.3142	1.4	1000	0.2	30	1000	0.2	0	0
1.402	54.1281	1.4	1000	0.2	30	1000	0.2	0	0
1.403	53.9421	1.4	1000	0.2	30	1000	0.2	0	0
1.404	53.756	1.4	1000	0.2	30	1000	0.2	0	0
1.405	53.5699	1.4	1000	0.2	30	1000	0.2	0	0
1.406	53.3838	1.4	1000	0.2	30	1000	0.2	0	0
1.407	53.1976	1.4	1000	0.2	30	1000	0.2	0	0
1.408	53.0115	1.4	1000	0.2	30	1000	0.2	0	0
1.409	52.8254	1.4	1000	0.2	30	1000	0.2	0	0
1.41	52.6392	1.4	1000	0.2	30	1000	0.2	0	0
1.411	52.4531	1.4	1000	0.2	30	1000	0.2	0	0
1.412	52.267	1.4	1000	0.2	30	1000	0.2	0	0
1.413	52.0809	1.4	1000	0.2	30	1000	0.2	0	0
1.414	51.8948	1.4	1000	0.2	30	1000	0.2	0	0
1.415	51.7086	1.4	1000	0.2	30	1000	0.2	0	0
1.416	51.5225	1.4	1000	0.2	30	1000	0.2	0	0
1.417	51.3541	1.4	1000	0.2	30	1000	0.2	0	0
1.418	51.2111	1.4	1000	0.2	30	1000	0.2	0	0
1.419	51.094	1.4	1000	0.2	30	1000	0.2	0	0
1.42	51.0029	1.4	1000	0.2	30	1000	0.2	0	0
1.421	50.9437	1.4	1000	0.2	30	1000	0.2	0	0
1.422	50.9093	1.4	1000	0.2	30	1000	0.2	0	0
1.423	50.8955	1.4	1000	0.2	30	1000	0.2	0	0
1.424	50.8866	1.4	1000	0.2	30	1000	0.2	0	0
1.425	50.8735	1.4	1000	0.2	30	1000	0.2	0	0
1.426	50.8557	1.4	1000	0.2	30	1000	0.2	0	0
1.427	50.8325	1.4	1000	0.2	30	1000	0.2	0	0
1.428	50.7999	1.4	1000	0.2	30	1000	0.2	0	0
1.429	50.7668	1.4	1000	0.2	30	1000	0.2	0	0
1.43	50.7357	1.4	1000	0.2	30	1000	0.2	0	0
1.431	50.7001	1.4	1000	0.2	30	1000	0.2	0	0
1.432	50.6648	1.4	1000	0.2	30	1000	0.2	0	0
1.433	50.6272	1.4	1000	0.2	30	1000	0.2	0	0
1.434	50.5891	1.4	1000	0.2	30	1000	0.2	0	0
1.435	50.557	1.4	1000	0.2	30	1000	0.2	0	0
1.436	50.5288	1.4	1000	0.2	30	1000	0.2	0	0
1.437	50.5056	1.4	1000	0.2	30	1000	0.2	0	0
1.438	50.493	1.4	1000	0.2	30	1000	0.2	0	0
1.439	50.4879	1.4	1000	0.2	30	1000	0.2	0	0
1.44	50.4927	1.4	1000	0.2	30	1000	0.2	0	0
1.441	50.5062	1.4	1000	0.2	30	1000	0.2	0	0
1.442	50.5191	1.4	1000	0.2	30	1000	0.2	0	0
1.443	50.5351	1.4	1000	0.2	30	1000	0.2	0	0
1.444	50.5548	1.4	1000	0.2	30	1000	0.2	0	0
1.445	50.5778	1.4	1000	0.2	30	1000	0.2	0	0
1.446	50.6055	1.4	1000	0.2	30	1000	0.2	0	0
1.447	50.6374	1.4	1000	0.2	30	1000	0.2	0	0
1.448	50.6737	1.4	1000	0.2	30	1000	0.2	0	0
1.449	50.7146	1.4	1000	0.2	30	1000	0.2	0	0
1.45	50.7574	1.4	1000	0.2	30	1000	0.2	0	0
1.451	50.8002	1.4	1000	0.2	30	1000	0.2	0	0
1.452	50.8407	1.4	1000	0.2	30	1000	0.2	0	0
1.453	50.8781	1.4	1000	0.2	30	1000	0.2	0	0
1.454	50.9141	1.4	1000	0.2	30	1000	0.2	0	0
1.455	50.9453	1.4	1000	0.2	30	1000	0.2	0	0
1.456	50.9708	1.4	1000	0.2	30	1000	0.2	0	0
1.457	50.9908	1.4	1000	0.2	30	1000	0.2	0	0
1.458	51.0045	1.4	1000	0.2	30	1000	0.2	0	0
1.459	51.0163	1.4	1000	0.2	30	1000	0.2	0	0
1.46	51.0287	1.4	1000	0.2	30	1000	0.2	0	0
1.461	51.0389	1.4	1000	0.2	30	1000	0.2	0	0
1.462	51.0506	1.4	1000	0.2	30	1000	0.2	0	0
1.463	51.0657	1.4	1000	0.2	30	1000	0.2	0	0
1.464	51.0822	1.4	1000	0.2	30	1000	0.2	0	0
1.465	51.1054	1.4	1000	0.2	30	1000	0.2	0	0
1.466	51.1325	1.4	1000	0.2	30	1000	0.2	0	0
1.467	51.1638	1.4	1000	0.2	30	1000	0.2	0	0
1.468	51.2035	1.4	1000	0.2	30	1000	0.2	0	0
1.469	51.2508	1.4	1000	0.2	30	1000	0.2	0	0
1.47	51.307	1.4	1000	0.2	30	1000	0.2	0	0
1.471	51.3713	1.4	1000	0.2	30	1000	0.2	0	0
1.472	51.4385	1.4	1000	0.2	30	1000	0.2	0	0
1.473	51.5107	1.4	1000	0.2	30	1000	0.2	0	0
1.474	51.5849	1.4	1000	0.2	30	1000	0.2	0	0
1.475	51.6581	1.4	1000	0.2	30	1000	0.2	0	0
1.476	51.7297	1.4	1000	0.2	30	1000	0.2	0	0
1.477	51.8005	1.4	1000	0.2	30	1000	0.2	0	0
1.478	51.8721	1.4	1000	0.2	30	1000	0.2	0	0
1.479	51.9481	1.4	1000	0.2	30	1000	0.2	0	0
1.48	52.0279	1.4	1000	0.2	30	1000	0.2	0	0
1.481	52.1109	1.4	1000	0.2	30	1000	0.2	0	0
1.482	52.197	1.4	1000	0.2	30	1000	0.2	0	0
1.483	52.2864	1.4	1000	0.2	30	1000	0.2	0	0
1.484	52.3762	1.4	1000	0.2	30	1000	0.2	0	0
1.485	52.4664	1.4	1000	0.2	30	1000	0.2	0	0
1.486	52.556	1.4	1000	0.2	30	1000	0.2	0	0
1.487	52.6432	1.4	1000	0.2	30	1000	0.2	0	0
1.488	52.7274	1.4	1000	0.2	30	1000	0.2	0	0
1.489	52.8095	1.4	1000	0.2	30	1000	0.2	0	0
1.49	52.8896	1.4	1000	0.2	30	1000	0.2	0	0
1.491	52.9676	1.4	1000	0.2	30	1000	0.2	0	0
1.492	53.0434	1.4	1000	0.2	30	1000	0.2	0	0
1.493	53.1168	1.4	1000	0.2	30	1000	0.2	0	0
1.494	53.1882	1.4	1000	0.2	30	1000	0.2	0	0
1.495	53.2581	1.4	1000	0.2	30	1000	0.2	0	0
1.496	53.3264	1.4	1000	0.2	30	1000	0.2	0	0
1.497	53.3941	1.4	1000	0.2	30	1000	0.2	0	0
1.498	53.4617	1.4	1000	0.2	30	1000	0.2	0	0
1.499	53.5296	1.4	1000	0.2	30	1000	0.2	0	0
1.5	53.5987	1.4	1000	0.2	30	1000	0.2	0	0
1.501	53.6697	1.4	1000	0.2	30	1000	0.2	0	0
1.502	53.7415	1.4	1000	0.2	30	1000	0.2	0	0
1.503	53.8147	1.4	1000	0.2	30	1000	0.2	0	0
1.504	53.8876	1.4	1000	0.2	30	1000	0.2	0	0
1.505	53.9596	1.4	1000	0.2	30	1000	0.2	0	0
1.506	54.0309	1.4	1000	0.2	30	1000	0.2	0	0
1.507	54.1009	1.4	1000	0.2	30	1000	0.2	0	0
1.508	54.1688	1.4	1000	0.2	30	1000	0.2	0	0
1.509	54.2356	1.4	1000	0.2	30	1000	0.2	0	0
1.51	54.3004	1.4	1000	0.2	30	1000	0.2	0	0
1.511	54.3638	1.4	1000	0.2	30	1000	0.2	0	0
1.512	54.4271	1.4	1000	0.2	30	1000	0.2	0	0
1.513	54.4901	1.4	1000	0.2	30	1000	0.2	0	0
1.514	54.5525	1.4	1000	0.2	30	1000	0.2	0	0
1.515	54.6147	1.4	1000	0.2	30	1000	0.2	0	0
1.516	54.6761	1.4	1000	0.2	30	1000	0.2	0	0
1.517	54.7365	1.4	1000	0.2	30	1000	0.2	0	0
1.518	54.7967	1.4	1000	0.2	30	1000	0.2	0	0
1.519	54.8562	1.4	1000	0.2	30	1000	0.2	0	0
1.52	54.9143	1.4	1000	0.2	30	1000	0.2	0	0
1.521	54.9714	1.4	1000	0.2	30	1000	0.2	0	0
1.522	55.027	1.4	1000	0.2	30	1000	0.2	0	0
1.523	55.0813	1.4	1000	0.2	30	1000	0.2	0	0
1.524	55.1347	1.4	1000	0.2	30	1000	0.2	0	0
1.525	55.187	1.4	1000	0.2	30	1000	0.2	0	0
1.526	55.2381	1.4	1000	0.2	30	1000	0.2	0	0
1.527	55.2883	1.4	1000	0.2	30	1000	0.2	0	0
1.528	55.3373	1.4	1000	0.2	30	1000	0.2	0	0
1.529	55.3853	1.4	1000	0.2	30	1000	0.2	0	0
1.53	55.4324	1.4	1000	0.2	30	1000	0.2	0	0
1.531	55.4782	1.4	1000	0.2	30	1000	0.2	0	0
1.532	55.5229	1.4	1000	0.2	30	1000	0.2	0	0
1.533	55.5664	1.4	1000	0.2	30	1000	0.2	0	0
1.534	55.6087	1.4	1000	0.2	30	1000	0.2	0	0
1.535	55.6501	1.4	1000	0.2	30	1000	0.2	0	0
1.536	55.6907	1.4	1000	0.2	30	1000	0.2	0	0
1.537	55.7309	1.4	1000	0.2	30	1000	0.2	0	0
1.538	55.7709	1.4	1000	0.2	30	1000	0.2	0	0
1.539	55.8107	1.4	1000	0.2	30	1000	0.2	0	0
1.54	55.8506	1.4	1000	0.2	30	1000	0.2	0	0
1.541	55.8904	1.4	1000	0.2	30	1000	0.2	0	0
1.542	55.9302	1.4	1000	0.2	30	1000	0.2	0	0
1.543	55.97	1.4	1000	0.2	30	1000	0.2	0	0
1.544	56.0097	1.4	1000	0.2	30	1000	0.2	0	0
1.545	56.0495	1.4	1000	0.2	30	1000	0.2	0	0
1.546	56.0893	1.4	1000	0.2	30	1000	0.2	0	0
1.547	56.1291	1.4	1000	0.2	30	1000	0.2	0	0
1.548	56.1686	1.4	1000	0.2	30	1000	0.2	0	0
1.549	56.2075	1.4	1000	0.2	30	1000	0.2	0	0
1.55	56.2458	1.4	1000	0.2	30	1000	0.2	0	0
1.551	56.2833	1.4	1000	0.2	30	1000	0.2	0	0
1.552	56.3197	1.4	1000	0.2	30	1000	0.2	0	0
1.553	56.3555	1.4	1000	0.2	30	1000	0.2	0	0
1.554	56.3903	1.4	1000	0.2	30	1000	0.2	0	0
1.555	56.4242	1.4	1000	0.2	30	1000	0.2	0	0
1.556	56.4576	1.4	1000	0.2	30	1000	0.2	0	0
1.557	56.4903	1.4	1000	0.2	30	1000	0.2	0	0
1.558	56.5227	1.4	1000	0.2	30	1000	0.2	0	0
1.559	56.5552	1.4	1000	0.2	30	1000	0.2	0	0
1.56	56.5873	1.4	1000	0.2	30	1000	0.2	0	0
1.561	56.6189	1.4	1000	0.2	30	1000	0.2	0	0
1.562	56.6504	1.4	1000	0.2	30	1000	0.2	0	0
1.563	56.6811	1.4	1000	0.2	30	1000	0.2	0	0
1.564	56.7116	1.4	1000	0.2	30	1000	0.2	0	0
1.565	56.7425	1.4	1000	0.2	30	1000	0.2	0	0
1.566	56.7726	1.4	1000	0.2	30	1000	0.2	0	0
1.567	56.803	1.4	1000	0.2	30	1000	0.2	0	0
1.568	56.8336	1.4	1000	0.2	30	1000	0.2	0	0
1.569	56.8641	1.4	1000	0.2	30	1000	0.2	0	0
1.57	56.8953	1.4	1000	0.2	30	1000	0.2	0	0
1.571	56.9269	1.4	1000	0.2	30	1000	0.2	0	0
1.572	56.9586	1.4	1000	0.2	30	1000	0.2	0	0
1.573	56.991	1.4	1000	0.2	30	1000	0.2	0	0
1.574	57.0233	1.4	1000	0.2	30	1000	0.2	0	0
1.575	57.0559	1.4	1000	0.2	30	1000	0.2	0	0
1.576	57.089	1.4	1000	0.2	30	1000	0.2	0	0
1.577	57.122	1.4	1000	0.2	30	1000	0.2	0	0
1.578	57.1551	1.4	1000	0.2	30	1000	0.2	0	0
1.579	57.188	1.4	1000	0.2	30	1000	0.2	0	0
1.58	57.2206	1.4	1000	0.2	30	1000	0.2	0	0
1.581	57.2531	1.4	1000	0.2	30	1000	0.2	0	0
1.582	57.286	1.4	1000	0.2	30	1000	0.2	0	0
1.583	57.3194	1.4	1000	0.2	30	1000	0.2	0	0
1.584	57.3533	1.4	1000	0.2	30	1000	0.2	0	0
1.585	57.3876	1.4	1000	0.2	30	1000	0.2	0	0
1.586	57.4222	1.4	1000	0.2	30	1000	0.2	0	0
1.587	57.4578	1.4	1000	0.2	30	1000	0.2	0	0
1.588	57.4944	1.4	1000	0.2	30	1000	0.2	0	0
1.589	57.5311	1.4	1000	0.2	30	1000	0.2	0	0
1.59	57.5682	1.4	1000	0.2	30	1000	0.2	0	0
1.591	57.6052	1.4	1000	0.2	30	1000	0.2	0	0
1.592	57.6421	1.4	1000	0.2	30	1000	0.2	0	0
1.593	57.6793	1.4	1000	0.2	30	1000	0.2	0	0
1.594	57.7166	1.4	1000	0.2	30	1000	0.2	0	0
1.595	57.754	1.4	1000	0.2	30	1000	0.2	0	0
1.596	57.7919	1.4	1000	0.2	30	1000	0.2	0	0
1.597	57.8302	1.4	1000	0.2	30	1000	0.2	0	0
1.598	57.8693	1.4	1000	0.2	30	1000	0.2	0	0
1.599	57.909	1.4	1000	0.2	30	1000	0.2	0	0
1.6	57.9494	1.4	1000	0.2	30	1000	0.2	0	0
1.601	57.9902	1.4	1000	0.2	30	1000	0.2	0	0
1.602	58.0314	1.4	1000	0.2	30	1000	0.2	0	0
1.603	58.0728	1.4	1000	0.2	30	1000	0.2	0	0
1.604	58.1142	1.4	1000	0.2	30	1000	0.2	0	0
1.605	58.1564	1.4	1000	0.2	30	1000	0.2	0	0
1.606	58.1989	1.4	1000	0.2	30	1000	0.2	0	0
1.607	58.2412	1.4	1000	0.2	30	1000	0.2	0	0
1.608	58.2834	1.4	1000	0.2	30	1000	0.2	0	0
1.609	58.3243	1.4	1000	0.2	30	1000	0.2	0	0
1.61	58.3639	1.4	1000	0.2	30	1000	0.2	0	0
1.611	58.4023	1.4	1000	0.2	30	1000	0.2	0	0
1.612	58.4389	1.4	1000	0.2	30	1000	0.2	0	0
1.613	58.4737	1.4	1000	0.2	30	1000	0.2	0	0
1.614	58.5062	1.4	1000	0.2	30	1000	0.2	0	0
1.615	58.537	1.4	1000	0.2	30	1000	0.2	0	0
1.616	58.567	1.4	1000	0.2	30	1000	0.2	0	0
1.617	58.5962	1.4	1000	0.2	30	1000	0.2	0	0
1.618	58.6245	1.4	1000	0.2	30	1000	0.2	0	0
1.619	58.6515	1.4	1000	0.2	30	1000	0.2	0	0
1.62	58.6772	1.4	1000	0.2	30	1000	0.2	0	0
1.621	58.7018	1.4	1000	0.2	30	1000	0.2	0	0
1.622	58.7249	1.4	1000	0.2	30	1000	0.2	0	0
1.623	58.7466	1.4	1000	0.2	30	1000	0.2	0	0
1.624	58.7667	1.4	1000	0.2	30	1000	0.2	0	0
1.625	58.785	1.4	1000	0.2	30	1000	0.2	0	0
1.626	58.8023	1.4	1000	0.2	30	1000	0.2	0	0
1.627	58.8185	1.4	1000	0.2	30	1000	0.2	0	0
1.628	58.8334	1.4	1000	0.2	30	1000	0.2	0	0
1.629	58.8474	1.4	1000	0.2	30	1000	0.2	0	0
1.63	58.8602	1.4	1000	0.2	30	1000	0.2	0	0
1.631	58.872	1.4	1000	0.2	30	1000	0.2	0	0
1.632	58.8828	1.4	1000	0.2	30	1000	0.2	0	0
1.633	58.8924	1.4	1000	0.2	30	1000	0.2	0	0
1.634	58.9007	1.4	1000	0.2	30	1000	0.2	0	0
1.635	58.9077	1.4	1000	0.2	30	1000	0.2	0	0
1.636	58.9129	1.4	1000	0.2	30	1000	0.2	0	0
1.637	58.9156	1.4	1000	0.2	30	1000	0.2	0	0
1.638	58.9152	1.4	1000	0.2	30	1000	0.2	0	0
1.639	58.9116	1.4	1000	0.2	30	1000	0.2	0	0
1.64	58.9042	1.4	1000	0.2	30	1000	0.2	0	0
1.641	58.8925	1.4	1000	0.2	30	1000	0.2	0	0
1.642	58.8769	1.4	1000	0.2	30	1000	0.2	0	0
1.643	58.8566	1.4	1000	0.2	30	1000	0.2	0	0
1.644	58.8317	1.4	1000	0.2	30	1000	0.2	0	0
1.645	58.8026	1.4	1000	0.2	30	1000	0.2	0	0
1.646	58.7682	1.4	1000	0.2	30	1000	0.2	0	0
1.647	58.7283	1.4	1000	0.2	30	1000	0.2	0	0
1.648	58.683	1.4	1000	0.2	30	1000	0.2	0	0
1.649	58.6317	1.4	1000	0.2	30	1000	0.2	0	0
1.65	58.5756	1.4	1000	0.2	30	1000	0.2	0	0
1.651	58.5148	1.4	1000	0.2	30	1000	0.2	0	0
1.652	58.4498	1.4	1000	0.2	30	1000	0.2	0	0
1.653	58.3821	1.4	1000	0.2	30	1000	0.2	0	0
1.654	58.3129	1.4	1000	0.2	30	1000	0.2	0	0
1.655	58.2438	1.4	1000	0.2	30	1000	0.2	0	0
1.656	58.1759	1.4	1000	0.2	30	1000	0.2	0	0
1.657	58.1086	1.4	1000	0.2	30	1000	0.2	0	0
1.658	58.0428	1.4	1000	0.2	30	1000	0.2	0	0
1.659	57.9788	1.4	1000	0.2	30	1000	0.2	0	0
1.66	57.9165	1.4	1000	0.2	30	1000	0.2	0	0
1.661	57.8558	1.4	1000	0.2	30	1000	0.2	0	0
1.662	57.7947	1.4	1000	0.2	30	1000	0.2	0	0
1.663	57.7322	1.4	1000	0.2	30	1000	0.2	0	0
1.664	57.6686	1.4	1000	0.2	30	1000	0.2	0	0
1.665	57.6039	1.4	1000	0.2	30	1000	0.2	0	0
1.666	57.5373	1.4	1000	0.2	30	1000	0.2	0	0
1.667	57.4687	1.4	1000	0.2	30	1000	0.2	0	0
1.668	57.3972	1.4	1000	0.2	30	1000	0.2	0	0
1.669	57.3228	1.4	1000	0.2	30	1000	0.2	0	0
1.67	57.2467	1.4	1000	0.2	30	1000	0.2	0	0
1.671	57.1686	1.4	1000	0.2	30	1000	0.2	0	0
1.672	57.0876	1.4	1000	0.2	30	1000	0.2	0	0
1.673	57.0044	1.4	1000	0.2	30	1000	0.2	0	0
1.674	56.9187	1.4	1000	0.2	30	1000	0.2	0	0
1.675	56.8308	1.4	1000	0.2	30	1000	0.2	0	0
1.676	56.7417	1.4	1000	0.2	30	1000	0.2	0	0
1.677	56.6512	1.4	1000	0.2	30	1000	0.2	0	0
1.678	56.5591	1.4	1000	0.2	30	1000	0.2	0	0
1.679	56.4661	1.4	1000	0.2	30	1000	0.2	0	0
1.68	56.3723	1.4	1000	0.2	30	1000	0.2	0	0
1.681	56.2785	1.4	1000	0.2	30	1000	0.2	0	0
1.682	56.1857	1.4	1000	0.2	30	1000	0.2	0	0
1.683	56.0943	1.4	1000	0.2	30	1000	0.2	0	0
1.684	56.0054	1.4	1000	0.2	30	1000	0.2	0	0
1.685	55.919	1.4	1000	0.2	30	1000	0.2	0	0
1.686	55.835	1.4	1000	0.2	30	1000	0.2	0	0
1.687	55.7528	1.4	1000	0.2	30	1000	0.2	0	0
1.688	55.6723	1.4	1000	0.2	30	1000	0.2	0	0
1.689	55.5932	1.4	1000	0.2	30	1000	0.2	0	0
1.69	55.5146	1.4	1000	0.2	30	1000	0.2	0	0
1.691	55.4357	1.4	1000	0.2	30	1000	0.2	0	0
1.692	55.3558	1.4	1000	0.2	30	1000	0.2	0	0
1.693	55.274	1.4	1000	0.2	30	1000	0.2	0	0
1.694	55.1902	1.4	1000	0.2	30	1000	0.2	0	0
1.695	55.1035	1.4	1000	0.2	30	1000	0.2	0	0
1.696	55.013	1.4	1000	0.2	30	1000	0.2	0	0
1.697	54.9183	1.4	1000	0.2	30	1000	0.2	0	0
1.698	54.8195	1.4	1000	0.2	30	1000	0.2	0	0
1.699	54.7175	1.4	1000	0.2	30	1000	0.2	0	0
1.7	54.6131	1.4	1000	0.2	30	1000	0.2	0	0
1.701	54.5072	1.4	1000	0.2	30	1000	0.2	0	0
1.702	54.4009	1.4	1000	0.2	30	1000	0.2	0	0
1.703	54.2946	1.4	1000	0.2	30	1000	0.2	0	0
1.704	54.1892	1.4	1000	0.2	30	1000	0.2	0	0
1.705	54.0856	1.4	1000	0.2	30	1000	0.2	0	0
1.706	53.9831	1.4	1000	0.2	30	1000	0.2	0	0
1.707	53.883	1.4	1000	0.2	30	1000	0.2	0	0
1.708	53.7864	1.4	1000	0.2	30	1000	0.2	0	0
1.709	53.6926	1.4	1000	0.2	30	1000	0.2	0	0
1.71	53.6029	1.4	1000	0.2	30	1000	0.2	0	0
1.711	53.517	1.4	1000	0.2	30	1000	0.2	0	0
1.712	53.4332	1.4	1000	0.2	30	1000	0.2	0	0
1.713	53.3528	1.4	1000	0.2	30	1000	0.2	0	0
1.714	53.2747	1.4	1000	0.2	30	1000	0.2	0	0
1.715	53.1976	1.4	1000	0.2	30	1000	0.2	0	0
1.716	53.1219	1.4	1000	0.2	30	1000	0.2	0	0
1.717	53.046	1.4	1000	0.2	30	1000	0.2	0	0
1.718	52.9702	1.4	1000	0.2	30	1000	0.2	0	0
1.719	52.8954	1.4	1000	0.2	30	1000	0.2	0	0
1.72	52.8211	1.4	1000	0.2	30	1000	0.2	0	0
1.721	52.7486	1.4	1000	0.2	30	1000	0.2	0	0
1.722	52.6787	1.4	1000	0.2	30	1000	0.2	0	0
1.723	52.612	1.4	1000	0.2	30	1000	0.2	0	0
1.724	52.5513	1.4	1000	0.2	30	1000	0.2	0	0
1.725	52.4974	1.4	1000	0.2	30	1000	0.2	0	0
1.726	52.4529	1.4	1000	0.2	30	1000	0.2	0	0
1.727	52.4191	1.4	1000	0.2	30	1000	0.2	0	0
1.728	52.3974	1.4	1000	0.2	30	1000	0.2	0	0
1.729	52.3898	1.4	1000	0.2	30	1000	0.2	0	0
1.73	52.3964	1.4	1000	0.2	30	1000	0.2	0	0
1.731	52.4182	1.4	1000	0.2	30	1000	0.2	0	0
1.732	52.4543	1.4	1000	0.2	30	1000	0.2	0	0
1.733	52.5042	1.4	1000	0.2	30	1000	0.2	0	0
1.734	52.5658	1.4	1000	0.2	30	1000	0.2	0	0
1.735	52.6377	1.4	1000	0.2	30	1000	0.2	0	0
1.736	52.716	1.4	1000	0.2	30	1000	0.2	0	0
1.737	52.7992	1.4	1000	0.2	30	1000	0.2	0	0
1.738	52.8836	1.4	1000	0.2	30	1000	0.2	0	0
1.739	52.9685	1.4	1000	0.2	30	1000	0.2	0	0
1.74	53.0498	1.4	1000	0.2	30	1000	0.2	0	0
1.741	53.1271	1.4	1000	0.2	30	1000	0.2	0	0
1.742	53.1976	1.4	1000	0.2	30	1000	0.2	0	0
1.743	53.2601	1.4	1000	0.2	30	1000	0.2	0	0
1.744	53.3138	1.4	1000	0.2	30	1000	0.2	0	0
1.745	53.358	1.4	1000	0.2	30	1000	0.2	0	0
1.746	53.3912	1.4	1000	0.2	30	1000	0.2	0	0
1.747	53.415	1.4	1000	0.2	30	1000	0.2	0	0
1.748	53.4289	1.4	1000	0.2	30	1000	0.2	0	0
1.749	53.4341	1.4	1000	0.2	30	1000	0.2	0	0
1.75	53.432	1.4	1000	0.2	30	1000	0.2	0	0
1.751	53.4237	1.4	1000	0.2	30	1000	0.2	0	0
1.752	53.4107	1.4	1000	0.2	30	1000	0.2	0	0
1.753	53.3944	1.4	1000	0.2	30	1000	0.2	0	0
1.754	53.3767	1.4	1000	0.2	30	1000	0.2	0	0
1.755	53.3593	1.4	1000	0.2	30	1000	0.2	0	0
1.756	53.3433	1.4	1000	0.2	30	1000	0.2	0	0
1.757	53.3312	1.4	1000	0.2	30	1000	0.2	0	0
1.758	53.3246	1.4	1000	0.2	30	1000	0.2	0	0
1.759	53.3247	1.4	1000	0.2	30	1000	0.2	0	0
1.76	53.334	1.4	1000	0.2	30	1000	0.2	0	0
1.761	53.3525	1.4	1000	0.2	30	1000	0.2	0	0
1.762	53.38	1.4	1000	0.2	30	1000	0.2	0	0
1.763	53.4166	1.4	1000	0.2	30	1000	0.2	0	0
1.764	53.4613	1.4	1000	0.2	30	1000	0.2	0	0
1.765	53.5127	1.4	1000	0.2	30	1000	0.2	0	0
1.766	53.5707	1.4	1000	0.2	30	1000	0.2	0	0
1.767	53.6328	1.4	1000	0.2	30	1000	0.2	0	0
1.768	53.698	1.4	1000	0.2	30	1000	0.2	0	0
1.769	53.7653	1.4	1000	0.2	30	1000	0.2	0	0
1.77	53.8344	1.4	1000	0.2	30	1000	0.2	0	0
1.771	53.9036	1.4	1000	0.2	30	1000	0.2	0	0
1.772	53.9729	1.4	1000	0.2	30	1000	0.2	0	0
1.773	54.0402	1.4	1000	0.2	30	1000	0.2	0	0
1.774	54.1045	1.4	1000	0.2	30	1000	0.2	0	0
1.775	54.1647	1.4	1000	0.2	30	1000	0.2	0	0
1.776	54.2195	1.4	1000	0.2	30	1000	0.2	0	0
1.777	54.269	1.4	1000	0.2	30	1000	0.2	0	0
1.778	54.313	1.4	1000	0.2	30	1000	0.2	0	0
1.779	54.3521	1.4	1000	0.2	30	1000	0.2	0	0
1.78	54.3878	1.4	1000	0.2	30	1000	0.2	0	0
1.781	54.4195	1.4	1000	0.2	30	1000	0.2	0	0
1.782	54.4474	1.4	1000	0.2	30	1000	0.2	0	0
1.783	54.4719	1.4	1000	0.2	30	1000	0.2	0	0
1.784	54.49	1.4	1000	0.2	30	1000	0.2	0	0
1.785	54.5038	1.4	1000	0.2	30	1000	0.2	0	0
1.786	54.512	1.4	1000	0.2	30	1000	0.2	0	0
1.787	54.5151	1.4	1000	0.2	30	1000	0.2	0	0
1.788	54.5148	1.4	1000	0.2	30	1000	0.2	0	0
1.789	54.5114	1.4	1000	0.2	30	1000	0.2	0	0
1.79	54.5042	1.4	1000	0.2	30	1000	0.2	0	0
1.791	54.4954	1.4	1000	0.2	30	1000	0.2	0	0
1.792	54.4834	1.4	1000	0.2	30	1000	0.2	0	0
1.793	54.4695	1.4	1000	0.2	30	1000	0.2	0	0
1.794	54.4535	1.4	1000	0.2	30	1000	0.2	0	0
1.795	54.4359	1.4	1000	0.2	30	1000	0.2	0	0
1.796	54.4155	1.4	1000	0.2	30	1000	0.2	0	0
1.797	54.3817	1.4	1000	0.2	30	1000	0.2	0	0
1.798	54.3511	1.4	1000	0.2	30	1000	0.2	0	0
1.799	54.3082	1.4	1000	0.2	30	1000	0.2	0	0
1.8	54.252	1.4	1000	0.2	30	1000	0.2	0	0
1.801	54.1822	1.4	1000	0.2	30	1000	0.2	0	0
1.802	54.0981	1.4	1000	0.2	30	1000	0.2	0	0
1.803	54.0012	1.4	1000	0.2	30	1000	0.2	0	0
1.804	53.9044	1.4	1000	0.2	30	1000	0.2	0	0
1.805	53.7914	1.4	1000	0.2	30	1000	0.2	0	0
1.806	53.6785	1.4	1000	0.2	30	1000	0.2	0	0
1.807	53.5655	1.4	1000	0.2	30	1000	0.2	0	0
1.808	53.4525	1.4	1000	0.2	30	1000	0.2	0	0
1.809	53.3395	1.4	1000	0.2	30	1000	0.2	0	0
1.81	53.2265	1.4	1000	0.2	30	1000	0.2	0	0
1.811	53.1136	1.4	1000	0.2	30	1000	0.2	0	0
1.812	53.0006	1.4	1000	0.2	30	1000	0.2	0	0
1.813	52.8876	1.4	1000	0.2	30	1000	0.2	0	0
1.814	52.7746	1.4	1000	0.2	30	1000	0.2	0	0
1.815	52.6616	1.4	1000	0.2	30	1000	0.2	0	0
1.816	52.5487	1.4	1000	0.2	30	1000	0.2	0	0
1.817	52.4357	1.4	1000	0.2	30	1000	0.2	0	0
1.818	52.3227	1.4	1000	0.2	30	1000	0.2	0	0
1.819	52.2097	1.4	1000	0.2	30	1000	0.2	0	0
1.82	52.0968	1.4	1000	0.2	30	1000	0.2	0	0
1.821	51.9838	1.4	1000	0.2	30	1000	0.2	0	0
1.822	51.8708	1.4	1000	0.2	30	1000	0.2	0	0
1.823	51.7578	1.4	1000	0.2	30	1000	0.2	0	0
1.824	51.6448	1.4	1000	0.2	30	1000	0.2	0	0
1.825	51.5319	1.4	1000	0.2	30	1000	0.2	0	0
1.826	51.4189	1.4	1000	0.2	30	1000	0.2	0	0
1.827	51.3059	1.4	1000	0.2	30	1000	0.2	0	0
1.828	51.1929	1.4	1000	0.2	30	1000	0.2	0	0
1.829	51.0799	1.4	1000	0.2	30	1000	0.2	0	0
1.83	50.967	1.4	1000	0.2	30	1000	0.2	0	0
1.831	50.854	1.4	1000	0.2	30	1000	0.2	0	0
1.832	50.741	1.4	1000	0.2	30	1000	0.2	0	0
1.833	50.628	1.4	1000	0.2	30	1000	0.2	0	0
1.834	50.5151	1.4	1000	0.2	30	1000	0.2	0	0
1.835	50.4021	1.4	1000	0.2	30	1000	0.2	0	0
1.836	50.2891	1.4	1000	0.2	30	1000	0.2	0	0
1.837	50.1761	1.4	1000	0.2	30	1000	0.2	0	0
1.838	50.0631	1.4	1000	0.2	30	1000	0.2	0	0
1.839	49.9502	1.4	1000	0.2	30	1000	0.2	0	0
1.84	49.8372	1.4	1000	0.2	30	1000	0.2	0	0
1.841	49.7242	1.4	1000	0.2	30	1000	0.2	0	0
1.842	49.6112	1.4	1000	0.2	30	1000	0.2	0	0
1.843	49.4982	1.4	1000	0.2	30	1000	0.2	0	0
1.844	49.3853	1.4	1000	0.2	30	1000	0.2	0	0
1.845	49.2723	1.4	1000	0.2	30	1000	0.2	0	0
1.846	49.1593	1.4	1000	0.2	30	1000	0.2	0	0
1.847	49.0463	1.4	1000	0.2	30	1000	0.2	0	0
1.848	48.9334	1.4	1000	0.2	30	1000	0.2	0	0
1.849	48.8204	1.4	1000	0.2	30	1000	0.2	0	0
1.85	48.7074	1.4	1000	0.2	30	1000	0.2	0	0
1.851	48.5944	1.4	1000	0.2	30	1000	0.2	0	0
1.852	48.4814	1.4	1000	0.2	30	1000	0.2	0	0
1.853	48.3685	1.4	1000	0.2	30	1000	0.2	0	0
1.854	48.2555	1.4	1000	0.2	30	1000	0.2	0	0
1.855	48.1425	1.4	1000	0.2	30	1000	0.2	0	0
1.856	48.0295	1.4	1000	0.2	30	1000	0.2	0	0
1.857	47.9165	1.4	1000	0.2	30	1000	0.2	0	0
1.858	47.8036	1.4	1000	0.2	30	1000	0.2	0	0
1.859	47.6906	1.4	1000	0.2	30	1000	0.2	0	0
1.86	47.5776	1.4	1000	0.2	30	1000	0.2	0	0
1.861	47.4646	1.4	1000	0.2	30	1000	0.2	0	0
1.862	47.3516	1.4	1000	0.2	30	1000	0.2	0	0
1.863	47.2387	1.4	1000	0.2	30	1000	0.2	0	0
1.864	47.1257	1.4	1000	0.2	30	1000	0.2	0	0
1.865	47.0127	1.4	1000	0.2	30	1000	0.2	0	0
1.866	46.8997	1.4	1000	0.2	30	1000	0.2	0	0
1.867	46.7868	1.4	1000	0.2	30	1000	0.2	0	0
1.868	46.6738	1.4	1000	0.2	30	1000	0.2	0	0
1.869	46.5608	1.4	1000	0.2	30	1000	0.2	0	0
1.87	46.4478	1.4	1000	0.2	30	1000	0.2	0	0
1.871	46.3348	1.4	1000	0.2	30	1000	0.2	0	0
1.872	46.2219	1.4	1000	0.2	30	1000	0.2	0	0
1.873	46.1089	1.4	1000	0.2	30	1000	0.2	0	0
1.874	45.9959	1.4	1000	0.2	30	1000	0.2	0	0
1.875	45.8829	1.4	1000	0.2	30	1000	0.2	0	0
1.876	45.7699	1.4	1000	0.2	30	1000	0.2	0	0
1.877	45.657	1.4	1000	0.2	30	1000	0.2	0	0
1.878	45.544	1.4	1000	0.2	30	1000	0.2	0	0
1.879	45.431	1.4	1000	0.2	30	1000	0.2	0	0
1.88	45.318	1.4	1000	0.2	30	1000	0.2	0	0
1.881	45.2051	1.4	1000	0.2	30	1000	0.2	0	0
1.882	45.0921	1.4	1000	0.2	30	1000	0.2	0	0
1.883	44.9791	1.4	1000	0.2	30	1000	0.2	0	0
1.884	44.8661	1.4	1000	0.2	30	1000	0.2	0	0
1.885	44.7531	1.4	1000	0.2	30	1000	0.2	0	0
1.886	44.6402	1.4	1000	0.2	30	1000	0.2	0	0
1.887	44.5272	1.4	1000	0.2	30	1000	0.2	0	0
1.888	44.4142	1.4	1000	0.2	30	1000	0.2	0	0
1.889	44.3012	1.4	1000	0.2	30	1000	0.2	0	0
1.89	44.1882	1.4	1000	0.2	30	1000	0.2	0	0
1.891	44.0753	1.4	1000	0.2	30	1000	0.2	0	0
1.892	43.9623	1.4	1000	0.2	30	1000	0.2	0	0
1.893	43.8493	1.4	1000	0.2	30	1000	0.2	0	0
1.894	43.7363	1.4	1000	0.2	30	1000	0.2	0	0
1.895	43.6234	1.4	1000	0.2	30	1000	0.2	0	0
1.896	43.5104	1.4	1000	0.2	30	1000	0.2	0	0
1.897	43.3974	1.4	1000	0.2	30	1000	0.2	0	0
1.898	43.2844	1.4	1000	0.2	30	1000	0.2	0	0
1.899	43.1714	1.4	1000	0.2	30	1000	0.2	0	0
1.9	43.0585	1.4	1000	0.2	30	1000	0.2	0	0
1.901	42.9455	1.4	1000	0.2	30	1000	0.2	0	0
1.902	42.8325	1.4	1000	0.2	30	1000	0.2	0	0
1.903	42.7195	1.4	1000	0.2	30	1000	0.2	0	0
1.904	42.6065	1.4	1000	0.2	30	1000	0.2	0	0
1.905	42.4936	1.4	1000	0.2	30	1000	0.2	0	0
1.906	42.3806	1.4	1000	0.2	30	1000	0.2	0	0
1.907	42.2676	1.4	1000	0.2	30	1000	0.2	0	0
1.908	42.1546	1.4	1000	0.2	30	1000	0.2	0	0
1.909	42.0417	1.4	1000	0.2	30	1000	0.2	0	0
1.91	41.9287	1.4	1000	0.2	30	1000	0.2	0	0
1.911	41.8157	1.4	1000	0.2	30	1000	0.2	0	0
1.912	41.7027	1.4	1000	0.2	30	1000	0.2	0	0
1.913	41.5897	1.4	1000	0.2	30	1000	0.2	0	0
1.914	41.4768	1.4	1000	0.2	30	1000	0.2	0	0
1.915	41.3638	1.4	1000	0.2	30	1000	0.2	0	0
1.916	41.2508	1.4	1000	0.2	30	1000	0.2	0	0
1.917	41.1378	1.4	1000	0.2	30	1000	0.2	0	0
1.918	41.0248	1.4	1000	0.2	30	1000	0.2	0	0
1.919	40.9119	1.4	1000	0.2	30	1000	0.2	0	0
1.92	40.7989	1.4	1000	0.2	30	1000	0.2	0	0
1.921	40.6859	1.4	1000	0.2	30	1000	0.2	0	0
1.922	40.5729	1.4	1000	0.2	30	1000	0.2	0	0
1.923	40.46	1.4	1000	0.2	30	1000	0.2	0	0
1.924	40.347	1.4	1000	0.2	30	1000	0.2	0	0
1.925	40.234	1.4	1000	0.2	30	1000	0.2	0	0
1.926	40.121	1.4	1000	0.2	30	1000	0.2	0	0
1.927	40.008	1.4	1000	0.2	30	1000	0.2	0	0
1.928	39.8951	1.4	1000	0.2	30	1000	0.2	0	0
1.929	39.7821	1.4	1000	0.2	30	1000	0.2	0	0
1.93	39.6691	1.4	1000	0.2	30	1000	0.2	0	0
1.931	39.5561	1.4	1000	0.2	30	1000	0.2	0	0
1.932	39.4431	1.4	1000	0.2	30	1000	0.2	0	0
1.933	39.3302	1.4	1000	0.2	30	1000	0.2	0	0
1.934	39.2172	1.4	1000	0.2	30	1000	0.2	0	0
1.935	39.1042	1.4	1000	0.2	30	1000	0.2	0	0
1.936	38.9912	1.4	1000	0.2	30	1000	0.2	0	0
1.937	38.8783	1.4	1000	0.2	30	1000	0.2	0	0
1.938	38.7653	1.4	1000	0.2	30	1000	0.2	0	0
1.939	38.6523	1.4	1000	0.2	30	1000	0.2	0	0
1.94	38.5393	1.4	1000	0.2	30	1000	0.2	0	0
1.941	38.4263	1.4	1000	0.2	30	1000	0.2	0	0
1.942	38.3134	1.4	1000	0.2	30	1000	0.2	0	0
1.943	38.2004	1.4	1000	0.2	30	1000	0.2	0	0
1.944	38.0874	1.4	1000	0.2	30	1000	0.2	0	0
1.945	37.9744	1.4	1000	0.2	30	1000	0.2	0	0
1.946	37.8614	1.4	1000	0.2	30	1000	0.2	0	0
1.947	37.7592	1.4	1000	0.2	30	1000	0.2	0	0
1.948	37.6542	1.4	1000	0.2	30	1000	0.2	0	0
1.949	37.5829	1.4	1000	0.2	30	1000	0.2	0	0
1.95	37.5557	1.4	1000	0.2	30	1000	0.2	0	0
1.951	37.5562	1.4	1000	0.2	30	1000	0.2	0	0
1.952	37.6069	1.4	1000	0.2	30	1000	0.2	0	0
1.953	37.7139	1.4	1000	0.2	30	1000	0.2	0	0
1.954	37.8593	1.4	1000	0.2	30	1000	0.2	0	0
1.955	38.0356	1.4	1000	0.2	30	1000	0.2	0	0
1.956	38.2268	1.4	1000	0.2	30	1000	0.2	0	0
1.957	38.4265	1.4	1000	0.2	30	1000	0.2	0	0
1.958	38.6469	1.4	1000	0.2	30	1000	0.2	0	0
1.959	38.8676	1.4	1000	0.2	30	1000	0.2	0	0
1.96	39.072	1.4	1000	0.2	30	1000	0.2	0	0
1.961	39.2625	1.4	1000	0.2	30	1000	0.2	0	0
1.962	39.4559	1.4	1000	0.2	30	1000	0.2	0	0
1.963	39.635	1.4	1000	0.2	30	1000	0.2	0	0
1.964	39.7934	1.4	1000	0.2	30	1000	0.2	0	0
1.965	39.9355	1.4	1000	0.2	30	1000	0.2	0	0
1.966	40.0614	1.4	1000	0.2	30	1000	0.2	0	0
1.967	40.1808	1.4	1000	0.2	30	1000	0.2	0	0
1.968	40.2984	1.4	1000	0.2	30	1000	0.2	0	0
1.969	40.4168	1.4	1000	0.2	30	1000	0.2	0	0
1.97	40.5338	1.4	1000	0.2	30	1000	0.2	0	0
1.971	40.6513	1.4	1000	0.2	30	1000	0.2	0	0
1.972	40.7659	1.4	1000	0.2	30	1000	0.2	0	0
1.973	40.8783	1.4	1000	0.2	30	1000	0.2	0	0
1.974	40.992	1.4	1000	0.2	30	1000	0.2	0	0
1.975	41.1064	1.4	1000	0.2	30	1000	0.2	0	0
1.976	41.221	1.4	1000	0.2	30	1000	0.2	0	0
1.977	41.3359	1.4	1000	0.2	30	1000	0.2	0	0
1.978	41.4491	1.4	1000	0.2	30	1000	0.2	0	0
1.979	41.5607	1.4	1000	0.2	30	1000	0.2	0	0
1.98	41.6705	1.4	1000	0.2	30	1000	0.2	0	0
1.981	41.7772	1.4	1000	0.2	30	1000	0.2	0	0
1.982	41.8797	1.4	1000	0.2	30	1000	0.2	0	0
1.983	41.9807	1.4	1000	0.2	30	1000	0.2	0	0
1.984	42.0782	1.4	1000	0.2	30	1000	0.2	0	0
1.985	42.1731	1.4	1000	0.2	30	1000	0.2	0	0
1.986	42.2687	1.4	1000	0.2	30	1000	0.2	0	0
1.987	42.3634	1.4	1000	0.2	30	1000	0.2	0	0
1.988	42.4584	1.4	1000	0.2	30	1000	0.2	0	0
1.989	42.5511	1.4	1000	0.2	30	1000	0.2	0	0
1.99	42.6415	1.4	1000	0.2	30	1000	0.2	0	0
1.991	42.7276	1.4	1000	0.2	30	1000	0.2	0	0
1.992	42.8058	1.4	1000	0.2	30	1000	0.2	0	0
1.993	42.8789	1.4	1000	0.2	30	1000	0.2	0	0
1.994	42.9463	1.4	1000	0.2	30	1000	0.2	0	0
1.995	43.0052	1.4	1000	0.2	30	1000	0.2	0	0
1.996	43.0607	1.4	1000	0.2	30	1000	0.2	0	0
1.997	43.113	1.4	1000	0.2	30	1000	0.2	0	0
1.998	43.1656	1.4	1000	0.2	30	1000	0.2	0	0
1.999	43.2227	1.4	1000	0.2	30	1000	0.2	0	0
2	43.2827	1.4	1000	0.2	30	1000	0.2	0	0
2.001	43.3438	1.4	1000	0.2	30	1000	0.2	0	0
2.002	43.4128	1.4	1000	0.2	30	1000	0.2	0	0
2.003	43.491	1.4	1000	0.2	30	1000	0.2	0	0
2.004	43.5757	1.4	1000	0.2	30	1000	0.2	0	0
2.005	43.6716	1.4	1000	0.2	30	1000	0.2	0	0
2.006	43.7712	1.4	1000	0.2	30	1000	0.2	0	0
2.007	43.8606	1.4	1000	0.2	30	1000	0.2	0	0
2.008	43.9506	1.4	1000	0.2	30	1000	0.2	0	0
2.009	44.0356	1.4	1000	0.2	30	1000	0.2	0	0
2.01	44.1136	1.4	1000	0.2	30	1000	0.2	0	0
2.011	44.1862	1.4	1000	0.2	30	1000	0.2	0	0
2.012	44.2528	1.4	1000	0.2	30	1000	0.2	0	0
2.013	44.3176	1.4	1000	0.2	30	1000	0.2	0	0
2.014	44.3901	1.4	1000	0.2	30	1000	0.2	0	0
2.015	44.462	1.4	1000	0.2	30	1000	0.2	0	0
2.016	44.5317	1.4	1000	0.2	30	1000	0.2	0	0
2.017	44.5982	1.4	1000	0.2	30	1000	0.2	0	0
2.018	44.6615	1.4	1000	0.2	30	1000	0.2	0	0
2.019	44.7148	1.4	1000	0.2	30	1000	0.2	0	0
2.02	44.7611	1.4	1000	0.2	30	1000	0.2	0	0
2.021	44.8026	1.4	1000	0.2	30	1000	0.2	0	0
2.022	44.8382	1.4	1000	0.2	30	1000	0.2	0	0
2.023	44.8661	1.4	1000	0.2	30	1000	0.2	0	0
2.024	44.8865	1.4	1000	0.2	30	1000	0.2	0	0
2.025	44.8991	1.4	1000	0.2	30	1000	0.2	0	0
2.026	44.9071	1.4	1000	0.2	30	1000	0.2	0	0
2.027	44.9117	1.4	1000	0.2	30	1000	0.2	0	0
2.028	44.9113	1.4	1000	0.2	30	1000	0.2	0	0
2.029	44.9072	1.4	1000	0.2	30	1000	0.2	0	0
2.03	44.8985	1.4	1000	0.2	30	1000	0.2	0	0
2.031	44.8814	1.4	1000	0.2	30	1000	0.2	0	0
2.032	44.8601	1.4	1000	0.2	30	1000	0.2	0	0
2.033	44.8361	1.4	1000	0.2	30	1000	0.2	0	0
2.034	44.8069	1.4	1000	0.2	30	1000	0.2	0	0
2.035	44.7744	1.4	1000	0.2	30	1000	0.2	0	0
2.036	44.7388	1.4	1000	0.2	30	1000	0.2	0	0
2.037	44.7016	1.4	1000	0.2	30	1000	0.2	0	0
2.038	44.6677	1.4	1000	0.2	30	1000	0.2	0	0
2.039	44.6332	1.4	1000	0.2	30	1000	0.2	0	0
2.04	44.5979	1.4	1000	0.2	30	1000	0.2	0	0
2.041	44.5619	1.4	1000	0.2	30	1000	0.2	0	0
2.042	44.5235	1.4	1000	0.2	30	1000	0.2	0	0
2.043	44.4831	1.4	1000	0.2	30	1000	0.2	0	0
2.044	44.4418	1.4	1000	0.2	30	1000	0.2	0	0
2.045	44.399	1.4	1000	0.2	30	1000	0.2	0	0
2.046	44.3515	1.4	1000	0.2	30	1000	0.2	0	0
2.047	44.3011	1.4	1000	0.2	30	1000	0.2	0	0
2.048	44.2522	1.4	1000	0.2	30	1000	0.2	0	0
2.049	44.2052	1.4	1000	0.2	30	1000	0.2	0	0
2.05	44.1615	1.4	1000	0.2	30	1000	0.2	0	0
2.051	44.1192	1.4	1000	0.2	30	1000	0.2	0	0
2.052	44.0787	1.4	1000	0.2	30	1000	0.2	0	0
2.053	44.0393	1.4	1000	0.2	30	1000	0.2	0	0
2.054	44.0013	1.4	1000	0.2	30	1000	0.2	0	0
2.055	43.9644	1.4	1000	0.2	30	1000	0.2	0	0
2.056	43.9289	1.4	1000	0.2	30	1000	0.2	0	0
2.057	43.8929	1.4	1000	0.2	30	1000	0.2	0	0
2.058	43.8575	1.4	1000	0.2	30	1000	0.2	0	0
2.059	43.8218	1.4	1000	0.2	30	1000	0.2	0	0
2.06	43.792	1.4	1000	0.2	30	1000	0.2	0	0
2.061	43.7672	1.4	1000	0.2	30	1000	0.2	0	0
2.062	43.7433	1.4	1000	0.2	30	1000	0.2	0	0
2.063	43.7237	1.4	1000	0.2	30	1000	0.2	0	0
2.064	43.7059	1.4	1000	0.2	30	1000	0.2	0	0
2.065	43.6875	1.4	1000	0.2	30	1000	0.2	0	0
2.066	43.6718	1.4	1000	0.2	30	1000	0.2	0	0
2.067	43.656	1.4	1000	0.2	30	1000	0.2	0	0
2.068	43.6381	1.4	1000	0.2	30	1000	0.2	0	0
2.069	43.6188	1.4	1000	0.2	30	1000	0.2	0	0
2.07	43.5959	1.4	1000	0.2	30	1000	0.2	0	0
2.071	43.5727	1.4	1000	0.2	30	1000	0.2	0	0
2.072	43.5525	1.4	1000	0.2	30	1000	0.2	0	0
2.073	43.5331	1.4	1000	0.2	30	1000	0.2	0	0
2.074	43.5146	1.4	1000	0.2	30	1000	0.2	0	0
2.075	43.497	1.4	1000	0.2	30	1000	0.2	0	0
2.076	43.4804	1.4	1000	0.2	30	1000	0.2	0	0
2.077	43.466	1.4	1000	0.2	30	1000	0.2	0	0
2.078	43.4548	1.4	1000	0.2	30	1000	0.2	0	0
2.079	43.4445	1.4	1000	0.2	30	1000	0.2	0	0
2.08	43.4344	1.4	1000	0.2	30	1000	0.2	0	0
2.081	43.4243	1.4	1000	0.2	30	1000	0.2	0	0
2.082	43.4143	1.4	1000	0.2	30	1000	0.2	0	0
2.083	43.4055	1.4	1000	0.2	30	1000	0.2	0	0
2.084	43.3952	1.4	1000	0.2	30	1000	0.2	0	0
2.085	43.3797	1.4	1000	0.2	30	1000	0.2	0	0
2.086	43.363	1.4	1000	0.2	30	1000	0.2	0	0
2.087	43.3462	1.4	1000	0.2	30	1000	0.2	0	0
2.088	43.3287	1.4	1000	0.2	30	1000	0.2	0	0
2.089	43.3119	1.4	1000	0.2	30	1000	0.2	0	0
2.09	43.2945	1.4	1000	0.2	30	1000	0.2	0	0
2.091	43.2764	1.4	1000	0.2	30	1000	0.2	0	0
2.092	43.2597	1.4	1000	0.2	30	1000	0.2	0	0
2.093	43.2434	1.4	1000	0.2	30	1000	0.2	0	0
2.094	43.2274	1.4	1000	0.2	30	1000	0.2	0	0
2.095	43.2106	1.4	1000	0.2	30	1000	0.2	0	0
2.096	43.1925	1.4	1000	0.2	30	1000	0.2	0	0
2.097	43.1749	1.4	1000	0.2	30	1000	0.2	0	0
2.098	43.1607	1.4	1000	0.2	30	1000	0.2	0	0
2.099	43.1483	1.4	1000	0.2	30	1000	0.2	0	0
2.1	43.1372	1.4	1000	0.2	30	1000	0.2	0	0
2.101	43.1277	1.4	1000	0.2	30	1000	0.2	0	0
2.102	43.1211	1.4	1000	0.2	30	1000	0.2	0	0
2.103	43.1155	1.4	1000	0.2	30	1000	0.2	0	0
2.104	43.11	1.4	1000	0.2	30	1000	0.2	0	0
2.105	43.1045	1.4	1000	0.2	30	1000	0.2	0	0
2.106	43.1002	1.4	1000	0.2	30	1000	0.2	0	0
2.107	43.0961	1.4	1000	0.2	30	1000	0.2	0	0
2.108	43.0932	1.4	1000	0.2	30	1000	0.2	0	0
2.109	43.0913	1.4	1000	0.2	30	1000	0.2	0	0
2.11	43.091	1.4	1000	0.2	30	1000	0.2	0	0
2.111	43.0914	1.4	1000	0.2	30	1000	0.2	0	0
2.112	43.0907	1.4	1000	0.2	30	1000	0.2	0	0
2.113	43.0879	1.4	1000	0.2	30	1000	0.2	0	0
2.114	43.0849	1.4	1000	0.2	30	1000	0.2	0	0
2.115	43.0803	1.4	1000	0.2	30	1000	0.2	0	0
2.116	43.075	1.4	1000	0.2	30	1000	0.2	0	0
2.117	43.071	1.4	1000	0.2	30	1000	0.2	0	0
2.118	43.0679	1.4	1000	0.2	30	1000	0.2	0	0
2.119	43.0647	1.4	1000	0.2	30	1000	0.2	0	0
2.12	43.0629	1.4	1000	0.2	30	1000	0.2	0	0
2.121	43.061	1.4	1000	0.2	30	1000	0.2	0	0
2.122	43.0592	1.4	1000	0.2	30	1000	0.2	0	0
2.123	43.0562	1.4	1000	0.2	30	1000	0.2	0	0
2.124	43.0493	1.4	1000	0.2	30	1000	0.2	0	0
2.125	43.0381	1.4	1000	0.2	30	1000	0.2	0	0
2.126	43.027	1.4	1000	0.2	30	1000	0.2	0	0
2.127	43.0166	1.4	1000	0.2	30	1000	0.2	0	0
2.128	43.006	1.4	1000	0.2	30	1000	0.2	0	0
2.129	42.9971	1.4	1000	0.2	30	1000	0.2	0	0
2.13	42.9911	1.4	1000	0.2	30	1000	0.2	0	0
2.131	42.9865	1.4	1000	0.2	30	1000	0.2	0	0
2.132	42.9838	1.4	1000	0.2	30	1000	0.2	0	0
2.133	42.9811	1.4	1000	0.2	30	1000	0.2	0	0
2.134	42.9764	1.4	1000	0.2	30	1000	0.2	0	0
2.135	42.971	1.4	1000	0.2	30	1000	0.2	0	0
2.136	42.9633	1.4	1000	0.2	30	1000	0.2	0	0
2.137	42.9541	1.4	1000	0.2	30	1000	0.2	0	0
2.138	42.9456	1.4	1000	0.2	30	1000	0.2	0	0
2.139	42.9404	1.4	1000	0.2	30	1000	0.2	0	0
2.14	42.9405	1.4	1000	0.2	30	1000	0.2	0	0
2.141	42.9438	1.4	1000	0.2	30	1000	0.2	0	0
2.142	42.9479	1.4	1000	0.2	30	1000	0.2	0	0
2.143	42.9547	1.4	1000	0.2	30	1000	0.2	0	0
2.144	42.9633	1.4	1000	0.2	30	1000	0.2	0	0
2.145	42.9718	1.4	1000	0.2	30	1000	0.2	0	0
2.146	42.9788	1.4	1000	0.2	30	1000	0.2	0	0
2.147	42.9831	1.4	1000	0.2	30	1000	0.2	0	0
2.148	42.9868	1.4	1000	0.2	30	1000	0.2	0	0
2.149	42.9895	1.4	1000	0.2	30	1000	0.2	0	0
2.15	42.9913	1.4	1000	0.2	30	1000	0.2	0	0
2.151	42.9923	1.4	1000	0.2	30	1000	0.2	0	0
2.152	42.9965	1.4	1000	0.2	30	1000	0.2	0	0
2.153	43.0063	1.4	1000	0.2	30	1000	0.2	0	0
2.154	43.0176	1.4	1000	0.2	30	1000	0.2	0	0
2.155	43.0334	1.4	1000	0.2	30	1000	0.2	0	0
2.156	43.0524	1.4	1000	0.2	30	1000	0.2	0	0
2.157	43.0678	1.4	1000	0.2	30	1000	0.2	0	0
2.158	43.0826	1.4	1000	0.2	30	1000	0.2	0	0
2.159	43.0969	1.4	1000	0.2	30	1000	0.2	0	0
2.16	43.1067	1.4	1000	0.2	30	1000	0.2	0	0
2.161	43.1134	1.4	1000	0.2	30	1000	0.2	0	0
2.162	43.1163	1.4	1000	0.2	30	1000	0.2	0	0
2.163	43.1189	1.4	1000	0.2	30	1000	0.2	0	0
2.164	43.1265	1.4	1000	0.2	30	1000	0.2	0	0
2.165	43.1356	1.4	1000	0.2	30	1000	0.2	0	0
2.166	43.1457	1.4	1000	0.2	30	1000	0.2	0	0
2.167	43.1583	1.4	1000	0.2	30	1000	0.2	0	0
2.168	43.1751	1.4	1000	0.2	30	1000	0.2	0	0
2.169	43.1925	1.4	1000	0.2	30	1000	0.2	0	0
2.17	43.2103	1.4	1000	0.2	30	1000	0.2	0	0
2.171	43.2287	1.4	1000	0.2	30	1000	0.2	0	0
2.172	43.2444	1.4	1000	0.2	30	1000	0.2	0	0
2.173	43.2585	1.4	1000	0.2	30	1000	0.2	0	0
2.174	43.2741	1.4	1000	0.2	30	1000	0.2	0	0
2.175	43.2886	1.4	1000	0.2	30	1000	0.2	0	0
2.176	43.304	1.4	1000	0.2	30	1000	0.2	0	0
2.177	43.3191	1.4	1000	0.2	30	1000	0.2	0	0
2.178	43.3324	1.4	1000	0.2	30	1000	0.2	0	0
2.179	43.3478	1.4	1000	0.2	30	1000	0.2	0	0
2.18	43.3613	1.4	1000	0.2	30	1000	0.2	0	0
2.181	43.3719	1.4	1000	0.2	30	1000	0.2	0	0
2.182	43.384	1.4	1000	0.2	30	1000	0.2	0	0
2.183	43.3966	1.4	1000	0.2	30	1000	0.2	0	0
2.184	43.4125	1.4	1000	0.2	30	1000	0.2	0	0
2.185	43.431	1.4	1000	0.2	30	1000	0.2	0	0
2.186	43.4491	1.4	1000	0.2	30	1000	0.2	0	0
2.187	43.4674	1.4	1000	0.2	30	1000	0.2	0	0
2.188	43.4866	1.4	1000	0.2	30	1000	0.2	0	0
2.189	43.5053	1.4	1000	0.2	30	1000	0.2	0	0
2.19	43.5235	1.4	1000	0.2	30	1000	0.2	0	0
2.191	43.5409	1.4	1000	0.2	30	1000	0.2	0	0
2.192	43.5582	1.4	1000	0.2	30	1000	0.2	0	0
2.193	43.5752	1.4	1000	0.2	30	1000	0.2	0	0
2.194	43.594	1.4	1000	0.2	30	1000	0.2	0	0
2.195	43.6144	1.4	1000	0.2	30	1000	0.2	0	0
2.196	43.633	1.4	1000	0.2	30	1000	0.2	0	0
2.197	43.6491	1.4	1000	0.2	30	1000	0.2	0	0
2.198	43.6625	1.4	1000	0.2	30	1000	0.2	0	0
2.199	43.6738	1.4	1000	0.2	30	1000	0.2	0	0
2.2	43.6865	1.4	1000	0.2	30	1000	0.2	0	0
2.201	43.7009	1.4	1000	0.2	30	1000	0.2	0	0
2.202	43.7124	1.4	1000	0.2	30	1000	0.2	0	0
2.203	43.7221	1.4	1000	0.2	30	1000	0.2	0	0
2.204	43.7316	1.4	1000	0.2	30	1000	0.2	0	0
2.205	43.7381	1.4	1000	0.2	30	1000	0.2	0	0
2.206	43.7422	1.4	1000	0.2	30	1000	0.2	0	0
2.207	43.7406	1.4	1000	0.2	30	1000	0.2	0	0
2.208	43.7342	1.4	1000	0.2	30	1000	0.2	0	0
2.209	43.7272	1.4	1000	0.2	30	1000	0.2	0	0
2.21	43.7232	1.4	1000	0.2	30	1000	0.2	0	0
2.211	43.7176	1.4	1000	0.2	30	1000	0.2	0	0
2.212	43.712	1.4	1000	0.2	30	1000	0.2	0	0
2.213	43.7054	1.4	1000	0.2	30	1000	0.2	0	0
2.214	43.696	1.4	1000	0.2	30	1000	0.2	0	0
2.215	43.6829	1.4	1000	0.2	30	1000	0.2	0	0
2.216	43.6674	1.4	1000	0.2	30	1000	0.2	0	0
2.217	43.6441	1.4	1000	0.2	30	1000	0.2	0	0
2.218	43.6165	1.4	1000	0.2	30	1000	0.2	0	0
2.219	43.5839	1.4	1000	0.2	30	1000	0.2	0	0
2.22	43.5469	1.4	1000	0.2	30	1000	0.2	0	0
2.221	43.5089	1.4	1000	0.2	30	1000	0.2	0	0
2.222	43.4667	1.4	1000	0.2	30	1000	0.2	0	0
2.223	43.4159	1.4	1000	0.2	30	1000	0.2	0	0
2.224	43.3588	1.4	1000	0.2	30	1000	0.2	0	0
2.225	43.2953	1.4	1000	0.2	30	1000	0.2	0	0
2.226	43.2232	1.4	1000	0.2	30	1000	0.2	0	0
2.227	43.1426	1.4	1000	0.2	30	1000	0.2	0	0
2.228	43.0542	1.4	1000	0.2	30	1000	0.2	0	0
2.229	42.9569	1.4	1000	0.2	30	1000	0.2	0	0
2.23	42.8523	1.4	1000	0.2	30	1000	0.2	0	0
2.231	42.7377	1.4	1000	0.2	30	1000	0.2	0	0
2.232	42.6116	1.4	1000	0.2	30	1000	0.2	0	0
2.233	42.4755	1.4	1000	0.2	30	1000	0.2	0	0
2.234	42.3313	1.4	1000	0.2	30	1000	0.2	0	0
2.235	42.1785	1.4	1000	0.2	30	1000	0.2	0	0
2.236	42.0179	1.4	1000	0.2	30	1000	0.2	0	0
2.237	41.8507	1.4	1000	0.2	30	1000	0.2	0	0
2.238	41.6783	1.4	1000	0.2	30	1000	0.2	0	0
2.239	41.5017	1.4	1000	0.2	30	1000	0.2	0	0
2.24	41.323	1.4	1000	0.2	30	1000	0.2	0	0
2.241	41.1412	1.4	1000	0.2	30	1000	0.2	0	0
2.242	40.9568	1.4	1000	0.2	30	1000	0.2	0	0
2.243	40.7712	1.4	1000	0.2	30	1000	0.2	0	0
2.244	40.5804	1.4	1000	0.2	30	1000	0.2	0	0
2.245	40.3848	1.4	1000	0.2	30	1000	0.2	0	0
2.246	40.1869	1.4	1000	0.2	30	1000	0.2	0	0
2.247	39.9829	1.4	1000	0.2	30	1000	0.2	0	0
2.248	39.7725	1.4	1000	0.2	30	1000	0.2	0	0
2.249	39.5565	1.4	1000	0.2	30	1000	0.2	0	0
2.25	39.3346	1.4	1000	0.2	30	1000	0.2	0	0
2.251	39.1075	1.4	1000	0.2	30	1000	0.2	0	0
2.252	38.8793	1.4	1000	0.2	30	1000	0.2	0	0
2.253	38.6529	1.4	1000	0.2	30	1000	0.2	0	0
2.254	38.4303	1.4	1000	0.2	30	1000	0.2	0	0
2.255	38.2104	1.4	1000	0.2	30	1000	0.2	0	0
2.256	37.9956	1.4	1000	0.2	30	1000	0.2	0	0
2.257	37.7863	1.4	1000	0.2	30	1000	0.2	0	0
2.258	37.5863	1.4	1000	0.2	30	1000	0.2	0	0
2.259	37.3945	1.4	1000	0.2	30	1000	0.2	0	0
2.26	37.2108	1.4	1000	0.2	30	1000	0.2	0	0
2.261	37.038	1.4	1000	0.2	30	1000	0.2	0	0
2.262	36.8785	1.4	1000	0.2	30	1000	0.2	0	0
2.263	36.7307	1.4	1000	0.2	30	1000	0.2	0	0
2.264	36.5967	1.4	1000	0.2	30	1000	0.2	0	0
2.265	36.4764	1.4	1000	0.2	30	1000	0.2	0	0
2.266	36.3699	1.4	1000	0.2	30	1000	0.2	0	0
2.267	36.2739	1.4	1000	0.2	30	1000	0.2	0	0
2.268	36.1882	1.4	1000	0.2	30	1000	0.2	0	0
2.269	36.112	1.4	1000	0.2	30	1000	0.2	0	0
2.27	36.0431	1.4	1000	0.2	30	1000	0.2	0	0
2.271	35.9826	1.4	1000	0.2	30	1000	0.2	0	0
2.272	35.9361	1.4	1000	0.2	30	1000	0.2	0	0
2.273	35.8944	1.4	1000	0.2	30	1000	0.2	0	0
2.274	35.8551	1.4	1000	0.2	30	1000	0.2	0	0
2.275	35.8188	1.4	1000	0.2	30	1000	0.2	0	0
2.276	35.7832	1.4	1000	0.2	30	1000	0.2	0	0
2.277	35.7474	1.4	1000	0.2	30	1000	0.2	0	0
2.278	35.7086	1.4	1000	0.2	30	1000	0.2	0	0
2.279	35.6586	1.4	1000	0.2	30	1000	0.2	0	0
2.28	35.6006	1.4	1000	0.2	30	1000	0.2	0	0
2.281	35.5386	1.4	1000	0.2	30	1000	0.2	0	0
2.282	35.4731	1.4	1000	0.2	30	1000	0.2	0	0
2.283	35.4015	1.4	1000	0.2	30	1000	0.2	0	0
2.284	35.3225	1.4	1000	0.2	30	1000	0.2	0	0
2.285	35.2347	1.4	1000	0.2	30	1000	0.2	0	0
2.286	35.1355	1.4	1000	0.2	30	1000	0.2	0	0
2.287	35.0311	1.4	1000	0.2	30	1000	0.2	0	0
2.288	34.9215	1.4	1000	0.2	30	1000	0.2	0	0
2.289	34.8022	1.4	1000	0.2	30	1000	0.2	0	0
2.29	34.6759	1.4	1000	0.2	30	1000	0.2	0	0
2.291	34.5474	1.4	1000	0.2	30	1000	0.2	0	0
2.292	34.4181	1.4	1000	0.2	30	1000	0.2	0	0
2.293	34.2887	1.4	1000	0.2	30	1000	0.2	0	0
2.294	34.1628	1.4	1000	0.2	30	1000	0.2	0	0
2.295	34.043	1.4	1000	0.2	30	1000	0.2	0	0
2.296	33.9319	1.4	1000	0.2	30	1000	0.2	0	0
2.297	33.8324	1.4	1000	0.2	30	1000	0.2	0	0
2.298	33.7456	1.4	1000	0.2	30	1000	0.2	0	0
2.299	33.6745	1.4	1000	0.2	30	1000	0.2	0	0
2.3	33.6189	1.4	1000	0.2	30	1000	0.2	0	0
2.301	33.5742	1.4	1000	0.2	30	1000	0.2	0	0
2.302	33.5366	1.4	1000	0.2	30	1000	0.2	0	0
2.303	33.5036	1.4	1000	0.2	30	1000	0.2	0	0
2.304	33.4748	1.4	1000	0.2	30	1000	0.2	0	0
2.305	33.4477	1.4	1000	0.2	30	1000	0.2	0	0
2.306	33.4226	1.4	1000	0.2	30	1000	0.2	0	0
2.307	33.4032	1.4	1000	0.2	30	1000	0.2	0	0
2.308	33.3914	1.4	1000	0.2	30	1000	0.2	0	0
2.309	33.3912	1.4	1000	0.2	30	1000	0.2	0	0
2.31	33.4062	1.4	1000	0.2	30	1000	0.2	0	0
2.311	33.4365	1.4	1000	0.2	30	1000	0.2	0	0
2.312	33.4852	1.4	1000	0.2	30	1000	0.2	0	0
2.313	33.5542	1.4	1000	0.2	30	1000	0.2	0	0
2.314	33.6409	1.4	1000	0.2	30	1000	0.2	0	0
2.315	33.7444	1.4	1000	0.2	30	1000	0.2	0	0
2.316	33.8604	1.4	1000	0.2	30	1000	0.2	0	0
2.317	33.9898	1.4	1000	0.2	30	1000	0.2	0	0
2.318	34.1251	1.4	1000	0.2	30	1000	0.2	0	0
2.319	34.2621	1.4	1000	0.2	30	1000	0.2	0	0
2.32	34.3885	1.4	1000	0.2	30	1000	0.2	0	0
2.321	34.4946	1.4	1000	0.2	30	1000	0.2	0	0
2.322	34.5841	1.4	1000	0.2	30	1000	0.2	0	0
2.323	34.6584	1.4	1000	0.2	30	1000	0.2	0	0
2.324	34.711	1.4	1000	0.2	30	1000	0.2	0	0
2.325	34.7488	1.4	1000	0.2	30	1000	0.2	0	0
2.326	34.7707	1.4	1000	0.2	30	1000	0.2	0	0
2.327	34.7773	1.4	1000	0.2	30	1000	0.2	0	0
2.328	34.781	1.4	1000	0.2	30	1000	0.2	0	0
2.329	34.7778	1.4	1000	0.2	30	1000	0.2	0	0
2.33	34.7643	1.4	1000	0.2	30	1000	0.2	0	0
2.331	34.7415	1.4	1000	0.2	30	1000	0.2	0	0
2.332	34.7076	1.4	1000	0.2	30	1000	0.2	0	0
2.333	34.6642	1.4	1000	0.2	30	1000	0.2	0	0
2.334	34.6166	1.4	1000	0.2	30	1000	0.2	0	0
2.335	34.5706	1.4	1000	0.2	30	1000	0.2	0	0
2.336	34.5222	1.4	1000	0.2	30	1000	0.2	0	0
2.337	34.4635	1.4	1000	0.2	30	1000	0.2	0	0
2.338	34.3981	1.4	1000	0.2	30	1000	0.2	0	0
2.339	34.3261	1.4	1000	0.2	30	1000	0.2	0	0
2.34	34.2385	1.4	1000	0.2	30	1000	0.2	0	0
2.341	34.1471	1.4	1000	0.2	30	1000	0.2	0	0
2.342	34.0545	1.4	1000	0.2	30	1000	0.2	0	0
2.343	33.9561	1.4	1000	0.2	30	1000	0.2	0	0
2.344	33.8589	1.4	1000	0.2	30	1000	0.2	0	0
2.345	33.7705	1.4	1000	0.2	30	1000	0.2	0	0
2.346	33.6927	1.4	1000	0.2	30	1000	0.2	0	0
2.347	33.6411	1.4	1000	0.2	30	1000	0.2	0	0
2.348	33.613	1.4	1000	0.2	30	1000	0.2	0	0
2.349	33.5965	1.4	1000	0.2	30	1000	0.2	0	0
2.35	33.6003	1.4	1000	0.2	30	1000	0.2	0	0
2.351	33.6285	1.4	1000	0.2	30	1000	0.2	0	0
2.352	33.6767	1.4	1000	0.2	30	1000	0.2	0	0
2.353	33.737	1.4	1000	0.2	30	1000	0.2	0	0
2.354	33.8002	1.4	1000	0.2	30	1000	0.2	0	0
2.355	33.8609	1.4	1000	0.2	30	1000	0.2	0	0
2.356	33.9202	1.4	1000	0.2	30	1000	0.2	0	0
2.357	33.9782	1.4	1000	0.2	30	1000	0.2	0	0
2.358	34.0402	1.4	1000	0.2	30	1000	0.2	0	0
2.359	34.0942	1.4	1000	0.2	30	1000	0.2	0	0
2.36	34.144	1.4	1000	0.2	30	1000	0.2	0	0
2.361	34.1898	1.4	1000	0.2	30	1000	0.2	0	0
2.362	34.2252	1.4	1000	0.2	30	1000	0.2	0	0
2.363	34.2458	1.4	1000	0.2	30	1000	0.2	0	0
2.364	34.2363	1.4	1000	0.2	30	1000	0.2	0	0
2.365	34.2029	1.4	1000	0.2	30	1000	0.2	0	0
2.366	34.1505	1.4	1000	0.2	30	1000	0.2	0	0
2.367	34.0922	1.4	1000	0.2	30	1000	0.2	0	0
2.368	34.0507	1.4	1000	0.2	30	1000	0.2	0	0
2.369	34.0171	1.4	1000	0.2	30	1000	0.2	0	0
2.37	33.9969	1.4	1000	0.2	30	1000	0.2	0	0
2.371	34.0029	1.4	1000	0.2	30	1000	0.2	0	0
2.372	34.0229	1.4	1000	0.2	30	1000	0.2	0	0
2.373	34.0522	1.4	1000	0.2	30	1000	0.2	0	0
2.374	34.0725	1.4	1000	0.2	30	1000	0.2	0	0
2.375	34.0699	1.4	1000	0.2	30	1000	0.2	0	0
2.376	34.0529	1.4	1000	0.2	30	1000	0.2	0	0
2.377	34.0205	1.4	1000	0.2	30	1000	0.2	0	0
2.378	33.9767	1.4	1000	0.2	30	1000	0.2	0	0
2.379	33.9216	1.4	1000	0.2	30	1000	0.2	0	0
2.38	33.8517	1.4	1000	0.2	30	1000	0.2	0	0
2.381	33.7889	1.4	1000	0.2	30	1000	0.2	0	0
2.382	33.7457	1.4	1000	0.2	30	1000	0.2	0	0
2.383	33.7118	1.4	1000	0.2	30	1000	0.2	0	0
2.384	33.6897	1.4	1000	0.2	30	1000	0.2	0	0
2.385	33.6744	1.4	1000	0.2	30	1000	0.2	0	0
2.386	33.6525	1.4	1000	0.2	30	1000	0.2	0	0
2.387	33.6452	1.4	1000	0.2	30	1000	0.2	0	0
2.388	33.6448	1.4	1000	0.2	30	1000	0.2	0	0
2.389	33.6312	1.4	1000	0.2	30	1000	0.2	0	0
2.39	33.6239	1.4	1000	0.2	30	1000	0.2	0	0
2.391	33.6165	1.4	1000	0.2	30	1000	0.2	0	0
2.392	33.6123	1.4	1000	0.2	30	1000	0.2	0	0
2.393	33.6164	1.4	1000	0.2	30	1000	0.2	0	0
2.394	33.6082	1.4	1000	0.2	30	1000	0.2	0	0
2.395	33.5842	1.4	1000	0.2	30	1000	0.2	0	0
2.396	33.5524	1.4	1000	0.2	30	1000	0.2	0	0
2.397	33.5069	1.4	1000	0.2	30	1000	0.2	0	0
2.398	33.4677	1.4	1000	0.2	30	1000	0.2	0	0
2.399	33.4391	1.4	1000	0.2	30	1000	0.2	0	0
2.4	33.4231	1.4	1000	0.2	30	1000	0.2	0	0
2.401	33.4234	1.4	1000	0.2	30	1000	0.2	0	0
2.402	33.4324	1.4	1000	0.2	30	1000	0.2	0	0
2.403	33.445	1.4	1000	0.2	30	1000	0.2	0	0
2.404	33.4562	1.4	1000	0.2	30	1000	0.2	0	0
2.405	33.4466	1.4	1000	0.2	30	1000	0.2	0	0
2.406	33.4082	1.4	1000	0.2	30	1000	0.2	0	0
2.407	33.3487	1.4	1000	0.2	30	1000	0.2	0	0
2.408	33.2941	1.4	1000	0.2	30	1000	0.2	0	0
2.409	33.2413	1.4	1000	0.2	30	1000	0.2	0	0
2.41	33.1769	1.4	1000	0.2	30	1000	0.2	0	0
2.411	33.1087	1.4	1000	0.2	30	1000	0.2	0	0
2.412	33.0268	1.4	1000	0.2	30	1000	0.2	0	0
2.413	32.9646	1.4	1000	0.2	30	1000	0.2	0	0
2.414	32.9398	1.4	1000	0.2	30	1000	0.2	0	0
2.415	32.9078	1.4	1000	0.2	30	1000	0.2	0	0
2.416	32.8654	1.4	1000	0.2	30	1000	0.2	0	0
2.417	32.8247	1.4	1000	0.2	30	1000	0.2	0	0
2.418	32.7863	1.4	1000	0.2	30	1000	0.2	0	0
2.419	32.7619	1.4	1000	0.2	30	1000	0.2	0	0
2.42	32.7219	1.4	1000	0.2	30	1000	0.2	0	0
2.421	32.6502	1.4	1000	0.2	30	1000	0.2	0	0
2.422	32.5669	1.4	1000	0.2	30	1000	0.2	0	0
2.423	32.4886	1.4	1000	0.2	30	1000	0.2	0	0
2.424	32.4291	1.4	1000	0.2	30	1000	0.2	0	0
2.425	32.3675	1.4	1000	0.2	30	1000	0.2	0	0
2.426	32.3071	1.4	1000	0.2	30	1000	0.2	0	0
2.427	32.2597	1.4	1000	0.2	30	1000	0.2	0	0
2.428	32.2054	1.4	1000	0.2	30	1000	0.2	0	0
2.429	32.1586	1.4	1000	0.2	30	1000	0.2	0	0
2.43	32.1072	1.4	1000	0.2	30	1000	0.2	0	0
2.431	32.0262	1.4	1000	0.2	30	1000	0.2	0	0
2.432	31.942	1.4	1000	0.2	30	1000	0.2	0	0
2.433	31.8323	1.4	1000	0.2	30	1000	0.2	0	0
2.434	31.6965	1.4	1000	0.2	30	1000	0.2	0	0
2.435	31.569	1.4	1000	0.2	30	1000	0.2	0	0
2.436	31.4308	1.4	1000	0.2	30	1000	0.2	0	0
2.437	31.3176	1.4	1000	0.2	30	1000	0.2	0	0
2.438	31.2389	1.4	1000	0.2	30	1000	0.2	0	0
2.439	31.1611	1.4	1000	0.2	30	1000	0.2	0	0
2.44	31.1327	1.4	1000	0.2	30	1000	0.2	0	0
2.441	31.1349	1.4	1000	0.2	30	1000	0.2	0	0
2.442	31.1169	1.4	1000	0.2	30	1000	0.2	0	0
2.443	31.0919	1.4	1000	0.2	30	1000	0.2	0	0
2.444	31.0198	1.4	1000	0.2	30	1000	0.2	0	0
2.445	30.9088	1.4	1000	0.2	30	1000	0.2	0	0
2.446	30.8158	1.4	1000	0.2	30	1000	0.2	0	0
2.447	30.7109	1.4	1000	0.2	30	1000	0.2	0	0
2.448	30.6	1.4	1000	0.2	30	1000	0.2	0	0
2.449	30.5161	1.4	1000	0.2	30	1000	0.2	0	0
2.45	30.4557	1.4	1000	0.2	30	1000	0.2	0	0
