*Name: Litter
Type: Mainly leaf litter, 15% needle litter
Particle Size: Solid
Wavelength Range: All

Origin: Remote Sensing Laboratories, University of Zurich

Description: linear spectral mix of 85% leaf litter and 15% needle litter

Measurement: Hemispherical Conical Reflectance Factor HCRF

First Column:  X Wavelength (micrometers)
Second Column:  Y Reflectance (percent)
First X Value: 0.354
Last X Value: 2.45
Number of X Values: 2097
Additional Information:  None*

*Number of Lambda pertinent values : *  2097
*Lambda_min - Lambda_max : *  0.354 2.45
*Hapke parameters : Bo - h - b1 - c1 - b2 - c2 *  1 1 1 1 1 1
*Lambda - Ro - Refraction index - A - Alpha - w_Hapke - A_Hapke_spec - Alpha_Hapke_spec - T_Direct - T_Diffus*
0.354	2.6131	1.4	1000	0.2	30	1000	0.2	0	0
0.355	2.6216	1.4	1000	0.2	30	1000	0.2	0	0
0.356	2.6295	1.4	1000	0.2	30	1000	0.2	0	0
0.357	2.6374	1.4	1000	0.2	30	1000	0.2	0	0
0.358	2.6468	1.4	1000	0.2	30	1000	0.2	0	0
0.359	2.658	1.4	1000	0.2	30	1000	0.2	0	0
0.36	2.6686	1.4	1000	0.2	30	1000	0.2	0	0
0.361	2.6781	1.4	1000	0.2	30	1000	0.2	0	0
0.362	2.6874	1.4	1000	0.2	30	1000	0.2	0	0
0.363	2.6976	1.4	1000	0.2	30	1000	0.2	0	0
0.364	2.7084	1.4	1000	0.2	30	1000	0.2	0	0
0.365	2.7188	1.4	1000	0.2	30	1000	0.2	0	0
0.366	2.7287	1.4	1000	0.2	30	1000	0.2	0	0
0.367	2.7388	1.4	1000	0.2	30	1000	0.2	0	0
0.368	2.7493	1.4	1000	0.2	30	1000	0.2	0	0
0.369	2.7592	1.4	1000	0.2	30	1000	0.2	0	0
0.37	2.7681	1.4	1000	0.2	30	1000	0.2	0	0
0.371	2.7772	1.4	1000	0.2	30	1000	0.2	0	0
0.372	2.789	1.4	1000	0.2	30	1000	0.2	0	0
0.373	2.8022	1.4	1000	0.2	30	1000	0.2	0	0
0.374	2.8145	1.4	1000	0.2	30	1000	0.2	0	0
0.375	2.8279	1.4	1000	0.2	30	1000	0.2	0	0
0.376	2.8418	1.4	1000	0.2	30	1000	0.2	0	0
0.377	2.8557	1.4	1000	0.2	30	1000	0.2	0	0
0.378	2.8705	1.4	1000	0.2	30	1000	0.2	0	0
0.379	2.8848	1.4	1000	0.2	30	1000	0.2	0	0
0.38	2.8985	1.4	1000	0.2	30	1000	0.2	0	0
0.381	2.9128	1.4	1000	0.2	30	1000	0.2	0	0
0.382	2.9277	1.4	1000	0.2	30	1000	0.2	0	0
0.383	2.9449	1.4	1000	0.2	30	1000	0.2	0	0
0.384	2.9647	1.4	1000	0.2	30	1000	0.2	0	0
0.385	2.9846	1.4	1000	0.2	30	1000	0.2	0	0
0.386	3.0019	1.4	1000	0.2	30	1000	0.2	0	0
0.387	3.019	1.4	1000	0.2	30	1000	0.2	0	0
0.388	3.0379	1.4	1000	0.2	30	1000	0.2	0	0
0.389	3.0552	1.4	1000	0.2	30	1000	0.2	0	0
0.39	3.0723	1.4	1000	0.2	30	1000	0.2	0	0
0.391	3.0892	1.4	1000	0.2	30	1000	0.2	0	0
0.392	3.105	1.4	1000	0.2	30	1000	0.2	0	0
0.393	3.1217	1.4	1000	0.2	30	1000	0.2	0	0
0.394	3.1384	1.4	1000	0.2	30	1000	0.2	0	0
0.395	3.1544	1.4	1000	0.2	30	1000	0.2	0	0
0.396	3.1716	1.4	1000	0.2	30	1000	0.2	0	0
0.397	3.1872	1.4	1000	0.2	30	1000	0.2	0	0
0.398	3.2007	1.4	1000	0.2	30	1000	0.2	0	0
0.399	3.2136	1.4	1000	0.2	30	1000	0.2	0	0
0.4	3.2267	1.4	1000	0.2	30	1000	0.2	0	0
0.401	3.2395	1.4	1000	0.2	30	1000	0.2	0	0
0.402	3.2516	1.4	1000	0.2	30	1000	0.2	0	0
0.403	3.2635	1.4	1000	0.2	30	1000	0.2	0	0
0.404	3.2758	1.4	1000	0.2	30	1000	0.2	0	0
0.405	3.2893	1.4	1000	0.2	30	1000	0.2	0	0
0.406	3.3043	1.4	1000	0.2	30	1000	0.2	0	0
0.407	3.3189	1.4	1000	0.2	30	1000	0.2	0	0
0.408	3.3342	1.4	1000	0.2	30	1000	0.2	0	0
0.409	3.3507	1.4	1000	0.2	30	1000	0.2	0	0
0.41	3.3673	1.4	1000	0.2	30	1000	0.2	0	0
0.411	3.384	1.4	1000	0.2	30	1000	0.2	0	0
0.412	3.4007	1.4	1000	0.2	30	1000	0.2	0	0
0.413	3.4173	1.4	1000	0.2	30	1000	0.2	0	0
0.414	3.4343	1.4	1000	0.2	30	1000	0.2	0	0
0.415	3.4513	1.4	1000	0.2	30	1000	0.2	0	0
0.416	3.4679	1.4	1000	0.2	30	1000	0.2	0	0
0.417	3.4847	1.4	1000	0.2	30	1000	0.2	0	0
0.418	3.5019	1.4	1000	0.2	30	1000	0.2	0	0
0.419	3.5191	1.4	1000	0.2	30	1000	0.2	0	0
0.42	3.5362	1.4	1000	0.2	30	1000	0.2	0	0
0.421	3.5537	1.4	1000	0.2	30	1000	0.2	0	0
0.422	3.5714	1.4	1000	0.2	30	1000	0.2	0	0
0.423	3.5892	1.4	1000	0.2	30	1000	0.2	0	0
0.424	3.607	1.4	1000	0.2	30	1000	0.2	0	0
0.425	3.6251	1.4	1000	0.2	30	1000	0.2	0	0
0.426	3.6438	1.4	1000	0.2	30	1000	0.2	0	0
0.427	3.6629	1.4	1000	0.2	30	1000	0.2	0	0
0.428	3.6817	1.4	1000	0.2	30	1000	0.2	0	0
0.429	3.7006	1.4	1000	0.2	30	1000	0.2	0	0
0.43	3.7196	1.4	1000	0.2	30	1000	0.2	0	0
0.431	3.7386	1.4	1000	0.2	30	1000	0.2	0	0
0.432	3.7569	1.4	1000	0.2	30	1000	0.2	0	0
0.433	3.7744	1.4	1000	0.2	30	1000	0.2	0	0
0.434	3.7911	1.4	1000	0.2	30	1000	0.2	0	0
0.435	3.8076	1.4	1000	0.2	30	1000	0.2	0	0
0.436	3.8236	1.4	1000	0.2	30	1000	0.2	0	0
0.437	3.8393	1.4	1000	0.2	30	1000	0.2	0	0
0.438	3.8551	1.4	1000	0.2	30	1000	0.2	0	0
0.439	3.8707	1.4	1000	0.2	30	1000	0.2	0	0
0.44	3.8862	1.4	1000	0.2	30	1000	0.2	0	0
0.441	3.9023	1.4	1000	0.2	30	1000	0.2	0	0
0.442	3.9184	1.4	1000	0.2	30	1000	0.2	0	0
0.443	3.9344	1.4	1000	0.2	30	1000	0.2	0	0
0.444	3.9505	1.4	1000	0.2	30	1000	0.2	0	0
0.445	3.9668	1.4	1000	0.2	30	1000	0.2	0	0
0.446	3.9831	1.4	1000	0.2	30	1000	0.2	0	0
0.447	3.9994	1.4	1000	0.2	30	1000	0.2	0	0
0.448	4.0159	1.4	1000	0.2	30	1000	0.2	0	0
0.449	4.0326	1.4	1000	0.2	30	1000	0.2	0	0
0.45	4.0493	1.4	1000	0.2	30	1000	0.2	0	0
0.451	4.066	1.4	1000	0.2	30	1000	0.2	0	0
0.452	4.0827	1.4	1000	0.2	30	1000	0.2	0	0
0.453	4.0998	1.4	1000	0.2	30	1000	0.2	0	0
0.454	4.1175	1.4	1000	0.2	30	1000	0.2	0	0
0.455	4.1354	1.4	1000	0.2	30	1000	0.2	0	0
0.456	4.1535	1.4	1000	0.2	30	1000	0.2	0	0
0.457	4.1717	1.4	1000	0.2	30	1000	0.2	0	0
0.458	4.1897	1.4	1000	0.2	30	1000	0.2	0	0
0.459	4.2079	1.4	1000	0.2	30	1000	0.2	0	0
0.46	4.2261	1.4	1000	0.2	30	1000	0.2	0	0
0.461	4.2444	1.4	1000	0.2	30	1000	0.2	0	0
0.462	4.2626	1.4	1000	0.2	30	1000	0.2	0	0
0.463	4.2808	1.4	1000	0.2	30	1000	0.2	0	0
0.464	4.2995	1.4	1000	0.2	30	1000	0.2	0	0
0.465	4.319	1.4	1000	0.2	30	1000	0.2	0	0
0.466	4.3384	1.4	1000	0.2	30	1000	0.2	0	0
0.467	4.3577	1.4	1000	0.2	30	1000	0.2	0	0
0.468	4.3769	1.4	1000	0.2	30	1000	0.2	0	0
0.469	4.3961	1.4	1000	0.2	30	1000	0.2	0	0
0.47	4.4153	1.4	1000	0.2	30	1000	0.2	0	0
0.471	4.4346	1.4	1000	0.2	30	1000	0.2	0	0
0.472	4.4535	1.4	1000	0.2	30	1000	0.2	0	0
0.473	4.4726	1.4	1000	0.2	30	1000	0.2	0	0
0.474	4.4919	1.4	1000	0.2	30	1000	0.2	0	0
0.475	4.5108	1.4	1000	0.2	30	1000	0.2	0	0
0.476	4.53	1.4	1000	0.2	30	1000	0.2	0	0
0.477	4.5493	1.4	1000	0.2	30	1000	0.2	0	0
0.478	4.5687	1.4	1000	0.2	30	1000	0.2	0	0
0.479	4.5883	1.4	1000	0.2	30	1000	0.2	0	0
0.48	4.6084	1.4	1000	0.2	30	1000	0.2	0	0
0.481	4.6292	1.4	1000	0.2	30	1000	0.2	0	0
0.482	4.6507	1.4	1000	0.2	30	1000	0.2	0	0
0.483	4.6726	1.4	1000	0.2	30	1000	0.2	0	0
0.484	4.6949	1.4	1000	0.2	30	1000	0.2	0	0
0.485	4.7178	1.4	1000	0.2	30	1000	0.2	0	0
0.486	4.741	1.4	1000	0.2	30	1000	0.2	0	0
0.487	4.7639	1.4	1000	0.2	30	1000	0.2	0	0
0.488	4.7862	1.4	1000	0.2	30	1000	0.2	0	0
0.489	4.8085	1.4	1000	0.2	30	1000	0.2	0	0
0.49	4.8309	1.4	1000	0.2	30	1000	0.2	0	0
0.491	4.8535	1.4	1000	0.2	30	1000	0.2	0	0
0.492	4.8761	1.4	1000	0.2	30	1000	0.2	0	0
0.493	4.8987	1.4	1000	0.2	30	1000	0.2	0	0
0.494	4.9219	1.4	1000	0.2	30	1000	0.2	0	0
0.495	4.9462	1.4	1000	0.2	30	1000	0.2	0	0
0.496	4.9711	1.4	1000	0.2	30	1000	0.2	0	0
0.497	4.9967	1.4	1000	0.2	30	1000	0.2	0	0
0.498	5.0227	1.4	1000	0.2	30	1000	0.2	0	0
0.499	5.0492	1.4	1000	0.2	30	1000	0.2	0	0
0.5	5.0763	1.4	1000	0.2	30	1000	0.2	0	0
0.501	5.1038	1.4	1000	0.2	30	1000	0.2	0	0
0.502	5.1314	1.4	1000	0.2	30	1000	0.2	0	0
0.503	5.1591	1.4	1000	0.2	30	1000	0.2	0	0
0.504	5.187	1.4	1000	0.2	30	1000	0.2	0	0
0.505	5.2151	1.4	1000	0.2	30	1000	0.2	0	0
0.506	5.2434	1.4	1000	0.2	30	1000	0.2	0	0
0.507	5.272	1.4	1000	0.2	30	1000	0.2	0	0
0.508	5.3009	1.4	1000	0.2	30	1000	0.2	0	0
0.509	5.3305	1.4	1000	0.2	30	1000	0.2	0	0
0.51	5.3608	1.4	1000	0.2	30	1000	0.2	0	0
0.511	5.3918	1.4	1000	0.2	30	1000	0.2	0	0
0.512	5.4236	1.4	1000	0.2	30	1000	0.2	0	0
0.513	5.4561	1.4	1000	0.2	30	1000	0.2	0	0
0.514	5.4894	1.4	1000	0.2	30	1000	0.2	0	0
0.515	5.5234	1.4	1000	0.2	30	1000	0.2	0	0
0.516	5.5579	1.4	1000	0.2	30	1000	0.2	0	0
0.517	5.5924	1.4	1000	0.2	30	1000	0.2	0	0
0.518	5.6266	1.4	1000	0.2	30	1000	0.2	0	0
0.519	5.6604	1.4	1000	0.2	30	1000	0.2	0	0
0.52	5.6942	1.4	1000	0.2	30	1000	0.2	0	0
0.521	5.7283	1.4	1000	0.2	30	1000	0.2	0	0
0.522	5.7622	1.4	1000	0.2	30	1000	0.2	0	0
0.523	5.7964	1.4	1000	0.2	30	1000	0.2	0	0
0.524	5.8312	1.4	1000	0.2	30	1000	0.2	0	0
0.525	5.8668	1.4	1000	0.2	30	1000	0.2	0	0
0.526	5.9035	1.4	1000	0.2	30	1000	0.2	0	0
0.527	5.9407	1.4	1000	0.2	30	1000	0.2	0	0
0.528	5.9782	1.4	1000	0.2	30	1000	0.2	0	0
0.529	6.0163	1.4	1000	0.2	30	1000	0.2	0	0
0.53	6.0545	1.4	1000	0.2	30	1000	0.2	0	0
0.531	6.0932	1.4	1000	0.2	30	1000	0.2	0	0
0.532	6.1326	1.4	1000	0.2	30	1000	0.2	0	0
0.533	6.1727	1.4	1000	0.2	30	1000	0.2	0	0
0.534	6.2133	1.4	1000	0.2	30	1000	0.2	0	0
0.535	6.2541	1.4	1000	0.2	30	1000	0.2	0	0
0.536	6.296	1.4	1000	0.2	30	1000	0.2	0	0
0.537	6.3388	1.4	1000	0.2	30	1000	0.2	0	0
0.538	6.3823	1.4	1000	0.2	30	1000	0.2	0	0
0.539	6.4261	1.4	1000	0.2	30	1000	0.2	0	0
0.54	6.4702	1.4	1000	0.2	30	1000	0.2	0	0
0.541	6.5147	1.4	1000	0.2	30	1000	0.2	0	0
0.542	6.5598	1.4	1000	0.2	30	1000	0.2	0	0
0.543	6.6048	1.4	1000	0.2	30	1000	0.2	0	0
0.544	6.65	1.4	1000	0.2	30	1000	0.2	0	0
0.545	6.6954	1.4	1000	0.2	30	1000	0.2	0	0
0.546	6.7411	1.4	1000	0.2	30	1000	0.2	0	0
0.547	6.7872	1.4	1000	0.2	30	1000	0.2	0	0
0.548	6.8338	1.4	1000	0.2	30	1000	0.2	0	0
0.549	6.8808	1.4	1000	0.2	30	1000	0.2	0	0
0.55	6.9282	1.4	1000	0.2	30	1000	0.2	0	0
0.551	6.976	1.4	1000	0.2	30	1000	0.2	0	0
0.552	7.0241	1.4	1000	0.2	30	1000	0.2	0	0
0.553	7.0726	1.4	1000	0.2	30	1000	0.2	0	0
0.554	7.1216	1.4	1000	0.2	30	1000	0.2	0	0
0.555	7.1709	1.4	1000	0.2	30	1000	0.2	0	0
0.556	7.2208	1.4	1000	0.2	30	1000	0.2	0	0
0.557	7.2713	1.4	1000	0.2	30	1000	0.2	0	0
0.558	7.322	1.4	1000	0.2	30	1000	0.2	0	0
0.559	7.3726	1.4	1000	0.2	30	1000	0.2	0	0
0.56	7.423	1.4	1000	0.2	30	1000	0.2	0	0
0.561	7.4734	1.4	1000	0.2	30	1000	0.2	0	0
0.562	7.524	1.4	1000	0.2	30	1000	0.2	0	0
0.563	7.5746	1.4	1000	0.2	30	1000	0.2	0	0
0.564	7.6253	1.4	1000	0.2	30	1000	0.2	0	0
0.565	7.6758	1.4	1000	0.2	30	1000	0.2	0	0
0.566	7.7268	1.4	1000	0.2	30	1000	0.2	0	0
0.567	7.7782	1.4	1000	0.2	30	1000	0.2	0	0
0.568	7.8296	1.4	1000	0.2	30	1000	0.2	0	0
0.569	7.8808	1.4	1000	0.2	30	1000	0.2	0	0
0.57	7.9319	1.4	1000	0.2	30	1000	0.2	0	0
0.571	7.9829	1.4	1000	0.2	30	1000	0.2	0	0
0.572	8.034	1.4	1000	0.2	30	1000	0.2	0	0
0.573	8.0851	1.4	1000	0.2	30	1000	0.2	0	0
0.574	8.1365	1.4	1000	0.2	30	1000	0.2	0	0
0.575	8.188	1.4	1000	0.2	30	1000	0.2	0	0
0.576	8.2395	1.4	1000	0.2	30	1000	0.2	0	0
0.577	8.2912	1.4	1000	0.2	30	1000	0.2	0	0
0.578	8.3429	1.4	1000	0.2	30	1000	0.2	0	0
0.579	8.3948	1.4	1000	0.2	30	1000	0.2	0	0
0.58	8.4468	1.4	1000	0.2	30	1000	0.2	0	0
0.581	8.4988	1.4	1000	0.2	30	1000	0.2	0	0
0.582	8.5513	1.4	1000	0.2	30	1000	0.2	0	0
0.583	8.6045	1.4	1000	0.2	30	1000	0.2	0	0
0.584	8.6585	1.4	1000	0.2	30	1000	0.2	0	0
0.585	8.7136	1.4	1000	0.2	30	1000	0.2	0	0
0.586	8.7697	1.4	1000	0.2	30	1000	0.2	0	0
0.587	8.8262	1.4	1000	0.2	30	1000	0.2	0	0
0.588	8.8831	1.4	1000	0.2	30	1000	0.2	0	0
0.589	8.94	1.4	1000	0.2	30	1000	0.2	0	0
0.59	8.9967	1.4	1000	0.2	30	1000	0.2	0	0
0.591	9.0528	1.4	1000	0.2	30	1000	0.2	0	0
0.592	9.1084	1.4	1000	0.2	30	1000	0.2	0	0
0.593	9.1638	1.4	1000	0.2	30	1000	0.2	0	0
0.594	9.2189	1.4	1000	0.2	30	1000	0.2	0	0
0.595	9.2742	1.4	1000	0.2	30	1000	0.2	0	0
0.596	9.3297	1.4	1000	0.2	30	1000	0.2	0	0
0.597	9.3855	1.4	1000	0.2	30	1000	0.2	0	0
0.598	9.4418	1.4	1000	0.2	30	1000	0.2	0	0
0.599	9.4984	1.4	1000	0.2	30	1000	0.2	0	0
0.6	9.5551	1.4	1000	0.2	30	1000	0.2	0	0
0.601	9.6125	1.4	1000	0.2	30	1000	0.2	0	0
0.602	9.6706	1.4	1000	0.2	30	1000	0.2	0	0
0.603	9.7298	1.4	1000	0.2	30	1000	0.2	0	0
0.604	9.7903	1.4	1000	0.2	30	1000	0.2	0	0
0.605	9.8526	1.4	1000	0.2	30	1000	0.2	0	0
0.606	9.9168	1.4	1000	0.2	30	1000	0.2	0	0
0.607	9.9825	1.4	1000	0.2	30	1000	0.2	0	0
0.608	10.0495	1.4	1000	0.2	30	1000	0.2	0	0
0.609	10.1173	1.4	1000	0.2	30	1000	0.2	0	0
0.61	10.1851	1.4	1000	0.2	30	1000	0.2	0	0
0.611	10.2526	1.4	1000	0.2	30	1000	0.2	0	0
0.612	10.319	1.4	1000	0.2	30	1000	0.2	0	0
0.613	10.3839	1.4	1000	0.2	30	1000	0.2	0	0
0.614	10.4475	1.4	1000	0.2	30	1000	0.2	0	0
0.615	10.5098	1.4	1000	0.2	30	1000	0.2	0	0
0.616	10.5707	1.4	1000	0.2	30	1000	0.2	0	0
0.617	10.6308	1.4	1000	0.2	30	1000	0.2	0	0
0.618	10.6905	1.4	1000	0.2	30	1000	0.2	0	0
0.619	10.7501	1.4	1000	0.2	30	1000	0.2	0	0
0.62	10.8101	1.4	1000	0.2	30	1000	0.2	0	0
0.621	10.8705	1.4	1000	0.2	30	1000	0.2	0	0
0.622	10.9316	1.4	1000	0.2	30	1000	0.2	0	0
0.623	10.9935	1.4	1000	0.2	30	1000	0.2	0	0
0.624	11.056	1.4	1000	0.2	30	1000	0.2	0	0
0.625	11.119	1.4	1000	0.2	30	1000	0.2	0	0
0.626	11.1823	1.4	1000	0.2	30	1000	0.2	0	0
0.627	11.2457	1.4	1000	0.2	30	1000	0.2	0	0
0.628	11.3088	1.4	1000	0.2	30	1000	0.2	0	0
0.629	11.3713	1.4	1000	0.2	30	1000	0.2	0	0
0.63	11.4333	1.4	1000	0.2	30	1000	0.2	0	0
0.631	11.4949	1.4	1000	0.2	30	1000	0.2	0	0
0.632	11.5561	1.4	1000	0.2	30	1000	0.2	0	0
0.633	11.6169	1.4	1000	0.2	30	1000	0.2	0	0
0.634	11.6776	1.4	1000	0.2	30	1000	0.2	0	0
0.635	11.7383	1.4	1000	0.2	30	1000	0.2	0	0
0.636	11.7993	1.4	1000	0.2	30	1000	0.2	0	0
0.637	11.8611	1.4	1000	0.2	30	1000	0.2	0	0
0.638	11.9242	1.4	1000	0.2	30	1000	0.2	0	0
0.639	11.9883	1.4	1000	0.2	30	1000	0.2	0	0
0.64	12.0532	1.4	1000	0.2	30	1000	0.2	0	0
0.641	12.119	1.4	1000	0.2	30	1000	0.2	0	0
0.642	12.1859	1.4	1000	0.2	30	1000	0.2	0	0
0.643	12.2538	1.4	1000	0.2	30	1000	0.2	0	0
0.644	12.3223	1.4	1000	0.2	30	1000	0.2	0	0
0.645	12.391	1.4	1000	0.2	30	1000	0.2	0	0
0.646	12.4599	1.4	1000	0.2	30	1000	0.2	0	0
0.647	12.5289	1.4	1000	0.2	30	1000	0.2	0	0
0.648	12.5975	1.4	1000	0.2	30	1000	0.2	0	0
0.649	12.6653	1.4	1000	0.2	30	1000	0.2	0	0
0.65	12.7333	1.4	1000	0.2	30	1000	0.2	0	0
0.651	12.8013	1.4	1000	0.2	30	1000	0.2	0	0
0.652	12.8694	1.4	1000	0.2	30	1000	0.2	0	0
0.653	12.9383	1.4	1000	0.2	30	1000	0.2	0	0
0.654	13.0071	1.4	1000	0.2	30	1000	0.2	0	0
0.655	13.0752	1.4	1000	0.2	30	1000	0.2	0	0
0.656	13.1421	1.4	1000	0.2	30	1000	0.2	0	0
0.657	13.2077	1.4	1000	0.2	30	1000	0.2	0	0
0.658	13.2721	1.4	1000	0.2	30	1000	0.2	0	0
0.659	13.3355	1.4	1000	0.2	30	1000	0.2	0	0
0.66	13.3977	1.4	1000	0.2	30	1000	0.2	0	0
0.661	13.4596	1.4	1000	0.2	30	1000	0.2	0	0
0.662	13.5223	1.4	1000	0.2	30	1000	0.2	0	0
0.663	13.5864	1.4	1000	0.2	30	1000	0.2	0	0
0.664	13.6519	1.4	1000	0.2	30	1000	0.2	0	0
0.665	13.7182	1.4	1000	0.2	30	1000	0.2	0	0
0.666	13.7847	1.4	1000	0.2	30	1000	0.2	0	0
0.667	13.8516	1.4	1000	0.2	30	1000	0.2	0	0
0.668	13.9194	1.4	1000	0.2	30	1000	0.2	0	0
0.669	13.9882	1.4	1000	0.2	30	1000	0.2	0	0
0.67	14.0577	1.4	1000	0.2	30	1000	0.2	0	0
0.671	14.1277	1.4	1000	0.2	30	1000	0.2	0	0
0.672	14.1985	1.4	1000	0.2	30	1000	0.2	0	0
0.673	14.2707	1.4	1000	0.2	30	1000	0.2	0	0
0.674	14.3439	1.4	1000	0.2	30	1000	0.2	0	0
0.675	14.4176	1.4	1000	0.2	30	1000	0.2	0	0
0.676	14.4921	1.4	1000	0.2	30	1000	0.2	0	0
0.677	14.5676	1.4	1000	0.2	30	1000	0.2	0	0
0.678	14.6443	1.4	1000	0.2	30	1000	0.2	0	0
0.679	14.7218	1.4	1000	0.2	30	1000	0.2	0	0
0.68	14.8005	1.4	1000	0.2	30	1000	0.2	0	0
0.681	14.8804	1.4	1000	0.2	30	1000	0.2	0	0
0.682	14.9626	1.4	1000	0.2	30	1000	0.2	0	0
0.683	15.0477	1.4	1000	0.2	30	1000	0.2	0	0
0.684	15.1363	1.4	1000	0.2	30	1000	0.2	0	0
0.685	15.227	1.4	1000	0.2	30	1000	0.2	0	0
0.686	15.3181	1.4	1000	0.2	30	1000	0.2	0	0
0.687	15.4085	1.4	1000	0.2	30	1000	0.2	0	0
0.688	15.498	1.4	1000	0.2	30	1000	0.2	0	0
0.689	15.5864	1.4	1000	0.2	30	1000	0.2	0	0
0.69	15.673	1.4	1000	0.2	30	1000	0.2	0	0
0.691	15.7574	1.4	1000	0.2	30	1000	0.2	0	0
0.692	15.8402	1.4	1000	0.2	30	1000	0.2	0	0
0.693	15.9224	1.4	1000	0.2	30	1000	0.2	0	0
0.694	16.0049	1.4	1000	0.2	30	1000	0.2	0	0
0.695	16.0884	1.4	1000	0.2	30	1000	0.2	0	0
0.696	16.1726	1.4	1000	0.2	30	1000	0.2	0	0
0.697	16.2571	1.4	1000	0.2	30	1000	0.2	0	0
0.698	16.3418	1.4	1000	0.2	30	1000	0.2	0	0
0.699	16.4266	1.4	1000	0.2	30	1000	0.2	0	0
0.7	16.5116	1.4	1000	0.2	30	1000	0.2	0	0
0.701	16.5969	1.4	1000	0.2	30	1000	0.2	0	0
0.702	16.6815	1.4	1000	0.2	30	1000	0.2	0	0
0.703	16.7654	1.4	1000	0.2	30	1000	0.2	0	0
0.704	16.8487	1.4	1000	0.2	30	1000	0.2	0	0
0.705	16.9315	1.4	1000	0.2	30	1000	0.2	0	0
0.706	17.0143	1.4	1000	0.2	30	1000	0.2	0	0
0.707	17.0975	1.4	1000	0.2	30	1000	0.2	0	0
0.708	17.1812	1.4	1000	0.2	30	1000	0.2	0	0
0.709	17.2656	1.4	1000	0.2	30	1000	0.2	0	0
0.71	17.3506	1.4	1000	0.2	30	1000	0.2	0	0
0.711	17.4359	1.4	1000	0.2	30	1000	0.2	0	0
0.712	17.5224	1.4	1000	0.2	30	1000	0.2	0	0
0.713	17.6114	1.4	1000	0.2	30	1000	0.2	0	0
0.714	17.7048	1.4	1000	0.2	30	1000	0.2	0	0
0.715	17.8027	1.4	1000	0.2	30	1000	0.2	0	0
0.716	17.903	1.4	1000	0.2	30	1000	0.2	0	0
0.717	18.0015	1.4	1000	0.2	30	1000	0.2	0	0
0.718	18.0964	1.4	1000	0.2	30	1000	0.2	0	0
0.719	18.1877	1.4	1000	0.2	30	1000	0.2	0	0
0.72	18.2764	1.4	1000	0.2	30	1000	0.2	0	0
0.721	18.3628	1.4	1000	0.2	30	1000	0.2	0	0
0.722	18.4458	1.4	1000	0.2	30	1000	0.2	0	0
0.723	18.5259	1.4	1000	0.2	30	1000	0.2	0	0
0.724	18.6075	1.4	1000	0.2	30	1000	0.2	0	0
0.725	18.692	1.4	1000	0.2	30	1000	0.2	0	0
0.726	18.7788	1.4	1000	0.2	30	1000	0.2	0	0
0.727	18.865	1.4	1000	0.2	30	1000	0.2	0	0
0.728	18.9478	1.4	1000	0.2	30	1000	0.2	0	0
0.729	19.0272	1.4	1000	0.2	30	1000	0.2	0	0
0.73	19.1046	1.4	1000	0.2	30	1000	0.2	0	0
0.731	19.1808	1.4	1000	0.2	30	1000	0.2	0	0
0.732	19.2566	1.4	1000	0.2	30	1000	0.2	0	0
0.733	19.3325	1.4	1000	0.2	30	1000	0.2	0	0
0.734	19.4087	1.4	1000	0.2	30	1000	0.2	0	0
0.735	19.4861	1.4	1000	0.2	30	1000	0.2	0	0
0.736	19.5656	1.4	1000	0.2	30	1000	0.2	0	0
0.737	19.6472	1.4	1000	0.2	30	1000	0.2	0	0
0.738	19.7297	1.4	1000	0.2	30	1000	0.2	0	0
0.739	19.8123	1.4	1000	0.2	30	1000	0.2	0	0
0.74	19.8945	1.4	1000	0.2	30	1000	0.2	0	0
0.741	19.9767	1.4	1000	0.2	30	1000	0.2	0	0
0.742	20.0593	1.4	1000	0.2	30	1000	0.2	0	0
0.743	20.1418	1.4	1000	0.2	30	1000	0.2	0	0
0.744	20.2244	1.4	1000	0.2	30	1000	0.2	0	0
0.745	20.3074	1.4	1000	0.2	30	1000	0.2	0	0
0.746	20.391	1.4	1000	0.2	30	1000	0.2	0	0
0.747	20.4757	1.4	1000	0.2	30	1000	0.2	0	0
0.748	20.5606	1.4	1000	0.2	30	1000	0.2	0	0
0.749	20.6456	1.4	1000	0.2	30	1000	0.2	0	0
0.75	20.7307	1.4	1000	0.2	30	1000	0.2	0	0
0.751	20.8159	1.4	1000	0.2	30	1000	0.2	0	0
0.752	20.9011	1.4	1000	0.2	30	1000	0.2	0	0
0.753	20.9864	1.4	1000	0.2	30	1000	0.2	0	0
0.754	21.0725	1.4	1000	0.2	30	1000	0.2	0	0
0.755	21.161	1.4	1000	0.2	30	1000	0.2	0	0
0.756	21.2582	1.4	1000	0.2	30	1000	0.2	0	0
0.757	21.38	1.4	1000	0.2	30	1000	0.2	0	0
0.758	21.5256	1.4	1000	0.2	30	1000	0.2	0	0
0.759	21.663	1.4	1000	0.2	30	1000	0.2	0	0
0.76	21.7931	1.4	1000	0.2	30	1000	0.2	0	0
0.761	21.914	1.4	1000	0.2	30	1000	0.2	0	0
0.762	22.0235	1.4	1000	0.2	30	1000	0.2	0	0
0.763	22.1146	1.4	1000	0.2	30	1000	0.2	0	0
0.764	22.1748	1.4	1000	0.2	30	1000	0.2	0	0
0.765	22.2075	1.4	1000	0.2	30	1000	0.2	0	0
0.766	22.2465	1.4	1000	0.2	30	1000	0.2	0	0
0.767	22.2919	1.4	1000	0.2	30	1000	0.2	0	0
0.768	22.3452	1.4	1000	0.2	30	1000	0.2	0	0
0.769	22.4074	1.4	1000	0.2	30	1000	0.2	0	0
0.77	22.4789	1.4	1000	0.2	30	1000	0.2	0	0
0.771	22.5571	1.4	1000	0.2	30	1000	0.2	0	0
0.772	22.6397	1.4	1000	0.2	30	1000	0.2	0	0
0.773	22.7246	1.4	1000	0.2	30	1000	0.2	0	0
0.774	22.8105	1.4	1000	0.2	30	1000	0.2	0	0
0.775	22.8972	1.4	1000	0.2	30	1000	0.2	0	0
0.776	22.9842	1.4	1000	0.2	30	1000	0.2	0	0
0.777	23.0718	1.4	1000	0.2	30	1000	0.2	0	0
0.778	23.1595	1.4	1000	0.2	30	1000	0.2	0	0
0.779	23.2469	1.4	1000	0.2	30	1000	0.2	0	0
0.78	23.3344	1.4	1000	0.2	30	1000	0.2	0	0
0.781	23.4221	1.4	1000	0.2	30	1000	0.2	0	0
0.782	23.51	1.4	1000	0.2	30	1000	0.2	0	0
0.783	23.5982	1.4	1000	0.2	30	1000	0.2	0	0
0.784	23.6868	1.4	1000	0.2	30	1000	0.2	0	0
0.785	23.7758	1.4	1000	0.2	30	1000	0.2	0	0
0.786	23.8656	1.4	1000	0.2	30	1000	0.2	0	0
0.787	23.956	1.4	1000	0.2	30	1000	0.2	0	0
0.788	24.0465	1.4	1000	0.2	30	1000	0.2	0	0
0.789	24.1372	1.4	1000	0.2	30	1000	0.2	0	0
0.79	24.2276	1.4	1000	0.2	30	1000	0.2	0	0
0.791	24.3177	1.4	1000	0.2	30	1000	0.2	0	0
0.792	24.4075	1.4	1000	0.2	30	1000	0.2	0	0
0.793	24.4973	1.4	1000	0.2	30	1000	0.2	0	0
0.794	24.587	1.4	1000	0.2	30	1000	0.2	0	0
0.795	24.676	1.4	1000	0.2	30	1000	0.2	0	0
0.796	24.7649	1.4	1000	0.2	30	1000	0.2	0	0
0.797	24.8543	1.4	1000	0.2	30	1000	0.2	0	0
0.798	24.9443	1.4	1000	0.2	30	1000	0.2	0	0
0.799	25.0346	1.4	1000	0.2	30	1000	0.2	0	0
0.8	25.125	1.4	1000	0.2	30	1000	0.2	0	0
0.801	25.2155	1.4	1000	0.2	30	1000	0.2	0	0
0.802	25.3059	1.4	1000	0.2	30	1000	0.2	0	0
0.803	25.3959	1.4	1000	0.2	30	1000	0.2	0	0
0.804	25.4856	1.4	1000	0.2	30	1000	0.2	0	0
0.805	25.5754	1.4	1000	0.2	30	1000	0.2	0	0
0.806	25.6658	1.4	1000	0.2	30	1000	0.2	0	0
0.807	25.7562	1.4	1000	0.2	30	1000	0.2	0	0
0.808	25.8473	1.4	1000	0.2	30	1000	0.2	0	0
0.809	25.9404	1.4	1000	0.2	30	1000	0.2	0	0
0.81	26.0362	1.4	1000	0.2	30	1000	0.2	0	0
0.811	26.1349	1.4	1000	0.2	30	1000	0.2	0	0
0.812	26.2359	1.4	1000	0.2	30	1000	0.2	0	0
0.813	26.3384	1.4	1000	0.2	30	1000	0.2	0	0
0.814	26.4412	1.4	1000	0.2	30	1000	0.2	0	0
0.815	26.5428	1.4	1000	0.2	30	1000	0.2	0	0
0.816	26.6416	1.4	1000	0.2	30	1000	0.2	0	0
0.817	26.7359	1.4	1000	0.2	30	1000	0.2	0	0
0.818	26.8259	1.4	1000	0.2	30	1000	0.2	0	0
0.819	26.914	1.4	1000	0.2	30	1000	0.2	0	0
0.82	27.0026	1.4	1000	0.2	30	1000	0.2	0	0
0.821	27.0896	1.4	1000	0.2	30	1000	0.2	0	0
0.822	27.1727	1.4	1000	0.2	30	1000	0.2	0	0
0.823	27.2555	1.4	1000	0.2	30	1000	0.2	0	0
0.824	27.3404	1.4	1000	0.2	30	1000	0.2	0	0
0.825	27.4282	1.4	1000	0.2	30	1000	0.2	0	0
0.826	27.516	1.4	1000	0.2	30	1000	0.2	0	0
0.827	27.5998	1.4	1000	0.2	30	1000	0.2	0	0
0.828	27.6832	1.4	1000	0.2	30	1000	0.2	0	0
0.829	27.7707	1.4	1000	0.2	30	1000	0.2	0	0
0.83	27.8589	1.4	1000	0.2	30	1000	0.2	0	0
0.831	27.946	1.4	1000	0.2	30	1000	0.2	0	0
0.832	28.0305	1.4	1000	0.2	30	1000	0.2	0	0
0.833	28.113	1.4	1000	0.2	30	1000	0.2	0	0
0.834	28.1953	1.4	1000	0.2	30	1000	0.2	0	0
0.835	28.2774	1.4	1000	0.2	30	1000	0.2	0	0
0.836	28.3586	1.4	1000	0.2	30	1000	0.2	0	0
0.837	28.4396	1.4	1000	0.2	30	1000	0.2	0	0
0.838	28.5206	1.4	1000	0.2	30	1000	0.2	0	0
0.839	28.6021	1.4	1000	0.2	30	1000	0.2	0	0
0.84	28.6839	1.4	1000	0.2	30	1000	0.2	0	0
0.841	28.7664	1.4	1000	0.2	30	1000	0.2	0	0
0.842	28.849	1.4	1000	0.2	30	1000	0.2	0	0
0.843	28.9311	1.4	1000	0.2	30	1000	0.2	0	0
0.844	29.0133	1.4	1000	0.2	30	1000	0.2	0	0
0.845	29.0958	1.4	1000	0.2	30	1000	0.2	0	0
0.846	29.1785	1.4	1000	0.2	30	1000	0.2	0	0
0.847	29.2611	1.4	1000	0.2	30	1000	0.2	0	0
0.848	29.3435	1.4	1000	0.2	30	1000	0.2	0	0
0.849	29.4255	1.4	1000	0.2	30	1000	0.2	0	0
0.85	29.5079	1.4	1000	0.2	30	1000	0.2	0	0
0.851	29.5912	1.4	1000	0.2	30	1000	0.2	0	0
0.852	29.6746	1.4	1000	0.2	30	1000	0.2	0	0
0.853	29.7559	1.4	1000	0.2	30	1000	0.2	0	0
0.854	29.8351	1.4	1000	0.2	30	1000	0.2	0	0
0.855	29.9125	1.4	1000	0.2	30	1000	0.2	0	0
0.856	29.9893	1.4	1000	0.2	30	1000	0.2	0	0
0.857	30.0657	1.4	1000	0.2	30	1000	0.2	0	0
0.858	30.1406	1.4	1000	0.2	30	1000	0.2	0	0
0.859	30.2145	1.4	1000	0.2	30	1000	0.2	0	0
0.86	30.2896	1.4	1000	0.2	30	1000	0.2	0	0
0.861	30.3655	1.4	1000	0.2	30	1000	0.2	0	0
0.862	30.4426	1.4	1000	0.2	30	1000	0.2	0	0
0.863	30.5208	1.4	1000	0.2	30	1000	0.2	0	0
0.864	30.5991	1.4	1000	0.2	30	1000	0.2	0	0
0.865	30.6768	1.4	1000	0.2	30	1000	0.2	0	0
0.866	30.7534	1.4	1000	0.2	30	1000	0.2	0	0
0.867	30.8288	1.4	1000	0.2	30	1000	0.2	0	0
0.868	30.9044	1.4	1000	0.2	30	1000	0.2	0	0
0.869	30.9798	1.4	1000	0.2	30	1000	0.2	0	0
0.87	31.0546	1.4	1000	0.2	30	1000	0.2	0	0
0.871	31.1302	1.4	1000	0.2	30	1000	0.2	0	0
0.872	31.2065	1.4	1000	0.2	30	1000	0.2	0	0
0.873	31.2839	1.4	1000	0.2	30	1000	0.2	0	0
0.874	31.363	1.4	1000	0.2	30	1000	0.2	0	0
0.875	31.4425	1.4	1000	0.2	30	1000	0.2	0	0
0.876	31.5224	1.4	1000	0.2	30	1000	0.2	0	0
0.877	31.6033	1.4	1000	0.2	30	1000	0.2	0	0
0.878	31.6846	1.4	1000	0.2	30	1000	0.2	0	0
0.879	31.7672	1.4	1000	0.2	30	1000	0.2	0	0
0.88	31.8509	1.4	1000	0.2	30	1000	0.2	0	0
0.881	31.9344	1.4	1000	0.2	30	1000	0.2	0	0
0.882	32.0183	1.4	1000	0.2	30	1000	0.2	0	0
0.883	32.1031	1.4	1000	0.2	30	1000	0.2	0	0
0.884	32.1888	1.4	1000	0.2	30	1000	0.2	0	0
0.885	32.2747	1.4	1000	0.2	30	1000	0.2	0	0
0.886	32.3598	1.4	1000	0.2	30	1000	0.2	0	0
0.887	32.4447	1.4	1000	0.2	30	1000	0.2	0	0
0.888	32.5309	1.4	1000	0.2	30	1000	0.2	0	0
0.889	32.6181	1.4	1000	0.2	30	1000	0.2	0	0
0.89	32.7056	1.4	1000	0.2	30	1000	0.2	0	0
0.891	32.7931	1.4	1000	0.2	30	1000	0.2	0	0
0.892	32.8814	1.4	1000	0.2	30	1000	0.2	0	0
0.893	32.9715	1.4	1000	0.2	30	1000	0.2	0	0
0.894	33.0636	1.4	1000	0.2	30	1000	0.2	0	0
0.895	33.1563	1.4	1000	0.2	30	1000	0.2	0	0
0.896	33.2502	1.4	1000	0.2	30	1000	0.2	0	0
0.897	33.3446	1.4	1000	0.2	30	1000	0.2	0	0
0.898	33.4377	1.4	1000	0.2	30	1000	0.2	0	0
0.899	33.5287	1.4	1000	0.2	30	1000	0.2	0	0
0.9	33.6159	1.4	1000	0.2	30	1000	0.2	0	0
0.901	33.6988	1.4	1000	0.2	30	1000	0.2	0	0
0.902	33.7784	1.4	1000	0.2	30	1000	0.2	0	0
0.903	33.8553	1.4	1000	0.2	30	1000	0.2	0	0
0.904	33.932	1.4	1000	0.2	30	1000	0.2	0	0
0.905	34.011	1.4	1000	0.2	30	1000	0.2	0	0
0.906	34.0902	1.4	1000	0.2	30	1000	0.2	0	0
0.907	34.1712	1.4	1000	0.2	30	1000	0.2	0	0
0.908	34.2538	1.4	1000	0.2	30	1000	0.2	0	0
0.909	34.3358	1.4	1000	0.2	30	1000	0.2	0	0
0.91	34.4169	1.4	1000	0.2	30	1000	0.2	0	0
0.911	34.4968	1.4	1000	0.2	30	1000	0.2	0	0
0.912	34.5753	1.4	1000	0.2	30	1000	0.2	0	0
0.913	34.6526	1.4	1000	0.2	30	1000	0.2	0	0
0.914	34.7276	1.4	1000	0.2	30	1000	0.2	0	0
0.915	34.801	1.4	1000	0.2	30	1000	0.2	0	0
0.916	34.8747	1.4	1000	0.2	30	1000	0.2	0	0
0.917	34.9455	1.4	1000	0.2	30	1000	0.2	0	0
0.918	35.0133	1.4	1000	0.2	30	1000	0.2	0	0
0.919	35.0798	1.4	1000	0.2	30	1000	0.2	0	0
0.92	35.1471	1.4	1000	0.2	30	1000	0.2	0	0
0.921	35.214	1.4	1000	0.2	30	1000	0.2	0	0
0.922	35.2796	1.4	1000	0.2	30	1000	0.2	0	0
0.923	35.3441	1.4	1000	0.2	30	1000	0.2	0	0
0.924	35.4113	1.4	1000	0.2	30	1000	0.2	0	0
0.925	35.4792	1.4	1000	0.2	30	1000	0.2	0	0
0.926	35.5451	1.4	1000	0.2	30	1000	0.2	0	0
0.927	35.6089	1.4	1000	0.2	30	1000	0.2	0	0
0.928	35.6788	1.4	1000	0.2	30	1000	0.2	0	0
0.929	35.755	1.4	1000	0.2	30	1000	0.2	0	0
0.93	35.8344	1.4	1000	0.2	30	1000	0.2	0	0
0.931	35.9202	1.4	1000	0.2	30	1000	0.2	0	0
0.932	36.0059	1.4	1000	0.2	30	1000	0.2	0	0
0.933	36.089	1.4	1000	0.2	30	1000	0.2	0	0
0.934	36.1704	1.4	1000	0.2	30	1000	0.2	0	0
0.935	36.2427	1.4	1000	0.2	30	1000	0.2	0	0
0.936	36.3078	1.4	1000	0.2	30	1000	0.2	0	0
0.937	36.3675	1.4	1000	0.2	30	1000	0.2	0	0
0.938	36.4147	1.4	1000	0.2	30	1000	0.2	0	0
0.939	36.4613	1.4	1000	0.2	30	1000	0.2	0	0
0.94	36.5125	1.4	1000	0.2	30	1000	0.2	0	0
0.941	36.5672	1.4	1000	0.2	30	1000	0.2	0	0
0.942	36.6265	1.4	1000	0.2	30	1000	0.2	0	0
0.943	36.6867	1.4	1000	0.2	30	1000	0.2	0	0
0.944	36.7459	1.4	1000	0.2	30	1000	0.2	0	0
0.945	36.8059	1.4	1000	0.2	30	1000	0.2	0	0
0.946	36.8687	1.4	1000	0.2	30	1000	0.2	0	0
0.947	36.927	1.4	1000	0.2	30	1000	0.2	0	0
0.948	36.9788	1.4	1000	0.2	30	1000	0.2	0	0
0.949	37.0294	1.4	1000	0.2	30	1000	0.2	0	0
0.95	37.0824	1.4	1000	0.2	30	1000	0.2	0	0
0.951	37.1374	1.4	1000	0.2	30	1000	0.2	0	0
0.952	37.1931	1.4	1000	0.2	30	1000	0.2	0	0
0.953	37.2474	1.4	1000	0.2	30	1000	0.2	0	0
0.954	37.3037	1.4	1000	0.2	30	1000	0.2	0	0
0.955	37.3621	1.4	1000	0.2	30	1000	0.2	0	0
0.956	37.4167	1.4	1000	0.2	30	1000	0.2	0	0
0.957	37.4671	1.4	1000	0.2	30	1000	0.2	0	0
0.958	37.5195	1.4	1000	0.2	30	1000	0.2	0	0
0.959	37.575	1.4	1000	0.2	30	1000	0.2	0	0
0.96	37.6263	1.4	1000	0.2	30	1000	0.2	0	0
0.961	37.678	1.4	1000	0.2	30	1000	0.2	0	0
0.962	37.7322	1.4	1000	0.2	30	1000	0.2	0	0
0.963	37.7874	1.4	1000	0.2	30	1000	0.2	0	0
0.964	37.8398	1.4	1000	0.2	30	1000	0.2	0	0
0.965	37.8917	1.4	1000	0.2	30	1000	0.2	0	0
0.966	37.9418	1.4	1000	0.2	30	1000	0.2	0	0
0.967	37.99	1.4	1000	0.2	30	1000	0.2	0	0
0.968	38.0371	1.4	1000	0.2	30	1000	0.2	0	0
0.969	38.0832	1.4	1000	0.2	30	1000	0.2	0	0
0.97	38.13	1.4	1000	0.2	30	1000	0.2	0	0
0.971	38.1794	1.4	1000	0.2	30	1000	0.2	0	0
0.972	38.2261	1.4	1000	0.2	30	1000	0.2	0	0
0.973	38.275	1.4	1000	0.2	30	1000	0.2	0	0
0.974	38.3288	1.4	1000	0.2	30	1000	0.2	0	0
0.975	38.381	1.4	1000	0.2	30	1000	0.2	0	0
0.976	38.4319	1.4	1000	0.2	30	1000	0.2	0	0
0.977	38.4834	1.4	1000	0.2	30	1000	0.2	0	0
0.978	38.5362	1.4	1000	0.2	30	1000	0.2	0	0
0.979	38.5889	1.4	1000	0.2	30	1000	0.2	0	0
0.98	38.6408	1.4	1000	0.2	30	1000	0.2	0	0
0.981	38.6905	1.4	1000	0.2	30	1000	0.2	0	0
0.982	38.7389	1.4	1000	0.2	30	1000	0.2	0	0
0.983	38.7857	1.4	1000	0.2	30	1000	0.2	0	0
0.984	38.8314	1.4	1000	0.2	30	1000	0.2	0	0
0.985	38.876	1.4	1000	0.2	30	1000	0.2	0	0
0.986	38.9206	1.4	1000	0.2	30	1000	0.2	0	0
0.987	38.9642	1.4	1000	0.2	30	1000	0.2	0	0
0.988	39.0084	1.4	1000	0.2	30	1000	0.2	0	0
0.989	39.0536	1.4	1000	0.2	30	1000	0.2	0	0
0.99	39.099	1.4	1000	0.2	30	1000	0.2	0	0
0.991	39.1449	1.4	1000	0.2	30	1000	0.2	0	0
0.992	39.1916	1.4	1000	0.2	30	1000	0.2	0	0
0.993	39.2395	1.4	1000	0.2	30	1000	0.2	0	0
0.994	39.2874	1.4	1000	0.2	30	1000	0.2	0	0
0.995	39.3341	1.4	1000	0.2	30	1000	0.2	0	0
0.996	39.3799	1.4	1000	0.2	30	1000	0.2	0	0
0.997	39.4245	1.4	1000	0.2	30	1000	0.2	0	0
0.998	39.4617	1.4	1000	0.2	30	1000	0.2	0	0
0.999	39.4991	1.4	1000	0.2	30	1000	0.2	0	0
1	39.5367	1.4	1000	0.2	30	1000	0.2	0	0
1.001	39.5748	1.4	1000	0.2	30	1000	0.2	0	0
1.002	39.6139	1.4	1000	0.2	30	1000	0.2	0	0
1.003	39.6549	1.4	1000	0.2	30	1000	0.2	0	0
1.004	39.6988	1.4	1000	0.2	30	1000	0.2	0	0
1.005	39.7498	1.4	1000	0.2	30	1000	0.2	0	0
1.006	39.8006	1.4	1000	0.2	30	1000	0.2	0	0
1.007	39.8513	1.4	1000	0.2	30	1000	0.2	0	0
1.008	39.9023	1.4	1000	0.2	30	1000	0.2	0	0
1.009	39.9534	1.4	1000	0.2	30	1000	0.2	0	0
1.01	40.005	1.4	1000	0.2	30	1000	0.2	0	0
1.011	40.0567	1.4	1000	0.2	30	1000	0.2	0	0
1.012	40.1078	1.4	1000	0.2	30	1000	0.2	0	0
1.013	40.1585	1.4	1000	0.2	30	1000	0.2	0	0
1.014	40.2079	1.4	1000	0.2	30	1000	0.2	0	0
1.015	40.2563	1.4	1000	0.2	30	1000	0.2	0	0
1.016	40.3049	1.4	1000	0.2	30	1000	0.2	0	0
1.017	40.3529	1.4	1000	0.2	30	1000	0.2	0	0
1.018	40.4011	1.4	1000	0.2	30	1000	0.2	0	0
1.019	40.4501	1.4	1000	0.2	30	1000	0.2	0	0
1.02	40.4986	1.4	1000	0.2	30	1000	0.2	0	0
1.021	40.5475	1.4	1000	0.2	30	1000	0.2	0	0
1.022	40.5972	1.4	1000	0.2	30	1000	0.2	0	0
1.023	40.6466	1.4	1000	0.2	30	1000	0.2	0	0
1.024	40.6962	1.4	1000	0.2	30	1000	0.2	0	0
1.025	40.746	1.4	1000	0.2	30	1000	0.2	0	0
1.026	40.7954	1.4	1000	0.2	30	1000	0.2	0	0
1.027	40.845	1.4	1000	0.2	30	1000	0.2	0	0
1.028	40.8947	1.4	1000	0.2	30	1000	0.2	0	0
1.029	40.9432	1.4	1000	0.2	30	1000	0.2	0	0
1.03	40.9914	1.4	1000	0.2	30	1000	0.2	0	0
1.031	41.0396	1.4	1000	0.2	30	1000	0.2	0	0
1.032	41.0874	1.4	1000	0.2	30	1000	0.2	0	0
1.033	41.1359	1.4	1000	0.2	30	1000	0.2	0	0
1.034	41.185	1.4	1000	0.2	30	1000	0.2	0	0
1.035	41.2338	1.4	1000	0.2	30	1000	0.2	0	0
1.036	41.2825	1.4	1000	0.2	30	1000	0.2	0	0
1.037	41.3304	1.4	1000	0.2	30	1000	0.2	0	0
1.038	41.377	1.4	1000	0.2	30	1000	0.2	0	0
1.039	41.4228	1.4	1000	0.2	30	1000	0.2	0	0
1.04	41.4675	1.4	1000	0.2	30	1000	0.2	0	0
1.041	41.5121	1.4	1000	0.2	30	1000	0.2	0	0
1.042	41.5577	1.4	1000	0.2	30	1000	0.2	0	0
1.043	41.6038	1.4	1000	0.2	30	1000	0.2	0	0
1.044	41.6503	1.4	1000	0.2	30	1000	0.2	0	0
1.045	41.6974	1.4	1000	0.2	30	1000	0.2	0	0
1.046	41.7443	1.4	1000	0.2	30	1000	0.2	0	0
1.047	41.7911	1.4	1000	0.2	30	1000	0.2	0	0
1.048	41.8377	1.4	1000	0.2	30	1000	0.2	0	0
1.049	41.8835	1.4	1000	0.2	30	1000	0.2	0	0
1.05	41.9289	1.4	1000	0.2	30	1000	0.2	0	0
1.051	41.9736	1.4	1000	0.2	30	1000	0.2	0	0
1.052	42.0178	1.4	1000	0.2	30	1000	0.2	0	0
1.053	42.0626	1.4	1000	0.2	30	1000	0.2	0	0
1.054	42.1073	1.4	1000	0.2	30	1000	0.2	0	0
1.055	42.1517	1.4	1000	0.2	30	1000	0.2	0	0
1.056	42.1963	1.4	1000	0.2	30	1000	0.2	0	0
1.057	42.2407	1.4	1000	0.2	30	1000	0.2	0	0
1.058	42.2856	1.4	1000	0.2	30	1000	0.2	0	0
1.059	42.3313	1.4	1000	0.2	30	1000	0.2	0	0
1.06	42.3769	1.4	1000	0.2	30	1000	0.2	0	0
1.061	42.4221	1.4	1000	0.2	30	1000	0.2	0	0
1.062	42.4672	1.4	1000	0.2	30	1000	0.2	0	0
1.063	42.5121	1.4	1000	0.2	30	1000	0.2	0	0
1.064	42.5569	1.4	1000	0.2	30	1000	0.2	0	0
1.065	42.6016	1.4	1000	0.2	30	1000	0.2	0	0
1.066	42.6457	1.4	1000	0.2	30	1000	0.2	0	0
1.067	42.6899	1.4	1000	0.2	30	1000	0.2	0	0
1.068	42.7339	1.4	1000	0.2	30	1000	0.2	0	0
1.069	42.7776	1.4	1000	0.2	30	1000	0.2	0	0
1.07	42.8218	1.4	1000	0.2	30	1000	0.2	0	0
1.071	42.8665	1.4	1000	0.2	30	1000	0.2	0	0
1.072	42.9113	1.4	1000	0.2	30	1000	0.2	0	0
1.073	42.9566	1.4	1000	0.2	30	1000	0.2	0	0
1.074	43.0018	1.4	1000	0.2	30	1000	0.2	0	0
1.075	43.047	1.4	1000	0.2	30	1000	0.2	0	0
1.076	43.093	1.4	1000	0.2	30	1000	0.2	0	0
1.077	43.1382	1.4	1000	0.2	30	1000	0.2	0	0
1.078	43.183	1.4	1000	0.2	30	1000	0.2	0	0
1.079	43.2276	1.4	1000	0.2	30	1000	0.2	0	0
1.08	43.2712	1.4	1000	0.2	30	1000	0.2	0	0
1.081	43.3149	1.4	1000	0.2	30	1000	0.2	0	0
1.082	43.359	1.4	1000	0.2	30	1000	0.2	0	0
1.083	43.4032	1.4	1000	0.2	30	1000	0.2	0	0
1.084	43.4477	1.4	1000	0.2	30	1000	0.2	0	0
1.085	43.4924	1.4	1000	0.2	30	1000	0.2	0	0
1.086	43.5364	1.4	1000	0.2	30	1000	0.2	0	0
1.087	43.58	1.4	1000	0.2	30	1000	0.2	0	0
1.088	43.623	1.4	1000	0.2	30	1000	0.2	0	0
1.089	43.6653	1.4	1000	0.2	30	1000	0.2	0	0
1.09	43.7072	1.4	1000	0.2	30	1000	0.2	0	0
1.091	43.7486	1.4	1000	0.2	30	1000	0.2	0	0
1.092	43.7899	1.4	1000	0.2	30	1000	0.2	0	0
1.093	43.832	1.4	1000	0.2	30	1000	0.2	0	0
1.094	43.8748	1.4	1000	0.2	30	1000	0.2	0	0
1.095	43.918	1.4	1000	0.2	30	1000	0.2	0	0
1.096	43.9616	1.4	1000	0.2	30	1000	0.2	0	0
1.097	44.0045	1.4	1000	0.2	30	1000	0.2	0	0
1.098	44.0469	1.4	1000	0.2	30	1000	0.2	0	0
1.099	44.0893	1.4	1000	0.2	30	1000	0.2	0	0
1.1	44.1312	1.4	1000	0.2	30	1000	0.2	0	0
1.101	44.1726	1.4	1000	0.2	30	1000	0.2	0	0
1.102	44.2133	1.4	1000	0.2	30	1000	0.2	0	0
1.103	44.253	1.4	1000	0.2	30	1000	0.2	0	0
1.104	44.2919	1.4	1000	0.2	30	1000	0.2	0	0
1.105	44.3291	1.4	1000	0.2	30	1000	0.2	0	0
1.106	44.364	1.4	1000	0.2	30	1000	0.2	0	0
1.107	44.3962	1.4	1000	0.2	30	1000	0.2	0	0
1.108	44.4249	1.4	1000	0.2	30	1000	0.2	0	0
1.109	44.4503	1.4	1000	0.2	30	1000	0.2	0	0
1.11	44.4731	1.4	1000	0.2	30	1000	0.2	0	0
1.111	44.4919	1.4	1000	0.2	30	1000	0.2	0	0
1.112	44.5093	1.4	1000	0.2	30	1000	0.2	0	0
1.113	44.5247	1.4	1000	0.2	30	1000	0.2	0	0
1.114	44.5378	1.4	1000	0.2	30	1000	0.2	0	0
1.115	44.5517	1.4	1000	0.2	30	1000	0.2	0	0
1.116	44.5685	1.4	1000	0.2	30	1000	0.2	0	0
1.117	44.5861	1.4	1000	0.2	30	1000	0.2	0	0
1.118	44.6096	1.4	1000	0.2	30	1000	0.2	0	0
1.119	44.6397	1.4	1000	0.2	30	1000	0.2	0	0
1.12	44.6753	1.4	1000	0.2	30	1000	0.2	0	0
1.121	44.7197	1.4	1000	0.2	30	1000	0.2	0	0
1.122	44.7706	1.4	1000	0.2	30	1000	0.2	0	0
1.123	44.8249	1.4	1000	0.2	30	1000	0.2	0	0
1.124	44.8873	1.4	1000	0.2	30	1000	0.2	0	0
1.125	44.9521	1.4	1000	0.2	30	1000	0.2	0	0
1.126	45.0153	1.4	1000	0.2	30	1000	0.2	0	0
1.127	45.0787	1.4	1000	0.2	30	1000	0.2	0	0
1.128	45.1383	1.4	1000	0.2	30	1000	0.2	0	0
1.129	45.1949	1.4	1000	0.2	30	1000	0.2	0	0
1.13	45.2505	1.4	1000	0.2	30	1000	0.2	0	0
1.131	45.3014	1.4	1000	0.2	30	1000	0.2	0	0
1.132	45.3494	1.4	1000	0.2	30	1000	0.2	0	0
1.133	45.3951	1.4	1000	0.2	30	1000	0.2	0	0
1.134	45.4381	1.4	1000	0.2	30	1000	0.2	0	0
1.135	45.4793	1.4	1000	0.2	30	1000	0.2	0	0
1.136	45.5187	1.4	1000	0.2	30	1000	0.2	0	0
1.137	45.5547	1.4	1000	0.2	30	1000	0.2	0	0
1.138	45.5885	1.4	1000	0.2	30	1000	0.2	0	0
1.139	45.6199	1.4	1000	0.2	30	1000	0.2	0	0
1.14	45.6499	1.4	1000	0.2	30	1000	0.2	0	0
1.141	45.679	1.4	1000	0.2	30	1000	0.2	0	0
1.142	45.7075	1.4	1000	0.2	30	1000	0.2	0	0
1.143	45.7363	1.4	1000	0.2	30	1000	0.2	0	0
1.144	45.7653	1.4	1000	0.2	30	1000	0.2	0	0
1.145	45.7943	1.4	1000	0.2	30	1000	0.2	0	0
1.146	45.8247	1.4	1000	0.2	30	1000	0.2	0	0
1.147	45.8549	1.4	1000	0.2	30	1000	0.2	0	0
1.148	45.8843	1.4	1000	0.2	30	1000	0.2	0	0
1.149	45.9147	1.4	1000	0.2	30	1000	0.2	0	0
1.15	45.9436	1.4	1000	0.2	30	1000	0.2	0	0
1.151	45.9722	1.4	1000	0.2	30	1000	0.2	0	0
1.152	46.0007	1.4	1000	0.2	30	1000	0.2	0	0
1.153	46.0276	1.4	1000	0.2	30	1000	0.2	0	0
1.154	46.0547	1.4	1000	0.2	30	1000	0.2	0	0
1.155	46.0827	1.4	1000	0.2	30	1000	0.2	0	0
1.156	46.1099	1.4	1000	0.2	30	1000	0.2	0	0
1.157	46.137	1.4	1000	0.2	30	1000	0.2	0	0
1.158	46.1637	1.4	1000	0.2	30	1000	0.2	0	0
1.159	46.1898	1.4	1000	0.2	30	1000	0.2	0	0
1.16	46.216	1.4	1000	0.2	30	1000	0.2	0	0
1.161	46.2424	1.4	1000	0.2	30	1000	0.2	0	0
1.162	46.2681	1.4	1000	0.2	30	1000	0.2	0	0
1.163	46.2932	1.4	1000	0.2	30	1000	0.2	0	0
1.164	46.3175	1.4	1000	0.2	30	1000	0.2	0	0
1.165	46.3414	1.4	1000	0.2	30	1000	0.2	0	0
1.166	46.3654	1.4	1000	0.2	30	1000	0.2	0	0
1.167	46.3895	1.4	1000	0.2	30	1000	0.2	0	0
1.168	46.4137	1.4	1000	0.2	30	1000	0.2	0	0
1.169	46.4383	1.4	1000	0.2	30	1000	0.2	0	0
1.17	46.4636	1.4	1000	0.2	30	1000	0.2	0	0
1.171	46.4899	1.4	1000	0.2	30	1000	0.2	0	0
1.172	46.5164	1.4	1000	0.2	30	1000	0.2	0	0
1.173	46.543	1.4	1000	0.2	30	1000	0.2	0	0
1.174	46.5692	1.4	1000	0.2	30	1000	0.2	0	0
1.175	46.5952	1.4	1000	0.2	30	1000	0.2	0	0
1.176	46.6216	1.4	1000	0.2	30	1000	0.2	0	0
1.177	46.6486	1.4	1000	0.2	30	1000	0.2	0	0
1.178	46.676	1.4	1000	0.2	30	1000	0.2	0	0
1.179	46.7044	1.4	1000	0.2	30	1000	0.2	0	0
1.18	46.7334	1.4	1000	0.2	30	1000	0.2	0	0
1.181	46.7624	1.4	1000	0.2	30	1000	0.2	0	0
1.182	46.7916	1.4	1000	0.2	30	1000	0.2	0	0
1.183	46.8213	1.4	1000	0.2	30	1000	0.2	0	0
1.184	46.8507	1.4	1000	0.2	30	1000	0.2	0	0
1.185	46.8811	1.4	1000	0.2	30	1000	0.2	0	0
1.186	46.9119	1.4	1000	0.2	30	1000	0.2	0	0
1.187	46.9424	1.4	1000	0.2	30	1000	0.2	0	0
1.188	46.9732	1.4	1000	0.2	30	1000	0.2	0	0
1.189	47.0035	1.4	1000	0.2	30	1000	0.2	0	0
1.19	47.0327	1.4	1000	0.2	30	1000	0.2	0	0
1.191	47.0619	1.4	1000	0.2	30	1000	0.2	0	0
1.192	47.0903	1.4	1000	0.2	30	1000	0.2	0	0
1.193	47.1181	1.4	1000	0.2	30	1000	0.2	0	0
1.194	47.1464	1.4	1000	0.2	30	1000	0.2	0	0
1.195	47.1752	1.4	1000	0.2	30	1000	0.2	0	0
1.196	47.2052	1.4	1000	0.2	30	1000	0.2	0	0
1.197	47.2363	1.4	1000	0.2	30	1000	0.2	0	0
1.198	47.2688	1.4	1000	0.2	30	1000	0.2	0	0
1.199	47.3027	1.4	1000	0.2	30	1000	0.2	0	0
1.2	47.3375	1.4	1000	0.2	30	1000	0.2	0	0
1.201	47.3732	1.4	1000	0.2	30	1000	0.2	0	0
1.202	47.4094	1.4	1000	0.2	30	1000	0.2	0	0
1.203	47.4459	1.4	1000	0.2	30	1000	0.2	0	0
1.204	47.4826	1.4	1000	0.2	30	1000	0.2	0	0
1.205	47.5187	1.4	1000	0.2	30	1000	0.2	0	0
1.206	47.5544	1.4	1000	0.2	30	1000	0.2	0	0
1.207	47.5902	1.4	1000	0.2	30	1000	0.2	0	0
1.208	47.626	1.4	1000	0.2	30	1000	0.2	0	0
1.209	47.6624	1.4	1000	0.2	30	1000	0.2	0	0
1.21	47.6997	1.4	1000	0.2	30	1000	0.2	0	0
1.211	47.7381	1.4	1000	0.2	30	1000	0.2	0	0
1.212	47.7784	1.4	1000	0.2	30	1000	0.2	0	0
1.213	47.8197	1.4	1000	0.2	30	1000	0.2	0	0
1.214	47.8621	1.4	1000	0.2	30	1000	0.2	0	0
1.215	47.9053	1.4	1000	0.2	30	1000	0.2	0	0
1.216	47.9484	1.4	1000	0.2	30	1000	0.2	0	0
1.217	47.9917	1.4	1000	0.2	30	1000	0.2	0	0
1.218	48.0351	1.4	1000	0.2	30	1000	0.2	0	0
1.219	48.0779	1.4	1000	0.2	30	1000	0.2	0	0
1.22	48.121	1.4	1000	0.2	30	1000	0.2	0	0
1.221	48.1644	1.4	1000	0.2	30	1000	0.2	0	0
1.222	48.2083	1.4	1000	0.2	30	1000	0.2	0	0
1.223	48.253	1.4	1000	0.2	30	1000	0.2	0	0
1.224	48.298	1.4	1000	0.2	30	1000	0.2	0	0
1.225	48.3426	1.4	1000	0.2	30	1000	0.2	0	0
1.226	48.3867	1.4	1000	0.2	30	1000	0.2	0	0
1.227	48.43	1.4	1000	0.2	30	1000	0.2	0	0
1.228	48.473	1.4	1000	0.2	30	1000	0.2	0	0
1.229	48.5153	1.4	1000	0.2	30	1000	0.2	0	0
1.23	48.5573	1.4	1000	0.2	30	1000	0.2	0	0
1.231	48.599	1.4	1000	0.2	30	1000	0.2	0	0
1.232	48.6401	1.4	1000	0.2	30	1000	0.2	0	0
1.233	48.6813	1.4	1000	0.2	30	1000	0.2	0	0
1.234	48.7223	1.4	1000	0.2	30	1000	0.2	0	0
1.235	48.7625	1.4	1000	0.2	30	1000	0.2	0	0
1.236	48.8023	1.4	1000	0.2	30	1000	0.2	0	0
1.237	48.8416	1.4	1000	0.2	30	1000	0.2	0	0
1.238	48.8807	1.4	1000	0.2	30	1000	0.2	0	0
1.239	48.9199	1.4	1000	0.2	30	1000	0.2	0	0
1.24	48.9591	1.4	1000	0.2	30	1000	0.2	0	0
1.241	48.9987	1.4	1000	0.2	30	1000	0.2	0	0
1.242	49.0386	1.4	1000	0.2	30	1000	0.2	0	0
1.243	49.0788	1.4	1000	0.2	30	1000	0.2	0	0
1.244	49.119	1.4	1000	0.2	30	1000	0.2	0	0
1.245	49.159	1.4	1000	0.2	30	1000	0.2	0	0
1.246	49.1982	1.4	1000	0.2	30	1000	0.2	0	0
1.247	49.2369	1.4	1000	0.2	30	1000	0.2	0	0
1.248	49.2747	1.4	1000	0.2	30	1000	0.2	0	0
1.249	49.3123	1.4	1000	0.2	30	1000	0.2	0	0
1.25	49.3499	1.4	1000	0.2	30	1000	0.2	0	0
1.251	49.3868	1.4	1000	0.2	30	1000	0.2	0	0
1.252	49.4235	1.4	1000	0.2	30	1000	0.2	0	0
1.253	49.4595	1.4	1000	0.2	30	1000	0.2	0	0
1.254	49.4946	1.4	1000	0.2	30	1000	0.2	0	0
1.255	49.5291	1.4	1000	0.2	30	1000	0.2	0	0
1.256	49.5627	1.4	1000	0.2	30	1000	0.2	0	0
1.257	49.5954	1.4	1000	0.2	30	1000	0.2	0	0
1.258	49.6285	1.4	1000	0.2	30	1000	0.2	0	0
1.259	49.6615	1.4	1000	0.2	30	1000	0.2	0	0
1.26	49.6948	1.4	1000	0.2	30	1000	0.2	0	0
1.261	49.729	1.4	1000	0.2	30	1000	0.2	0	0
1.262	49.7634	1.4	1000	0.2	30	1000	0.2	0	0
1.263	49.7985	1.4	1000	0.2	30	1000	0.2	0	0
1.264	49.8348	1.4	1000	0.2	30	1000	0.2	0	0
1.265	49.8711	1.4	1000	0.2	30	1000	0.2	0	0
1.266	49.9073	1.4	1000	0.2	30	1000	0.2	0	0
1.267	49.9436	1.4	1000	0.2	30	1000	0.2	0	0
1.268	49.9795	1.4	1000	0.2	30	1000	0.2	0	0
1.269	50.015	1.4	1000	0.2	30	1000	0.2	0	0
1.27	50.05	1.4	1000	0.2	30	1000	0.2	0	0
1.271	50.0836	1.4	1000	0.2	30	1000	0.2	0	0
1.272	50.1162	1.4	1000	0.2	30	1000	0.2	0	0
1.273	50.1483	1.4	1000	0.2	30	1000	0.2	0	0
1.274	50.1795	1.4	1000	0.2	30	1000	0.2	0	0
1.275	50.2107	1.4	1000	0.2	30	1000	0.2	0	0
1.276	50.2419	1.4	1000	0.2	30	1000	0.2	0	0
1.277	50.2729	1.4	1000	0.2	30	1000	0.2	0	0
1.278	50.304	1.4	1000	0.2	30	1000	0.2	0	0
1.279	50.3348	1.4	1000	0.2	30	1000	0.2	0	0
1.28	50.3658	1.4	1000	0.2	30	1000	0.2	0	0
1.281	50.3973	1.4	1000	0.2	30	1000	0.2	0	0
1.282	50.4285	1.4	1000	0.2	30	1000	0.2	0	0
1.283	50.4594	1.4	1000	0.2	30	1000	0.2	0	0
1.284	50.4903	1.4	1000	0.2	30	1000	0.2	0	0
1.285	50.5206	1.4	1000	0.2	30	1000	0.2	0	0
1.286	50.5509	1.4	1000	0.2	30	1000	0.2	0	0
1.287	50.5815	1.4	1000	0.2	30	1000	0.2	0	0
1.288	50.6117	1.4	1000	0.2	30	1000	0.2	0	0
1.289	50.6422	1.4	1000	0.2	30	1000	0.2	0	0
1.29	50.6724	1.4	1000	0.2	30	1000	0.2	0	0
1.291	50.702	1.4	1000	0.2	30	1000	0.2	0	0
1.292	50.7314	1.4	1000	0.2	30	1000	0.2	0	0
1.293	50.7601	1.4	1000	0.2	30	1000	0.2	0	0
1.294	50.7878	1.4	1000	0.2	30	1000	0.2	0	0
1.295	50.8153	1.4	1000	0.2	30	1000	0.2	0	0
1.296	50.8416	1.4	1000	0.2	30	1000	0.2	0	0
1.297	50.8674	1.4	1000	0.2	30	1000	0.2	0	0
1.298	50.8933	1.4	1000	0.2	30	1000	0.2	0	0
1.299	50.9188	1.4	1000	0.2	30	1000	0.2	0	0
1.3	50.9444	1.4	1000	0.2	30	1000	0.2	0	0
1.301	50.9704	1.4	1000	0.2	30	1000	0.2	0	0
1.302	50.9958	1.4	1000	0.2	30	1000	0.2	0	0
1.303	51.0214	1.4	1000	0.2	30	1000	0.2	0	0
1.304	51.0465	1.4	1000	0.2	30	1000	0.2	0	0
1.305	51.0706	1.4	1000	0.2	30	1000	0.2	0	0
1.306	51.0931	1.4	1000	0.2	30	1000	0.2	0	0
1.307	51.1146	1.4	1000	0.2	30	1000	0.2	0	0
1.308	51.1347	1.4	1000	0.2	30	1000	0.2	0	0
1.309	51.1536	1.4	1000	0.2	30	1000	0.2	0	0
1.31	51.1717	1.4	1000	0.2	30	1000	0.2	0	0
1.311	51.1892	1.4	1000	0.2	30	1000	0.2	0	0
1.312	51.2064	1.4	1000	0.2	30	1000	0.2	0	0
1.313	51.2237	1.4	1000	0.2	30	1000	0.2	0	0
1.314	51.2406	1.4	1000	0.2	30	1000	0.2	0	0
1.315	51.2568	1.4	1000	0.2	30	1000	0.2	0	0
1.316	51.2719	1.4	1000	0.2	30	1000	0.2	0	0
1.317	51.2858	1.4	1000	0.2	30	1000	0.2	0	0
1.318	51.2991	1.4	1000	0.2	30	1000	0.2	0	0
1.319	51.3113	1.4	1000	0.2	30	1000	0.2	0	0
1.32	51.3225	1.4	1000	0.2	30	1000	0.2	0	0
1.321	51.3328	1.4	1000	0.2	30	1000	0.2	0	0
1.322	51.3421	1.4	1000	0.2	30	1000	0.2	0	0
1.323	51.3514	1.4	1000	0.2	30	1000	0.2	0	0
1.324	51.3608	1.4	1000	0.2	30	1000	0.2	0	0
1.325	51.3696	1.4	1000	0.2	30	1000	0.2	0	0
1.326	51.3781	1.4	1000	0.2	30	1000	0.2	0	0
1.327	51.3865	1.4	1000	0.2	30	1000	0.2	0	0
1.328	51.3937	1.4	1000	0.2	30	1000	0.2	0	0
1.329	51.4009	1.4	1000	0.2	30	1000	0.2	0	0
1.33	51.4076	1.4	1000	0.2	30	1000	0.2	0	0
1.331	51.4136	1.4	1000	0.2	30	1000	0.2	0	0
1.332	51.4188	1.4	1000	0.2	30	1000	0.2	0	0
1.333	51.4227	1.4	1000	0.2	30	1000	0.2	0	0
1.334	51.4254	1.4	1000	0.2	30	1000	0.2	0	0
1.335	51.4266	1.4	1000	0.2	30	1000	0.2	0	0
1.336	51.4254	1.4	1000	0.2	30	1000	0.2	0	0
1.337	51.4103	1.4	1000	0.2	30	1000	0.2	0	0
1.338	51.3816	1.4	1000	0.2	30	1000	0.2	0	0
1.339	51.3395	1.4	1000	0.2	30	1000	0.2	0	0
1.34	51.2844	1.4	1000	0.2	30	1000	0.2	0	0
1.341	51.217	1.4	1000	0.2	30	1000	0.2	0	0
1.342	51.1382	1.4	1000	0.2	30	1000	0.2	0	0
1.343	51.048	1.4	1000	0.2	30	1000	0.2	0	0
1.344	50.9578	1.4	1000	0.2	30	1000	0.2	0	0
1.345	50.8676	1.4	1000	0.2	30	1000	0.2	0	0
1.346	50.7773	1.4	1000	0.2	30	1000	0.2	0	0
1.347	50.6871	1.4	1000	0.2	30	1000	0.2	0	0
1.348	50.5969	1.4	1000	0.2	30	1000	0.2	0	0
1.349	50.5067	1.4	1000	0.2	30	1000	0.2	0	0
1.35	50.4164	1.4	1000	0.2	30	1000	0.2	0	0
1.351	50.3262	1.4	1000	0.2	30	1000	0.2	0	0
1.352	50.236	1.4	1000	0.2	30	1000	0.2	0	0
1.353	50.1457	1.4	1000	0.2	30	1000	0.2	0	0
1.354	50.0555	1.4	1000	0.2	30	1000	0.2	0	0
1.355	49.9653	1.4	1000	0.2	30	1000	0.2	0	0
1.356	49.8751	1.4	1000	0.2	30	1000	0.2	0	0
1.357	49.7848	1.4	1000	0.2	30	1000	0.2	0	0
1.358	49.6946	1.4	1000	0.2	30	1000	0.2	0	0
1.359	49.6044	1.4	1000	0.2	30	1000	0.2	0	0
1.36	49.5142	1.4	1000	0.2	30	1000	0.2	0	0
1.361	49.4239	1.4	1000	0.2	30	1000	0.2	0	0
1.362	49.3337	1.4	1000	0.2	30	1000	0.2	0	0
1.363	49.2435	1.4	1000	0.2	30	1000	0.2	0	0
1.364	49.1533	1.4	1000	0.2	30	1000	0.2	0	0
1.365	49.063	1.4	1000	0.2	30	1000	0.2	0	0
1.366	48.9728	1.4	1000	0.2	30	1000	0.2	0	0
1.367	48.8826	1.4	1000	0.2	30	1000	0.2	0	0
1.368	48.7924	1.4	1000	0.2	30	1000	0.2	0	0
1.369	48.7021	1.4	1000	0.2	30	1000	0.2	0	0
1.37	48.6119	1.4	1000	0.2	30	1000	0.2	0	0
1.371	48.5217	1.4	1000	0.2	30	1000	0.2	0	0
1.372	48.4315	1.4	1000	0.2	30	1000	0.2	0	0
1.373	48.3412	1.4	1000	0.2	30	1000	0.2	0	0
1.374	48.251	1.4	1000	0.2	30	1000	0.2	0	0
1.375	48.1608	1.4	1000	0.2	30	1000	0.2	0	0
1.376	48.0706	1.4	1000	0.2	30	1000	0.2	0	0
1.377	47.9803	1.4	1000	0.2	30	1000	0.2	0	0
1.378	47.8901	1.4	1000	0.2	30	1000	0.2	0	0
1.379	47.7999	1.4	1000	0.2	30	1000	0.2	0	0
1.38	47.7097	1.4	1000	0.2	30	1000	0.2	0	0
1.381	47.6194	1.4	1000	0.2	30	1000	0.2	0	0
1.382	47.5292	1.4	1000	0.2	30	1000	0.2	0	0
1.383	47.439	1.4	1000	0.2	30	1000	0.2	0	0
1.384	47.3488	1.4	1000	0.2	30	1000	0.2	0	0
1.385	47.2585	1.4	1000	0.2	30	1000	0.2	0	0
1.386	47.1683	1.4	1000	0.2	30	1000	0.2	0	0
1.387	47.0781	1.4	1000	0.2	30	1000	0.2	0	0
1.388	46.9879	1.4	1000	0.2	30	1000	0.2	0	0
1.389	46.8977	1.4	1000	0.2	30	1000	0.2	0	0
1.39	46.8074	1.4	1000	0.2	30	1000	0.2	0	0
1.391	46.7172	1.4	1000	0.2	30	1000	0.2	0	0
1.392	46.627	1.4	1000	0.2	30	1000	0.2	0	0
1.393	46.5368	1.4	1000	0.2	30	1000	0.2	0	0
1.394	46.4465	1.4	1000	0.2	30	1000	0.2	0	0
1.395	46.3563	1.4	1000	0.2	30	1000	0.2	0	0
1.396	46.2661	1.4	1000	0.2	30	1000	0.2	0	0
1.397	46.1759	1.4	1000	0.2	30	1000	0.2	0	0
1.398	46.0856	1.4	1000	0.2	30	1000	0.2	0	0
1.399	45.9954	1.4	1000	0.2	30	1000	0.2	0	0
1.4	45.9052	1.4	1000	0.2	30	1000	0.2	0	0
1.401	45.8149	1.4	1000	0.2	30	1000	0.2	0	0
1.402	45.7246	1.4	1000	0.2	30	1000	0.2	0	0
1.403	45.6343	1.4	1000	0.2	30	1000	0.2	0	0
1.404	45.544	1.4	1000	0.2	30	1000	0.2	0	0
1.405	45.4537	1.4	1000	0.2	30	1000	0.2	0	0
1.406	45.3633	1.4	1000	0.2	30	1000	0.2	0	0
1.407	45.273	1.4	1000	0.2	30	1000	0.2	0	0
1.408	45.1826	1.4	1000	0.2	30	1000	0.2	0	0
1.409	45.0923	1.4	1000	0.2	30	1000	0.2	0	0
1.41	45.0019	1.4	1000	0.2	30	1000	0.2	0	0
1.411	44.9116	1.4	1000	0.2	30	1000	0.2	0	0
1.412	44.8212	1.4	1000	0.2	30	1000	0.2	0	0
1.413	44.7308	1.4	1000	0.2	30	1000	0.2	0	0
1.414	44.6405	1.4	1000	0.2	30	1000	0.2	0	0
1.415	44.5501	1.4	1000	0.2	30	1000	0.2	0	0
1.416	44.4598	1.4	1000	0.2	30	1000	0.2	0	0
1.417	44.3799	1.4	1000	0.2	30	1000	0.2	0	0
1.418	44.3177	1.4	1000	0.2	30	1000	0.2	0	0
1.419	44.2721	1.4	1000	0.2	30	1000	0.2	0	0
1.42	44.2427	1.4	1000	0.2	30	1000	0.2	0	0
1.421	44.2305	1.4	1000	0.2	30	1000	0.2	0	0
1.422	44.2315	1.4	1000	0.2	30	1000	0.2	0	0
1.423	44.2481	1.4	1000	0.2	30	1000	0.2	0	0
1.424	44.2643	1.4	1000	0.2	30	1000	0.2	0	0
1.425	44.2639	1.4	1000	0.2	30	1000	0.2	0	0
1.426	44.2561	1.4	1000	0.2	30	1000	0.2	0	0
1.427	44.2437	1.4	1000	0.2	30	1000	0.2	0	0
1.428	44.2233	1.4	1000	0.2	30	1000	0.2	0	0
1.429	44.2028	1.4	1000	0.2	30	1000	0.2	0	0
1.43	44.1773	1.4	1000	0.2	30	1000	0.2	0	0
1.431	44.1466	1.4	1000	0.2	30	1000	0.2	0	0
1.432	44.1257	1.4	1000	0.2	30	1000	0.2	0	0
1.433	44.1045	1.4	1000	0.2	30	1000	0.2	0	0
1.434	44.0821	1.4	1000	0.2	30	1000	0.2	0	0
1.435	44.0667	1.4	1000	0.2	30	1000	0.2	0	0
1.436	44.0505	1.4	1000	0.2	30	1000	0.2	0	0
1.437	44.0387	1.4	1000	0.2	30	1000	0.2	0	0
1.438	44.0416	1.4	1000	0.2	30	1000	0.2	0	0
1.439	44.0469	1.4	1000	0.2	30	1000	0.2	0	0
1.44	44.0574	1.4	1000	0.2	30	1000	0.2	0	0
1.441	44.0727	1.4	1000	0.2	30	1000	0.2	0	0
1.442	44.0853	1.4	1000	0.2	30	1000	0.2	0	0
1.443	44.1038	1.4	1000	0.2	30	1000	0.2	0	0
1.444	44.1273	1.4	1000	0.2	30	1000	0.2	0	0
1.445	44.1499	1.4	1000	0.2	30	1000	0.2	0	0
1.446	44.1778	1.4	1000	0.2	30	1000	0.2	0	0
1.447	44.2103	1.4	1000	0.2	30	1000	0.2	0	0
1.448	44.2447	1.4	1000	0.2	30	1000	0.2	0	0
1.449	44.2833	1.4	1000	0.2	30	1000	0.2	0	0
1.45	44.323	1.4	1000	0.2	30	1000	0.2	0	0
1.451	44.3585	1.4	1000	0.2	30	1000	0.2	0	0
1.452	44.3908	1.4	1000	0.2	30	1000	0.2	0	0
1.453	44.4187	1.4	1000	0.2	30	1000	0.2	0	0
1.454	44.4413	1.4	1000	0.2	30	1000	0.2	0	0
1.455	44.4607	1.4	1000	0.2	30	1000	0.2	0	0
1.456	44.4768	1.4	1000	0.2	30	1000	0.2	0	0
1.457	44.4879	1.4	1000	0.2	30	1000	0.2	0	0
1.458	44.4972	1.4	1000	0.2	30	1000	0.2	0	0
1.459	44.5055	1.4	1000	0.2	30	1000	0.2	0	0
1.46	44.5126	1.4	1000	0.2	30	1000	0.2	0	0
1.461	44.5217	1.4	1000	0.2	30	1000	0.2	0	0
1.462	44.5317	1.4	1000	0.2	30	1000	0.2	0	0
1.463	44.5442	1.4	1000	0.2	30	1000	0.2	0	0
1.464	44.5625	1.4	1000	0.2	30	1000	0.2	0	0
1.465	44.586	1.4	1000	0.2	30	1000	0.2	0	0
1.466	44.6162	1.4	1000	0.2	30	1000	0.2	0	0
1.467	44.653	1.4	1000	0.2	30	1000	0.2	0	0
1.468	44.6912	1.4	1000	0.2	30	1000	0.2	0	0
1.469	44.7344	1.4	1000	0.2	30	1000	0.2	0	0
1.47	44.7815	1.4	1000	0.2	30	1000	0.2	0	0
1.471	44.8293	1.4	1000	0.2	30	1000	0.2	0	0
1.472	44.88	1.4	1000	0.2	30	1000	0.2	0	0
1.473	44.9311	1.4	1000	0.2	30	1000	0.2	0	0
1.474	44.9814	1.4	1000	0.2	30	1000	0.2	0	0
1.475	45.0358	1.4	1000	0.2	30	1000	0.2	0	0
1.476	45.0904	1.4	1000	0.2	30	1000	0.2	0	0
1.477	45.1457	1.4	1000	0.2	30	1000	0.2	0	0
1.478	45.2016	1.4	1000	0.2	30	1000	0.2	0	0
1.479	45.2588	1.4	1000	0.2	30	1000	0.2	0	0
1.48	45.318	1.4	1000	0.2	30	1000	0.2	0	0
1.481	45.381	1.4	1000	0.2	30	1000	0.2	0	0
1.482	45.4453	1.4	1000	0.2	30	1000	0.2	0	0
1.483	45.5109	1.4	1000	0.2	30	1000	0.2	0	0
1.484	45.5762	1.4	1000	0.2	30	1000	0.2	0	0
1.485	45.6413	1.4	1000	0.2	30	1000	0.2	0	0
1.486	45.7037	1.4	1000	0.2	30	1000	0.2	0	0
1.487	45.7641	1.4	1000	0.2	30	1000	0.2	0	0
1.488	45.8224	1.4	1000	0.2	30	1000	0.2	0	0
1.489	45.8798	1.4	1000	0.2	30	1000	0.2	0	0
1.49	45.9366	1.4	1000	0.2	30	1000	0.2	0	0
1.491	45.9917	1.4	1000	0.2	30	1000	0.2	0	0
1.492	46.0461	1.4	1000	0.2	30	1000	0.2	0	0
1.493	46.0989	1.4	1000	0.2	30	1000	0.2	0	0
1.494	46.1501	1.4	1000	0.2	30	1000	0.2	0	0
1.495	46.2011	1.4	1000	0.2	30	1000	0.2	0	0
1.496	46.251	1.4	1000	0.2	30	1000	0.2	0	0
1.497	46.3005	1.4	1000	0.2	30	1000	0.2	0	0
1.498	46.351	1.4	1000	0.2	30	1000	0.2	0	0
1.499	46.4015	1.4	1000	0.2	30	1000	0.2	0	0
1.5	46.4529	1.4	1000	0.2	30	1000	0.2	0	0
1.501	46.5056	1.4	1000	0.2	30	1000	0.2	0	0
1.502	46.5588	1.4	1000	0.2	30	1000	0.2	0	0
1.503	46.6133	1.4	1000	0.2	30	1000	0.2	0	0
1.504	46.6682	1.4	1000	0.2	30	1000	0.2	0	0
1.505	46.7232	1.4	1000	0.2	30	1000	0.2	0	0
1.506	46.7788	1.4	1000	0.2	30	1000	0.2	0	0
1.507	46.8343	1.4	1000	0.2	30	1000	0.2	0	0
1.508	46.8892	1.4	1000	0.2	30	1000	0.2	0	0
1.509	46.9436	1.4	1000	0.2	30	1000	0.2	0	0
1.51	46.9968	1.4	1000	0.2	30	1000	0.2	0	0
1.511	47.049	1.4	1000	0.2	30	1000	0.2	0	0
1.512	47.1004	1.4	1000	0.2	30	1000	0.2	0	0
1.513	47.1515	1.4	1000	0.2	30	1000	0.2	0	0
1.514	47.2021	1.4	1000	0.2	30	1000	0.2	0	0
1.515	47.2527	1.4	1000	0.2	30	1000	0.2	0	0
1.516	47.3027	1.4	1000	0.2	30	1000	0.2	0	0
1.517	47.3522	1.4	1000	0.2	30	1000	0.2	0	0
1.518	47.4015	1.4	1000	0.2	30	1000	0.2	0	0
1.519	47.4502	1.4	1000	0.2	30	1000	0.2	0	0
1.52	47.4978	1.4	1000	0.2	30	1000	0.2	0	0
1.521	47.5445	1.4	1000	0.2	30	1000	0.2	0	0
1.522	47.5902	1.4	1000	0.2	30	1000	0.2	0	0
1.523	47.6353	1.4	1000	0.2	30	1000	0.2	0	0
1.524	47.6798	1.4	1000	0.2	30	1000	0.2	0	0
1.525	47.7238	1.4	1000	0.2	30	1000	0.2	0	0
1.526	47.7673	1.4	1000	0.2	30	1000	0.2	0	0
1.527	47.8104	1.4	1000	0.2	30	1000	0.2	0	0
1.528	47.8532	1.4	1000	0.2	30	1000	0.2	0	0
1.529	47.8956	1.4	1000	0.2	30	1000	0.2	0	0
1.53	47.9376	1.4	1000	0.2	30	1000	0.2	0	0
1.531	47.9793	1.4	1000	0.2	30	1000	0.2	0	0
1.532	48.0207	1.4	1000	0.2	30	1000	0.2	0	0
1.533	48.0616	1.4	1000	0.2	30	1000	0.2	0	0
1.534	48.1021	1.4	1000	0.2	30	1000	0.2	0	0
1.535	48.142	1.4	1000	0.2	30	1000	0.2	0	0
1.536	48.1812	1.4	1000	0.2	30	1000	0.2	0	0
1.537	48.2198	1.4	1000	0.2	30	1000	0.2	0	0
1.538	48.2576	1.4	1000	0.2	30	1000	0.2	0	0
1.539	48.2948	1.4	1000	0.2	30	1000	0.2	0	0
1.54	48.3316	1.4	1000	0.2	30	1000	0.2	0	0
1.541	48.3678	1.4	1000	0.2	30	1000	0.2	0	0
1.542	48.404	1.4	1000	0.2	30	1000	0.2	0	0
1.543	48.4407	1.4	1000	0.2	30	1000	0.2	0	0
1.544	48.4776	1.4	1000	0.2	30	1000	0.2	0	0
1.545	48.5152	1.4	1000	0.2	30	1000	0.2	0	0
1.546	48.5531	1.4	1000	0.2	30	1000	0.2	0	0
1.547	48.5907	1.4	1000	0.2	30	1000	0.2	0	0
1.548	48.6284	1.4	1000	0.2	30	1000	0.2	0	0
1.549	48.6657	1.4	1000	0.2	30	1000	0.2	0	0
1.55	48.7023	1.4	1000	0.2	30	1000	0.2	0	0
1.551	48.7385	1.4	1000	0.2	30	1000	0.2	0	0
1.552	48.7736	1.4	1000	0.2	30	1000	0.2	0	0
1.553	48.8077	1.4	1000	0.2	30	1000	0.2	0	0
1.554	48.8415	1.4	1000	0.2	30	1000	0.2	0	0
1.555	48.8748	1.4	1000	0.2	30	1000	0.2	0	0
1.556	48.9075	1.4	1000	0.2	30	1000	0.2	0	0
1.557	48.9398	1.4	1000	0.2	30	1000	0.2	0	0
1.558	48.9714	1.4	1000	0.2	30	1000	0.2	0	0
1.559	49.0029	1.4	1000	0.2	30	1000	0.2	0	0
1.56	49.0344	1.4	1000	0.2	30	1000	0.2	0	0
1.561	49.0657	1.4	1000	0.2	30	1000	0.2	0	0
1.562	49.0968	1.4	1000	0.2	30	1000	0.2	0	0
1.563	49.1276	1.4	1000	0.2	30	1000	0.2	0	0
1.564	49.1579	1.4	1000	0.2	30	1000	0.2	0	0
1.565	49.1882	1.4	1000	0.2	30	1000	0.2	0	0
1.566	49.2177	1.4	1000	0.2	30	1000	0.2	0	0
1.567	49.2465	1.4	1000	0.2	30	1000	0.2	0	0
1.568	49.2751	1.4	1000	0.2	30	1000	0.2	0	0
1.569	49.3034	1.4	1000	0.2	30	1000	0.2	0	0
1.57	49.3323	1.4	1000	0.2	30	1000	0.2	0	0
1.571	49.3617	1.4	1000	0.2	30	1000	0.2	0	0
1.572	49.3911	1.4	1000	0.2	30	1000	0.2	0	0
1.573	49.4213	1.4	1000	0.2	30	1000	0.2	0	0
1.574	49.4522	1.4	1000	0.2	30	1000	0.2	0	0
1.575	49.4842	1.4	1000	0.2	30	1000	0.2	0	0
1.576	49.5169	1.4	1000	0.2	30	1000	0.2	0	0
1.577	49.5498	1.4	1000	0.2	30	1000	0.2	0	0
1.578	49.5832	1.4	1000	0.2	30	1000	0.2	0	0
1.579	49.6168	1.4	1000	0.2	30	1000	0.2	0	0
1.58	49.6509	1.4	1000	0.2	30	1000	0.2	0	0
1.581	49.6853	1.4	1000	0.2	30	1000	0.2	0	0
1.582	49.7191	1.4	1000	0.2	30	1000	0.2	0	0
1.583	49.7527	1.4	1000	0.2	30	1000	0.2	0	0
1.584	49.7859	1.4	1000	0.2	30	1000	0.2	0	0
1.585	49.8183	1.4	1000	0.2	30	1000	0.2	0	0
1.586	49.8505	1.4	1000	0.2	30	1000	0.2	0	0
1.587	49.8822	1.4	1000	0.2	30	1000	0.2	0	0
1.588	49.9138	1.4	1000	0.2	30	1000	0.2	0	0
1.589	49.9459	1.4	1000	0.2	30	1000	0.2	0	0
1.59	49.9786	1.4	1000	0.2	30	1000	0.2	0	0
1.591	50.012	1.4	1000	0.2	30	1000	0.2	0	0
1.592	50.0462	1.4	1000	0.2	30	1000	0.2	0	0
1.593	50.0809	1.4	1000	0.2	30	1000	0.2	0	0
1.594	50.116	1.4	1000	0.2	30	1000	0.2	0	0
1.595	50.1514	1.4	1000	0.2	30	1000	0.2	0	0
1.596	50.1867	1.4	1000	0.2	30	1000	0.2	0	0
1.597	50.2217	1.4	1000	0.2	30	1000	0.2	0	0
1.598	50.2565	1.4	1000	0.2	30	1000	0.2	0	0
1.599	50.2916	1.4	1000	0.2	30	1000	0.2	0	0
1.6	50.3266	1.4	1000	0.2	30	1000	0.2	0	0
1.601	50.3616	1.4	1000	0.2	30	1000	0.2	0	0
1.602	50.397	1.4	1000	0.2	30	1000	0.2	0	0
1.603	50.432	1.4	1000	0.2	30	1000	0.2	0	0
1.604	50.4672	1.4	1000	0.2	30	1000	0.2	0	0
1.605	50.5028	1.4	1000	0.2	30	1000	0.2	0	0
1.606	50.5381	1.4	1000	0.2	30	1000	0.2	0	0
1.607	50.5735	1.4	1000	0.2	30	1000	0.2	0	0
1.608	50.6092	1.4	1000	0.2	30	1000	0.2	0	0
1.609	50.6444	1.4	1000	0.2	30	1000	0.2	0	0
1.61	50.6796	1.4	1000	0.2	30	1000	0.2	0	0
1.611	50.7144	1.4	1000	0.2	30	1000	0.2	0	0
1.612	50.7483	1.4	1000	0.2	30	1000	0.2	0	0
1.613	50.7813	1.4	1000	0.2	30	1000	0.2	0	0
1.614	50.8135	1.4	1000	0.2	30	1000	0.2	0	0
1.615	50.8447	1.4	1000	0.2	30	1000	0.2	0	0
1.616	50.8754	1.4	1000	0.2	30	1000	0.2	0	0
1.617	50.9055	1.4	1000	0.2	30	1000	0.2	0	0
1.618	50.9349	1.4	1000	0.2	30	1000	0.2	0	0
1.619	50.9635	1.4	1000	0.2	30	1000	0.2	0	0
1.62	50.9915	1.4	1000	0.2	30	1000	0.2	0	0
1.621	51.0193	1.4	1000	0.2	30	1000	0.2	0	0
1.622	51.0462	1.4	1000	0.2	30	1000	0.2	0	0
1.623	51.0723	1.4	1000	0.2	30	1000	0.2	0	0
1.624	51.0973	1.4	1000	0.2	30	1000	0.2	0	0
1.625	51.1205	1.4	1000	0.2	30	1000	0.2	0	0
1.626	51.1428	1.4	1000	0.2	30	1000	0.2	0	0
1.627	51.1646	1.4	1000	0.2	30	1000	0.2	0	0
1.628	51.1854	1.4	1000	0.2	30	1000	0.2	0	0
1.629	51.2056	1.4	1000	0.2	30	1000	0.2	0	0
1.63	51.2247	1.4	1000	0.2	30	1000	0.2	0	0
1.631	51.2433	1.4	1000	0.2	30	1000	0.2	0	0
1.632	51.2614	1.4	1000	0.2	30	1000	0.2	0	0
1.633	51.2785	1.4	1000	0.2	30	1000	0.2	0	0
1.634	51.2948	1.4	1000	0.2	30	1000	0.2	0	0
1.635	51.3097	1.4	1000	0.2	30	1000	0.2	0	0
1.636	51.3228	1.4	1000	0.2	30	1000	0.2	0	0
1.637	51.3352	1.4	1000	0.2	30	1000	0.2	0	0
1.638	51.3462	1.4	1000	0.2	30	1000	0.2	0	0
1.639	51.3556	1.4	1000	0.2	30	1000	0.2	0	0
1.64	51.3637	1.4	1000	0.2	30	1000	0.2	0	0
1.641	51.3693	1.4	1000	0.2	30	1000	0.2	0	0
1.642	51.3734	1.4	1000	0.2	30	1000	0.2	0	0
1.643	51.3757	1.4	1000	0.2	30	1000	0.2	0	0
1.644	51.3758	1.4	1000	0.2	30	1000	0.2	0	0
1.645	51.374	1.4	1000	0.2	30	1000	0.2	0	0
1.646	51.3702	1.4	1000	0.2	30	1000	0.2	0	0
1.647	51.3648	1.4	1000	0.2	30	1000	0.2	0	0
1.648	51.3578	1.4	1000	0.2	30	1000	0.2	0	0
1.649	51.3486	1.4	1000	0.2	30	1000	0.2	0	0
1.65	51.3376	1.4	1000	0.2	30	1000	0.2	0	0
1.651	51.3243	1.4	1000	0.2	30	1000	0.2	0	0
1.652	51.3085	1.4	1000	0.2	30	1000	0.2	0	0
1.653	51.2907	1.4	1000	0.2	30	1000	0.2	0	0
1.654	51.2706	1.4	1000	0.2	30	1000	0.2	0	0
1.655	51.2487	1.4	1000	0.2	30	1000	0.2	0	0
1.656	51.2252	1.4	1000	0.2	30	1000	0.2	0	0
1.657	51.2002	1.4	1000	0.2	30	1000	0.2	0	0
1.658	51.1747	1.4	1000	0.2	30	1000	0.2	0	0
1.659	51.1482	1.4	1000	0.2	30	1000	0.2	0	0
1.66	51.1216	1.4	1000	0.2	30	1000	0.2	0	0
1.661	51.0952	1.4	1000	0.2	30	1000	0.2	0	0
1.662	51.0688	1.4	1000	0.2	30	1000	0.2	0	0
1.663	51.0429	1.4	1000	0.2	30	1000	0.2	0	0
1.664	51.0174	1.4	1000	0.2	30	1000	0.2	0	0
1.665	50.9919	1.4	1000	0.2	30	1000	0.2	0	0
1.666	50.9676	1.4	1000	0.2	30	1000	0.2	0	0
1.667	50.9445	1.4	1000	0.2	30	1000	0.2	0	0
1.668	50.9222	1.4	1000	0.2	30	1000	0.2	0	0
1.669	50.9016	1.4	1000	0.2	30	1000	0.2	0	0
1.67	50.8819	1.4	1000	0.2	30	1000	0.2	0	0
1.671	50.8627	1.4	1000	0.2	30	1000	0.2	0	0
1.672	50.8448	1.4	1000	0.2	30	1000	0.2	0	0
1.673	50.8278	1.4	1000	0.2	30	1000	0.2	0	0
1.674	50.8118	1.4	1000	0.2	30	1000	0.2	0	0
1.675	50.7966	1.4	1000	0.2	30	1000	0.2	0	0
1.676	50.7815	1.4	1000	0.2	30	1000	0.2	0	0
1.677	50.767	1.4	1000	0.2	30	1000	0.2	0	0
1.678	50.7534	1.4	1000	0.2	30	1000	0.2	0	0
1.679	50.7399	1.4	1000	0.2	30	1000	0.2	0	0
1.68	50.7262	1.4	1000	0.2	30	1000	0.2	0	0
1.681	50.7119	1.4	1000	0.2	30	1000	0.2	0	0
1.682	50.6967	1.4	1000	0.2	30	1000	0.2	0	0
1.683	50.6804	1.4	1000	0.2	30	1000	0.2	0	0
1.684	50.6633	1.4	1000	0.2	30	1000	0.2	0	0
1.685	50.645	1.4	1000	0.2	30	1000	0.2	0	0
1.686	50.6254	1.4	1000	0.2	30	1000	0.2	0	0
1.687	50.6046	1.4	1000	0.2	30	1000	0.2	0	0
1.688	50.5822	1.4	1000	0.2	30	1000	0.2	0	0
1.689	50.5587	1.4	1000	0.2	30	1000	0.2	0	0
1.69	50.5349	1.4	1000	0.2	30	1000	0.2	0	0
1.691	50.5108	1.4	1000	0.2	30	1000	0.2	0	0
1.692	50.4871	1.4	1000	0.2	30	1000	0.2	0	0
1.693	50.4634	1.4	1000	0.2	30	1000	0.2	0	0
1.694	50.4394	1.4	1000	0.2	30	1000	0.2	0	0
1.695	50.4157	1.4	1000	0.2	30	1000	0.2	0	0
1.696	50.3919	1.4	1000	0.2	30	1000	0.2	0	0
1.697	50.3674	1.4	1000	0.2	30	1000	0.2	0	0
1.698	50.3419	1.4	1000	0.2	30	1000	0.2	0	0
1.699	50.3147	1.4	1000	0.2	30	1000	0.2	0	0
1.7	50.2865	1.4	1000	0.2	30	1000	0.2	0	0
1.701	50.258	1.4	1000	0.2	30	1000	0.2	0	0
1.702	50.2289	1.4	1000	0.2	30	1000	0.2	0	0
1.703	50.1994	1.4	1000	0.2	30	1000	0.2	0	0
1.704	50.169	1.4	1000	0.2	30	1000	0.2	0	0
1.705	50.1375	1.4	1000	0.2	30	1000	0.2	0	0
1.706	50.105	1.4	1000	0.2	30	1000	0.2	0	0
1.707	50.0715	1.4	1000	0.2	30	1000	0.2	0	0
1.708	50.0367	1.4	1000	0.2	30	1000	0.2	0	0
1.709	50.0002	1.4	1000	0.2	30	1000	0.2	0	0
1.71	49.9625	1.4	1000	0.2	30	1000	0.2	0	0
1.711	49.9239	1.4	1000	0.2	30	1000	0.2	0	0
1.712	49.8845	1.4	1000	0.2	30	1000	0.2	0	0
1.713	49.8447	1.4	1000	0.2	30	1000	0.2	0	0
1.714	49.8037	1.4	1000	0.2	30	1000	0.2	0	0
1.715	49.7611	1.4	1000	0.2	30	1000	0.2	0	0
1.716	49.7183	1.4	1000	0.2	30	1000	0.2	0	0
1.717	49.675	1.4	1000	0.2	30	1000	0.2	0	0
1.718	49.6325	1.4	1000	0.2	30	1000	0.2	0	0
1.719	49.5916	1.4	1000	0.2	30	1000	0.2	0	0
1.72	49.5516	1.4	1000	0.2	30	1000	0.2	0	0
1.721	49.5144	1.4	1000	0.2	30	1000	0.2	0	0
1.722	49.4807	1.4	1000	0.2	30	1000	0.2	0	0
1.723	49.45	1.4	1000	0.2	30	1000	0.2	0	0
1.724	49.4234	1.4	1000	0.2	30	1000	0.2	0	0
1.725	49.4001	1.4	1000	0.2	30	1000	0.2	0	0
1.726	49.3797	1.4	1000	0.2	30	1000	0.2	0	0
1.727	49.3643	1.4	1000	0.2	30	1000	0.2	0	0
1.728	49.3535	1.4	1000	0.2	30	1000	0.2	0	0
1.729	49.348	1.4	1000	0.2	30	1000	0.2	0	0
1.73	49.3483	1.4	1000	0.2	30	1000	0.2	0	0
1.731	49.3545	1.4	1000	0.2	30	1000	0.2	0	0
1.732	49.3658	1.4	1000	0.2	30	1000	0.2	0	0
1.733	49.3825	1.4	1000	0.2	30	1000	0.2	0	0
1.734	49.4023	1.4	1000	0.2	30	1000	0.2	0	0
1.735	49.4231	1.4	1000	0.2	30	1000	0.2	0	0
1.736	49.4448	1.4	1000	0.2	30	1000	0.2	0	0
1.737	49.4664	1.4	1000	0.2	30	1000	0.2	0	0
1.738	49.4858	1.4	1000	0.2	30	1000	0.2	0	0
1.739	49.504	1.4	1000	0.2	30	1000	0.2	0	0
1.74	49.5194	1.4	1000	0.2	30	1000	0.2	0	0
1.741	49.5319	1.4	1000	0.2	30	1000	0.2	0	0
1.742	49.5433	1.4	1000	0.2	30	1000	0.2	0	0
1.743	49.5522	1.4	1000	0.2	30	1000	0.2	0	0
1.744	49.5591	1.4	1000	0.2	30	1000	0.2	0	0
1.745	49.5643	1.4	1000	0.2	30	1000	0.2	0	0
1.746	49.5669	1.4	1000	0.2	30	1000	0.2	0	0
1.747	49.5679	1.4	1000	0.2	30	1000	0.2	0	0
1.748	49.5673	1.4	1000	0.2	30	1000	0.2	0	0
1.749	49.5644	1.4	1000	0.2	30	1000	0.2	0	0
1.75	49.5608	1.4	1000	0.2	30	1000	0.2	0	0
1.751	49.5559	1.4	1000	0.2	30	1000	0.2	0	0
1.752	49.551	1.4	1000	0.2	30	1000	0.2	0	0
1.753	49.5455	1.4	1000	0.2	30	1000	0.2	0	0
1.754	49.5383	1.4	1000	0.2	30	1000	0.2	0	0
1.755	49.5314	1.4	1000	0.2	30	1000	0.2	0	0
1.756	49.5244	1.4	1000	0.2	30	1000	0.2	0	0
1.757	49.5178	1.4	1000	0.2	30	1000	0.2	0	0
1.758	49.5127	1.4	1000	0.2	30	1000	0.2	0	0
1.759	49.5074	1.4	1000	0.2	30	1000	0.2	0	0
1.76	49.5029	1.4	1000	0.2	30	1000	0.2	0	0
1.761	49.5004	1.4	1000	0.2	30	1000	0.2	0	0
1.762	49.5005	1.4	1000	0.2	30	1000	0.2	0	0
1.763	49.5034	1.4	1000	0.2	30	1000	0.2	0	0
1.764	49.5087	1.4	1000	0.2	30	1000	0.2	0	0
1.765	49.5149	1.4	1000	0.2	30	1000	0.2	0	0
1.766	49.521	1.4	1000	0.2	30	1000	0.2	0	0
1.767	49.5289	1.4	1000	0.2	30	1000	0.2	0	0
1.768	49.5395	1.4	1000	0.2	30	1000	0.2	0	0
1.769	49.5508	1.4	1000	0.2	30	1000	0.2	0	0
1.77	49.5631	1.4	1000	0.2	30	1000	0.2	0	0
1.771	49.5751	1.4	1000	0.2	30	1000	0.2	0	0
1.772	49.5868	1.4	1000	0.2	30	1000	0.2	0	0
1.773	49.5996	1.4	1000	0.2	30	1000	0.2	0	0
1.774	49.612	1.4	1000	0.2	30	1000	0.2	0	0
1.775	49.6227	1.4	1000	0.2	30	1000	0.2	0	0
1.776	49.632	1.4	1000	0.2	30	1000	0.2	0	0
1.777	49.64	1.4	1000	0.2	30	1000	0.2	0	0
1.778	49.6475	1.4	1000	0.2	30	1000	0.2	0	0
1.779	49.6551	1.4	1000	0.2	30	1000	0.2	0	0
1.78	49.6632	1.4	1000	0.2	30	1000	0.2	0	0
1.781	49.6713	1.4	1000	0.2	30	1000	0.2	0	0
1.782	49.6783	1.4	1000	0.2	30	1000	0.2	0	0
1.783	49.6853	1.4	1000	0.2	30	1000	0.2	0	0
1.784	49.6911	1.4	1000	0.2	30	1000	0.2	0	0
1.785	49.6958	1.4	1000	0.2	30	1000	0.2	0	0
1.786	49.7014	1.4	1000	0.2	30	1000	0.2	0	0
1.787	49.7028	1.4	1000	0.2	30	1000	0.2	0	0
1.788	49.7018	1.4	1000	0.2	30	1000	0.2	0	0
1.789	49.6985	1.4	1000	0.2	30	1000	0.2	0	0
1.79	49.6909	1.4	1000	0.2	30	1000	0.2	0	0
1.791	49.6848	1.4	1000	0.2	30	1000	0.2	0	0
1.792	49.6773	1.4	1000	0.2	30	1000	0.2	0	0
1.793	49.6645	1.4	1000	0.2	30	1000	0.2	0	0
1.794	49.6533	1.4	1000	0.2	30	1000	0.2	0	0
1.795	49.6391	1.4	1000	0.2	30	1000	0.2	0	0
1.796	49.6214	1.4	1000	0.2	30	1000	0.2	0	0
1.797	49.5926	1.4	1000	0.2	30	1000	0.2	0	0
1.798	49.5625	1.4	1000	0.2	30	1000	0.2	0	0
1.799	49.5186	1.4	1000	0.2	30	1000	0.2	0	0
1.8	49.463	1.4	1000	0.2	30	1000	0.2	0	0
1.801	49.3937	1.4	1000	0.2	30	1000	0.2	0	0
1.802	49.3141	1.4	1000	0.2	30	1000	0.2	0	0
1.803	49.2254	1.4	1000	0.2	30	1000	0.2	0	0
1.804	49.1368	1.4	1000	0.2	30	1000	0.2	0	0
1.805	49.0334	1.4	1000	0.2	30	1000	0.2	0	0
1.806	48.93	1.4	1000	0.2	30	1000	0.2	0	0
1.807	48.8266	1.4	1000	0.2	30	1000	0.2	0	0
1.808	48.7231	1.4	1000	0.2	30	1000	0.2	0	0
1.809	48.6197	1.4	1000	0.2	30	1000	0.2	0	0
1.81	48.5163	1.4	1000	0.2	30	1000	0.2	0	0
1.811	48.4129	1.4	1000	0.2	30	1000	0.2	0	0
1.812	48.3095	1.4	1000	0.2	30	1000	0.2	0	0
1.813	48.206	1.4	1000	0.2	30	1000	0.2	0	0
1.814	48.1026	1.4	1000	0.2	30	1000	0.2	0	0
1.815	47.9992	1.4	1000	0.2	30	1000	0.2	0	0
1.816	47.8958	1.4	1000	0.2	30	1000	0.2	0	0
1.817	47.7924	1.4	1000	0.2	30	1000	0.2	0	0
1.818	47.689	1.4	1000	0.2	30	1000	0.2	0	0
1.819	47.5855	1.4	1000	0.2	30	1000	0.2	0	0
1.82	47.4821	1.4	1000	0.2	30	1000	0.2	0	0
1.821	47.3787	1.4	1000	0.2	30	1000	0.2	0	0
1.822	47.2753	1.4	1000	0.2	30	1000	0.2	0	0
1.823	47.1719	1.4	1000	0.2	30	1000	0.2	0	0
1.824	47.0684	1.4	1000	0.2	30	1000	0.2	0	0
1.825	46.965	1.4	1000	0.2	30	1000	0.2	0	0
1.826	46.8616	1.4	1000	0.2	30	1000	0.2	0	0
1.827	46.7582	1.4	1000	0.2	30	1000	0.2	0	0
1.828	46.6548	1.4	1000	0.2	30	1000	0.2	0	0
1.829	46.5514	1.4	1000	0.2	30	1000	0.2	0	0
1.83	46.4479	1.4	1000	0.2	30	1000	0.2	0	0
1.831	46.3445	1.4	1000	0.2	30	1000	0.2	0	0
1.832	46.2411	1.4	1000	0.2	30	1000	0.2	0	0
1.833	46.1377	1.4	1000	0.2	30	1000	0.2	0	0
1.834	46.0343	1.4	1000	0.2	30	1000	0.2	0	0
1.835	45.9308	1.4	1000	0.2	30	1000	0.2	0	0
1.836	45.8274	1.4	1000	0.2	30	1000	0.2	0	0
1.837	45.724	1.4	1000	0.2	30	1000	0.2	0	0
1.838	45.6206	1.4	1000	0.2	30	1000	0.2	0	0
1.839	45.5172	1.4	1000	0.2	30	1000	0.2	0	0
1.84	45.4137	1.4	1000	0.2	30	1000	0.2	0	0
1.841	45.3103	1.4	1000	0.2	30	1000	0.2	0	0
1.842	45.2069	1.4	1000	0.2	30	1000	0.2	0	0
1.843	45.1035	1.4	1000	0.2	30	1000	0.2	0	0
1.844	45.0001	1.4	1000	0.2	30	1000	0.2	0	0
1.845	44.8967	1.4	1000	0.2	30	1000	0.2	0	0
1.846	44.7932	1.4	1000	0.2	30	1000	0.2	0	0
1.847	44.6898	1.4	1000	0.2	30	1000	0.2	0	0
1.848	44.5864	1.4	1000	0.2	30	1000	0.2	0	0
1.849	44.483	1.4	1000	0.2	30	1000	0.2	0	0
1.85	44.3796	1.4	1000	0.2	30	1000	0.2	0	0
1.851	44.2761	1.4	1000	0.2	30	1000	0.2	0	0
1.852	44.1727	1.4	1000	0.2	30	1000	0.2	0	0
1.853	44.0693	1.4	1000	0.2	30	1000	0.2	0	0
1.854	43.9659	1.4	1000	0.2	30	1000	0.2	0	0
1.855	43.8625	1.4	1000	0.2	30	1000	0.2	0	0
1.856	43.7591	1.4	1000	0.2	30	1000	0.2	0	0
1.857	43.6556	1.4	1000	0.2	30	1000	0.2	0	0
1.858	43.5522	1.4	1000	0.2	30	1000	0.2	0	0
1.859	43.4488	1.4	1000	0.2	30	1000	0.2	0	0
1.86	43.3454	1.4	1000	0.2	30	1000	0.2	0	0
1.861	43.242	1.4	1000	0.2	30	1000	0.2	0	0
1.862	43.1385	1.4	1000	0.2	30	1000	0.2	0	0
1.863	43.0351	1.4	1000	0.2	30	1000	0.2	0	0
1.864	42.9317	1.4	1000	0.2	30	1000	0.2	0	0
1.865	42.8283	1.4	1000	0.2	30	1000	0.2	0	0
1.866	42.7249	1.4	1000	0.2	30	1000	0.2	0	0
1.867	42.6214	1.4	1000	0.2	30	1000	0.2	0	0
1.868	42.518	1.4	1000	0.2	30	1000	0.2	0	0
1.869	42.4146	1.4	1000	0.2	30	1000	0.2	0	0
1.87	42.3112	1.4	1000	0.2	30	1000	0.2	0	0
1.871	42.2078	1.4	1000	0.2	30	1000	0.2	0	0
1.872	42.1044	1.4	1000	0.2	30	1000	0.2	0	0
1.873	42.0009	1.4	1000	0.2	30	1000	0.2	0	0
1.874	41.8975	1.4	1000	0.2	30	1000	0.2	0	0
1.875	41.7941	1.4	1000	0.2	30	1000	0.2	0	0
1.876	41.6907	1.4	1000	0.2	30	1000	0.2	0	0
1.877	41.5873	1.4	1000	0.2	30	1000	0.2	0	0
1.878	41.4838	1.4	1000	0.2	30	1000	0.2	0	0
1.879	41.3804	1.4	1000	0.2	30	1000	0.2	0	0
1.88	41.277	1.4	1000	0.2	30	1000	0.2	0	0
1.881	41.1736	1.4	1000	0.2	30	1000	0.2	0	0
1.882	41.0702	1.4	1000	0.2	30	1000	0.2	0	0
1.883	40.9668	1.4	1000	0.2	30	1000	0.2	0	0
1.884	40.8633	1.4	1000	0.2	30	1000	0.2	0	0
1.885	40.7599	1.4	1000	0.2	30	1000	0.2	0	0
1.886	40.6565	1.4	1000	0.2	30	1000	0.2	0	0
1.887	40.5531	1.4	1000	0.2	30	1000	0.2	0	0
1.888	40.4497	1.4	1000	0.2	30	1000	0.2	0	0
1.889	40.3462	1.4	1000	0.2	30	1000	0.2	0	0
1.89	40.2428	1.4	1000	0.2	30	1000	0.2	0	0
1.891	40.1394	1.4	1000	0.2	30	1000	0.2	0	0
1.892	40.036	1.4	1000	0.2	30	1000	0.2	0	0
1.893	39.9326	1.4	1000	0.2	30	1000	0.2	0	0
1.894	39.8291	1.4	1000	0.2	30	1000	0.2	0	0
1.895	39.7257	1.4	1000	0.2	30	1000	0.2	0	0
1.896	39.6223	1.4	1000	0.2	30	1000	0.2	0	0
1.897	39.5189	1.4	1000	0.2	30	1000	0.2	0	0
1.898	39.4155	1.4	1000	0.2	30	1000	0.2	0	0
1.899	39.3121	1.4	1000	0.2	30	1000	0.2	0	0
1.9	39.2086	1.4	1000	0.2	30	1000	0.2	0	0
1.901	39.1052	1.4	1000	0.2	30	1000	0.2	0	0
1.902	39.0018	1.4	1000	0.2	30	1000	0.2	0	0
1.903	38.8984	1.4	1000	0.2	30	1000	0.2	0	0
1.904	38.795	1.4	1000	0.2	30	1000	0.2	0	0
1.905	38.6915	1.4	1000	0.2	30	1000	0.2	0	0
1.906	38.5881	1.4	1000	0.2	30	1000	0.2	0	0
1.907	38.4847	1.4	1000	0.2	30	1000	0.2	0	0
1.908	38.3813	1.4	1000	0.2	30	1000	0.2	0	0
1.909	38.2779	1.4	1000	0.2	30	1000	0.2	0	0
1.91	38.1745	1.4	1000	0.2	30	1000	0.2	0	0
1.911	38.071	1.4	1000	0.2	30	1000	0.2	0	0
1.912	37.9676	1.4	1000	0.2	30	1000	0.2	0	0
1.913	37.8642	1.4	1000	0.2	30	1000	0.2	0	0
1.914	37.7608	1.4	1000	0.2	30	1000	0.2	0	0
1.915	37.6574	1.4	1000	0.2	30	1000	0.2	0	0
1.916	37.5539	1.4	1000	0.2	30	1000	0.2	0	0
1.917	37.4505	1.4	1000	0.2	30	1000	0.2	0	0
1.918	37.3471	1.4	1000	0.2	30	1000	0.2	0	0
1.919	37.2437	1.4	1000	0.2	30	1000	0.2	0	0
1.92	37.1403	1.4	1000	0.2	30	1000	0.2	0	0
1.921	37.0369	1.4	1000	0.2	30	1000	0.2	0	0
1.922	36.9334	1.4	1000	0.2	30	1000	0.2	0	0
1.923	36.83	1.4	1000	0.2	30	1000	0.2	0	0
1.924	36.7266	1.4	1000	0.2	30	1000	0.2	0	0
1.925	36.6232	1.4	1000	0.2	30	1000	0.2	0	0
1.926	36.5198	1.4	1000	0.2	30	1000	0.2	0	0
1.927	36.4163	1.4	1000	0.2	30	1000	0.2	0	0
1.928	36.3129	1.4	1000	0.2	30	1000	0.2	0	0
1.929	36.2095	1.4	1000	0.2	30	1000	0.2	0	0
1.93	36.1061	1.4	1000	0.2	30	1000	0.2	0	0
1.931	36.0027	1.4	1000	0.2	30	1000	0.2	0	0
1.932	35.8992	1.4	1000	0.2	30	1000	0.2	0	0
1.933	35.7958	1.4	1000	0.2	30	1000	0.2	0	0
1.934	35.6924	1.4	1000	0.2	30	1000	0.2	0	0
1.935	35.589	1.4	1000	0.2	30	1000	0.2	0	0
1.936	35.4856	1.4	1000	0.2	30	1000	0.2	0	0
1.937	35.3822	1.4	1000	0.2	30	1000	0.2	0	0
1.938	35.2787	1.4	1000	0.2	30	1000	0.2	0	0
1.939	35.1753	1.4	1000	0.2	30	1000	0.2	0	0
1.94	35.0719	1.4	1000	0.2	30	1000	0.2	0	0
1.941	34.9685	1.4	1000	0.2	30	1000	0.2	0	0
1.942	34.8651	1.4	1000	0.2	30	1000	0.2	0	0
1.943	34.7616	1.4	1000	0.2	30	1000	0.2	0	0
1.944	34.6582	1.4	1000	0.2	30	1000	0.2	0	0
1.945	34.5548	1.4	1000	0.2	30	1000	0.2	0	0
1.946	34.4514	1.4	1000	0.2	30	1000	0.2	0	0
1.947	34.3517	1.4	1000	0.2	30	1000	0.2	0	0
1.948	34.2751	1.4	1000	0.2	30	1000	0.2	0	0
1.949	34.2361	1.4	1000	0.2	30	1000	0.2	0	0
1.95	34.2461	1.4	1000	0.2	30	1000	0.2	0	0
1.951	34.2953	1.4	1000	0.2	30	1000	0.2	0	0
1.952	34.3664	1.4	1000	0.2	30	1000	0.2	0	0
1.953	34.4852	1.4	1000	0.2	30	1000	0.2	0	0
1.954	34.6474	1.4	1000	0.2	30	1000	0.2	0	0
1.955	34.8239	1.4	1000	0.2	30	1000	0.2	0	0
1.956	35.0077	1.4	1000	0.2	30	1000	0.2	0	0
1.957	35.1935	1.4	1000	0.2	30	1000	0.2	0	0
1.958	35.3808	1.4	1000	0.2	30	1000	0.2	0	0
1.959	35.5793	1.4	1000	0.2	30	1000	0.2	0	0
1.96	35.7643	1.4	1000	0.2	30	1000	0.2	0	0
1.961	35.934	1.4	1000	0.2	30	1000	0.2	0	0
1.962	36.099	1.4	1000	0.2	30	1000	0.2	0	0
1.963	36.2478	1.4	1000	0.2	30	1000	0.2	0	0
1.964	36.373	1.4	1000	0.2	30	1000	0.2	0	0
1.965	36.4894	1.4	1000	0.2	30	1000	0.2	0	0
1.966	36.6069	1.4	1000	0.2	30	1000	0.2	0	0
1.967	36.7208	1.4	1000	0.2	30	1000	0.2	0	0
1.968	36.8353	1.4	1000	0.2	30	1000	0.2	0	0
1.969	36.9467	1.4	1000	0.2	30	1000	0.2	0	0
1.97	37.0548	1.4	1000	0.2	30	1000	0.2	0	0
1.971	37.1643	1.4	1000	0.2	30	1000	0.2	0	0
1.972	37.2736	1.4	1000	0.2	30	1000	0.2	0	0
1.973	37.3779	1.4	1000	0.2	30	1000	0.2	0	0
1.974	37.4805	1.4	1000	0.2	30	1000	0.2	0	0
1.975	37.5814	1.4	1000	0.2	30	1000	0.2	0	0
1.976	37.6825	1.4	1000	0.2	30	1000	0.2	0	0
1.977	37.7876	1.4	1000	0.2	30	1000	0.2	0	0
1.978	37.8933	1.4	1000	0.2	30	1000	0.2	0	0
1.979	37.9979	1.4	1000	0.2	30	1000	0.2	0	0
1.98	38.1028	1.4	1000	0.2	30	1000	0.2	0	0
1.981	38.21	1.4	1000	0.2	30	1000	0.2	0	0
1.982	38.3144	1.4	1000	0.2	30	1000	0.2	0	0
1.983	38.4161	1.4	1000	0.2	30	1000	0.2	0	0
1.984	38.5156	1.4	1000	0.2	30	1000	0.2	0	0
1.985	38.6114	1.4	1000	0.2	30	1000	0.2	0	0
1.986	38.7022	1.4	1000	0.2	30	1000	0.2	0	0
1.987	38.7901	1.4	1000	0.2	30	1000	0.2	0	0
1.988	38.8775	1.4	1000	0.2	30	1000	0.2	0	0
1.989	38.9614	1.4	1000	0.2	30	1000	0.2	0	0
1.99	39.0402	1.4	1000	0.2	30	1000	0.2	0	0
1.991	39.1153	1.4	1000	0.2	30	1000	0.2	0	0
1.992	39.1875	1.4	1000	0.2	30	1000	0.2	0	0
1.993	39.2556	1.4	1000	0.2	30	1000	0.2	0	0
1.994	39.3198	1.4	1000	0.2	30	1000	0.2	0	0
1.995	39.3756	1.4	1000	0.2	30	1000	0.2	0	0
1.996	39.4226	1.4	1000	0.2	30	1000	0.2	0	0
1.997	39.4687	1.4	1000	0.2	30	1000	0.2	0	0
1.998	39.5156	1.4	1000	0.2	30	1000	0.2	0	0
1.999	39.5683	1.4	1000	0.2	30	1000	0.2	0	0
2	39.6287	1.4	1000	0.2	30	1000	0.2	0	0
2.001	39.7007	1.4	1000	0.2	30	1000	0.2	0	0
2.002	39.7804	1.4	1000	0.2	30	1000	0.2	0	0
2.003	39.87	1.4	1000	0.2	30	1000	0.2	0	0
2.004	39.9672	1.4	1000	0.2	30	1000	0.2	0	0
2.005	40.0651	1.4	1000	0.2	30	1000	0.2	0	0
2.006	40.1595	1.4	1000	0.2	30	1000	0.2	0	0
2.007	40.2503	1.4	1000	0.2	30	1000	0.2	0	0
2.008	40.3303	1.4	1000	0.2	30	1000	0.2	0	0
2.009	40.3989	1.4	1000	0.2	30	1000	0.2	0	0
2.01	40.4635	1.4	1000	0.2	30	1000	0.2	0	0
2.011	40.5194	1.4	1000	0.2	30	1000	0.2	0	0
2.012	40.5715	1.4	1000	0.2	30	1000	0.2	0	0
2.013	40.6232	1.4	1000	0.2	30	1000	0.2	0	0
2.014	40.6773	1.4	1000	0.2	30	1000	0.2	0	0
2.015	40.73	1.4	1000	0.2	30	1000	0.2	0	0
2.016	40.7844	1.4	1000	0.2	30	1000	0.2	0	0
2.017	40.8392	1.4	1000	0.2	30	1000	0.2	0	0
2.018	40.8934	1.4	1000	0.2	30	1000	0.2	0	0
2.019	40.9457	1.4	1000	0.2	30	1000	0.2	0	0
2.02	40.9953	1.4	1000	0.2	30	1000	0.2	0	0
2.021	41.0359	1.4	1000	0.2	30	1000	0.2	0	0
2.022	41.071	1.4	1000	0.2	30	1000	0.2	0	0
2.023	41.1023	1.4	1000	0.2	30	1000	0.2	0	0
2.024	41.1292	1.4	1000	0.2	30	1000	0.2	0	0
2.025	41.1528	1.4	1000	0.2	30	1000	0.2	0	0
2.026	41.1721	1.4	1000	0.2	30	1000	0.2	0	0
2.027	41.1841	1.4	1000	0.2	30	1000	0.2	0	0
2.028	41.1908	1.4	1000	0.2	30	1000	0.2	0	0
2.029	41.1934	1.4	1000	0.2	30	1000	0.2	0	0
2.03	41.1924	1.4	1000	0.2	30	1000	0.2	0	0
2.031	41.1875	1.4	1000	0.2	30	1000	0.2	0	0
2.032	41.1784	1.4	1000	0.2	30	1000	0.2	0	0
2.033	41.1646	1.4	1000	0.2	30	1000	0.2	0	0
2.034	41.1473	1.4	1000	0.2	30	1000	0.2	0	0
2.035	41.1264	1.4	1000	0.2	30	1000	0.2	0	0
2.036	41.1042	1.4	1000	0.2	30	1000	0.2	0	0
2.037	41.0803	1.4	1000	0.2	30	1000	0.2	0	0
2.038	41.0559	1.4	1000	0.2	30	1000	0.2	0	0
2.039	41.0312	1.4	1000	0.2	30	1000	0.2	0	0
2.04	41.0067	1.4	1000	0.2	30	1000	0.2	0	0
2.041	40.982	1.4	1000	0.2	30	1000	0.2	0	0
2.042	40.9578	1.4	1000	0.2	30	1000	0.2	0	0
2.043	40.9337	1.4	1000	0.2	30	1000	0.2	0	0
2.044	40.9102	1.4	1000	0.2	30	1000	0.2	0	0
2.045	40.8839	1.4	1000	0.2	30	1000	0.2	0	0
2.046	40.8547	1.4	1000	0.2	30	1000	0.2	0	0
2.047	40.8243	1.4	1000	0.2	30	1000	0.2	0	0
2.048	40.7911	1.4	1000	0.2	30	1000	0.2	0	0
2.049	40.7559	1.4	1000	0.2	30	1000	0.2	0	0
2.05	40.7202	1.4	1000	0.2	30	1000	0.2	0	0
2.051	40.6819	1.4	1000	0.2	30	1000	0.2	0	0
2.052	40.6426	1.4	1000	0.2	30	1000	0.2	0	0
2.053	40.6017	1.4	1000	0.2	30	1000	0.2	0	0
2.054	40.5639	1.4	1000	0.2	30	1000	0.2	0	0
2.055	40.5329	1.4	1000	0.2	30	1000	0.2	0	0
2.056	40.5068	1.4	1000	0.2	30	1000	0.2	0	0
2.057	40.4876	1.4	1000	0.2	30	1000	0.2	0	0
2.058	40.4735	1.4	1000	0.2	30	1000	0.2	0	0
2.059	40.4635	1.4	1000	0.2	30	1000	0.2	0	0
2.06	40.4585	1.4	1000	0.2	30	1000	0.2	0	0
2.061	40.451	1.4	1000	0.2	30	1000	0.2	0	0
2.062	40.441	1.4	1000	0.2	30	1000	0.2	0	0
2.063	40.4305	1.4	1000	0.2	30	1000	0.2	0	0
2.064	40.4156	1.4	1000	0.2	30	1000	0.2	0	0
2.065	40.4019	1.4	1000	0.2	30	1000	0.2	0	0
2.066	40.3898	1.4	1000	0.2	30	1000	0.2	0	0
2.067	40.3799	1.4	1000	0.2	30	1000	0.2	0	0
2.068	40.372	1.4	1000	0.2	30	1000	0.2	0	0
2.069	40.3665	1.4	1000	0.2	30	1000	0.2	0	0
2.07	40.3656	1.4	1000	0.2	30	1000	0.2	0	0
2.071	40.3664	1.4	1000	0.2	30	1000	0.2	0	0
2.072	40.3663	1.4	1000	0.2	30	1000	0.2	0	0
2.073	40.3654	1.4	1000	0.2	30	1000	0.2	0	0
2.074	40.361	1.4	1000	0.2	30	1000	0.2	0	0
2.075	40.3591	1.4	1000	0.2	30	1000	0.2	0	0
2.076	40.3589	1.4	1000	0.2	30	1000	0.2	0	0
2.077	40.3559	1.4	1000	0.2	30	1000	0.2	0	0
2.078	40.3537	1.4	1000	0.2	30	1000	0.2	0	0
2.079	40.352	1.4	1000	0.2	30	1000	0.2	0	0
2.08	40.3501	1.4	1000	0.2	30	1000	0.2	0	0
2.081	40.3508	1.4	1000	0.2	30	1000	0.2	0	0
2.082	40.3516	1.4	1000	0.2	30	1000	0.2	0	0
2.083	40.351	1.4	1000	0.2	30	1000	0.2	0	0
2.084	40.3491	1.4	1000	0.2	30	1000	0.2	0	0
2.085	40.3448	1.4	1000	0.2	30	1000	0.2	0	0
2.086	40.339	1.4	1000	0.2	30	1000	0.2	0	0
2.087	40.331	1.4	1000	0.2	30	1000	0.2	0	0
2.088	40.3236	1.4	1000	0.2	30	1000	0.2	0	0
2.089	40.3172	1.4	1000	0.2	30	1000	0.2	0	0
2.09	40.31	1.4	1000	0.2	30	1000	0.2	0	0
2.091	40.3038	1.4	1000	0.2	30	1000	0.2	0	0
2.092	40.3002	1.4	1000	0.2	30	1000	0.2	0	0
2.093	40.3005	1.4	1000	0.2	30	1000	0.2	0	0
2.094	40.3047	1.4	1000	0.2	30	1000	0.2	0	0
2.095	40.3104	1.4	1000	0.2	30	1000	0.2	0	0
2.096	40.3165	1.4	1000	0.2	30	1000	0.2	0	0
2.097	40.3232	1.4	1000	0.2	30	1000	0.2	0	0
2.098	40.3284	1.4	1000	0.2	30	1000	0.2	0	0
2.099	40.3338	1.4	1000	0.2	30	1000	0.2	0	0
2.1	40.3403	1.4	1000	0.2	30	1000	0.2	0	0
2.101	40.3474	1.4	1000	0.2	30	1000	0.2	0	0
2.102	40.3558	1.4	1000	0.2	30	1000	0.2	0	0
2.103	40.3639	1.4	1000	0.2	30	1000	0.2	0	0
2.104	40.3692	1.4	1000	0.2	30	1000	0.2	0	0
2.105	40.3766	1.4	1000	0.2	30	1000	0.2	0	0
2.106	40.3848	1.4	1000	0.2	30	1000	0.2	0	0
2.107	40.3902	1.4	1000	0.2	30	1000	0.2	0	0
2.108	40.3949	1.4	1000	0.2	30	1000	0.2	0	0
2.109	40.3994	1.4	1000	0.2	30	1000	0.2	0	0
2.11	40.4045	1.4	1000	0.2	30	1000	0.2	0	0
2.111	40.4132	1.4	1000	0.2	30	1000	0.2	0	0
2.112	40.4239	1.4	1000	0.2	30	1000	0.2	0	0
2.113	40.4354	1.4	1000	0.2	30	1000	0.2	0	0
2.114	40.448	1.4	1000	0.2	30	1000	0.2	0	0
2.115	40.4604	1.4	1000	0.2	30	1000	0.2	0	0
2.116	40.472	1.4	1000	0.2	30	1000	0.2	0	0
2.117	40.4829	1.4	1000	0.2	30	1000	0.2	0	0
2.118	40.4942	1.4	1000	0.2	30	1000	0.2	0	0
2.119	40.5058	1.4	1000	0.2	30	1000	0.2	0	0
2.12	40.5154	1.4	1000	0.2	30	1000	0.2	0	0
2.121	40.5232	1.4	1000	0.2	30	1000	0.2	0	0
2.122	40.5317	1.4	1000	0.2	30	1000	0.2	0	0
2.123	40.5404	1.4	1000	0.2	30	1000	0.2	0	0
2.124	40.5491	1.4	1000	0.2	30	1000	0.2	0	0
2.125	40.5578	1.4	1000	0.2	30	1000	0.2	0	0
2.126	40.5639	1.4	1000	0.2	30	1000	0.2	0	0
2.127	40.5651	1.4	1000	0.2	30	1000	0.2	0	0
2.128	40.5657	1.4	1000	0.2	30	1000	0.2	0	0
2.129	40.566	1.4	1000	0.2	30	1000	0.2	0	0
2.13	40.5672	1.4	1000	0.2	30	1000	0.2	0	0
2.131	40.5695	1.4	1000	0.2	30	1000	0.2	0	0
2.132	40.5737	1.4	1000	0.2	30	1000	0.2	0	0
2.133	40.5783	1.4	1000	0.2	30	1000	0.2	0	0
2.134	40.5854	1.4	1000	0.2	30	1000	0.2	0	0
2.135	40.5937	1.4	1000	0.2	30	1000	0.2	0	0
2.136	40.6014	1.4	1000	0.2	30	1000	0.2	0	0
2.137	40.6078	1.4	1000	0.2	30	1000	0.2	0	0
2.138	40.6147	1.4	1000	0.2	30	1000	0.2	0	0
2.139	40.6196	1.4	1000	0.2	30	1000	0.2	0	0
2.14	40.6245	1.4	1000	0.2	30	1000	0.2	0	0
2.141	40.6326	1.4	1000	0.2	30	1000	0.2	0	0
2.142	40.6433	1.4	1000	0.2	30	1000	0.2	0	0
2.143	40.6556	1.4	1000	0.2	30	1000	0.2	0	0
2.144	40.6697	1.4	1000	0.2	30	1000	0.2	0	0
2.145	40.6828	1.4	1000	0.2	30	1000	0.2	0	0
2.146	40.6928	1.4	1000	0.2	30	1000	0.2	0	0
2.147	40.7017	1.4	1000	0.2	30	1000	0.2	0	0
2.148	40.7089	1.4	1000	0.2	30	1000	0.2	0	0
2.149	40.7121	1.4	1000	0.2	30	1000	0.2	0	0
2.15	40.7141	1.4	1000	0.2	30	1000	0.2	0	0
2.151	40.716	1.4	1000	0.2	30	1000	0.2	0	0
2.152	40.7181	1.4	1000	0.2	30	1000	0.2	0	0
2.153	40.7229	1.4	1000	0.2	30	1000	0.2	0	0
2.154	40.7285	1.4	1000	0.2	30	1000	0.2	0	0
2.155	40.7335	1.4	1000	0.2	30	1000	0.2	0	0
2.156	40.7391	1.4	1000	0.2	30	1000	0.2	0	0
2.157	40.7441	1.4	1000	0.2	30	1000	0.2	0	0
2.158	40.7457	1.4	1000	0.2	30	1000	0.2	0	0
2.159	40.7443	1.4	1000	0.2	30	1000	0.2	0	0
2.16	40.7414	1.4	1000	0.2	30	1000	0.2	0	0
2.161	40.7376	1.4	1000	0.2	30	1000	0.2	0	0
2.162	40.735	1.4	1000	0.2	30	1000	0.2	0	0
2.163	40.7358	1.4	1000	0.2	30	1000	0.2	0	0
2.164	40.7389	1.4	1000	0.2	30	1000	0.2	0	0
2.165	40.7446	1.4	1000	0.2	30	1000	0.2	0	0
2.166	40.7547	1.4	1000	0.2	30	1000	0.2	0	0
2.167	40.7674	1.4	1000	0.2	30	1000	0.2	0	0
2.168	40.7827	1.4	1000	0.2	30	1000	0.2	0	0
2.169	40.8	1.4	1000	0.2	30	1000	0.2	0	0
2.17	40.818	1.4	1000	0.2	30	1000	0.2	0	0
2.171	40.8347	1.4	1000	0.2	30	1000	0.2	0	0
2.172	40.8488	1.4	1000	0.2	30	1000	0.2	0	0
2.173	40.8614	1.4	1000	0.2	30	1000	0.2	0	0
2.174	40.8699	1.4	1000	0.2	30	1000	0.2	0	0
2.175	40.8783	1.4	1000	0.2	30	1000	0.2	0	0
2.176	40.8901	1.4	1000	0.2	30	1000	0.2	0	0
2.177	40.9012	1.4	1000	0.2	30	1000	0.2	0	0
2.178	40.9148	1.4	1000	0.2	30	1000	0.2	0	0
2.179	40.9314	1.4	1000	0.2	30	1000	0.2	0	0
2.18	40.9484	1.4	1000	0.2	30	1000	0.2	0	0
2.181	40.9674	1.4	1000	0.2	30	1000	0.2	0	0
2.182	40.982	1.4	1000	0.2	30	1000	0.2	0	0
2.183	40.9915	1.4	1000	0.2	30	1000	0.2	0	0
2.184	40.9996	1.4	1000	0.2	30	1000	0.2	0	0
2.185	41.0062	1.4	1000	0.2	30	1000	0.2	0	0
2.186	41.0161	1.4	1000	0.2	30	1000	0.2	0	0
2.187	41.0296	1.4	1000	0.2	30	1000	0.2	0	0
2.188	41.0456	1.4	1000	0.2	30	1000	0.2	0	0
2.189	41.0653	1.4	1000	0.2	30	1000	0.2	0	0
2.19	41.0869	1.4	1000	0.2	30	1000	0.2	0	0
2.191	41.1098	1.4	1000	0.2	30	1000	0.2	0	0
2.192	41.1325	1.4	1000	0.2	30	1000	0.2	0	0
2.193	41.1515	1.4	1000	0.2	30	1000	0.2	0	0
2.194	41.1673	1.4	1000	0.2	30	1000	0.2	0	0
2.195	41.1791	1.4	1000	0.2	30	1000	0.2	0	0
2.196	41.1912	1.4	1000	0.2	30	1000	0.2	0	0
2.197	41.2032	1.4	1000	0.2	30	1000	0.2	0	0
2.198	41.2139	1.4	1000	0.2	30	1000	0.2	0	0
2.199	41.2249	1.4	1000	0.2	30	1000	0.2	0	0
2.2	41.2356	1.4	1000	0.2	30	1000	0.2	0	0
2.201	41.2448	1.4	1000	0.2	30	1000	0.2	0	0
2.202	41.2576	1.4	1000	0.2	30	1000	0.2	0	0
2.203	41.2743	1.4	1000	0.2	30	1000	0.2	0	0
2.204	41.2917	1.4	1000	0.2	30	1000	0.2	0	0
2.205	41.3116	1.4	1000	0.2	30	1000	0.2	0	0
2.206	41.3332	1.4	1000	0.2	30	1000	0.2	0	0
2.207	41.3548	1.4	1000	0.2	30	1000	0.2	0	0
2.208	41.3787	1.4	1000	0.2	30	1000	0.2	0	0
2.209	41.4025	1.4	1000	0.2	30	1000	0.2	0	0
2.21	41.4246	1.4	1000	0.2	30	1000	0.2	0	0
2.211	41.4455	1.4	1000	0.2	30	1000	0.2	0	0
2.212	41.4648	1.4	1000	0.2	30	1000	0.2	0	0
2.213	41.4805	1.4	1000	0.2	30	1000	0.2	0	0
2.214	41.4929	1.4	1000	0.2	30	1000	0.2	0	0
2.215	41.5017	1.4	1000	0.2	30	1000	0.2	0	0
2.216	41.5047	1.4	1000	0.2	30	1000	0.2	0	0
2.217	41.5023	1.4	1000	0.2	30	1000	0.2	0	0
2.218	41.497	1.4	1000	0.2	30	1000	0.2	0	0
2.219	41.4866	1.4	1000	0.2	30	1000	0.2	0	0
2.22	41.4738	1.4	1000	0.2	30	1000	0.2	0	0
2.221	41.4579	1.4	1000	0.2	30	1000	0.2	0	0
2.222	41.4356	1.4	1000	0.2	30	1000	0.2	0	0
2.223	41.4109	1.4	1000	0.2	30	1000	0.2	0	0
2.224	41.3828	1.4	1000	0.2	30	1000	0.2	0	0
2.225	41.3483	1.4	1000	0.2	30	1000	0.2	0	0
2.226	41.3102	1.4	1000	0.2	30	1000	0.2	0	0
2.227	41.2666	1.4	1000	0.2	30	1000	0.2	0	0
2.228	41.2176	1.4	1000	0.2	30	1000	0.2	0	0
2.229	41.1651	1.4	1000	0.2	30	1000	0.2	0	0
2.23	41.1059	1.4	1000	0.2	30	1000	0.2	0	0
2.231	41.0394	1.4	1000	0.2	30	1000	0.2	0	0
2.232	40.967	1.4	1000	0.2	30	1000	0.2	0	0
2.233	40.884	1.4	1000	0.2	30	1000	0.2	0	0
2.234	40.794	1.4	1000	0.2	30	1000	0.2	0	0
2.235	40.699	1.4	1000	0.2	30	1000	0.2	0	0
2.236	40.6002	1.4	1000	0.2	30	1000	0.2	0	0
2.237	40.4997	1.4	1000	0.2	30	1000	0.2	0	0
2.238	40.3948	1.4	1000	0.2	30	1000	0.2	0	0
2.239	40.284	1.4	1000	0.2	30	1000	0.2	0	0
2.24	40.1723	1.4	1000	0.2	30	1000	0.2	0	0
2.241	40.056	1.4	1000	0.2	30	1000	0.2	0	0
2.242	39.9364	1.4	1000	0.2	30	1000	0.2	0	0
2.243	39.8157	1.4	1000	0.2	30	1000	0.2	0	0
2.244	39.6909	1.4	1000	0.2	30	1000	0.2	0	0
2.245	39.5623	1.4	1000	0.2	30	1000	0.2	0	0
2.246	39.4339	1.4	1000	0.2	30	1000	0.2	0	0
2.247	39.3046	1.4	1000	0.2	30	1000	0.2	0	0
2.248	39.1775	1.4	1000	0.2	30	1000	0.2	0	0
2.249	39.0539	1.4	1000	0.2	30	1000	0.2	0	0
2.25	38.93	1.4	1000	0.2	30	1000	0.2	0	0
2.251	38.8081	1.4	1000	0.2	30	1000	0.2	0	0
2.252	38.6907	1.4	1000	0.2	30	1000	0.2	0	0
2.253	38.5751	1.4	1000	0.2	30	1000	0.2	0	0
2.254	38.4604	1.4	1000	0.2	30	1000	0.2	0	0
2.255	38.3439	1.4	1000	0.2	30	1000	0.2	0	0
2.256	38.2251	1.4	1000	0.2	30	1000	0.2	0	0
2.257	38.1051	1.4	1000	0.2	30	1000	0.2	0	0
2.258	37.9858	1.4	1000	0.2	30	1000	0.2	0	0
2.259	37.8712	1.4	1000	0.2	30	1000	0.2	0	0
2.26	37.7603	1.4	1000	0.2	30	1000	0.2	0	0
2.261	37.6538	1.4	1000	0.2	30	1000	0.2	0	0
2.262	37.5535	1.4	1000	0.2	30	1000	0.2	0	0
2.263	37.4588	1.4	1000	0.2	30	1000	0.2	0	0
2.264	37.3708	1.4	1000	0.2	30	1000	0.2	0	0
2.265	37.2874	1.4	1000	0.2	30	1000	0.2	0	0
2.266	37.2049	1.4	1000	0.2	30	1000	0.2	0	0
2.267	37.128	1.4	1000	0.2	30	1000	0.2	0	0
2.268	37.0577	1.4	1000	0.2	30	1000	0.2	0	0
2.269	36.9944	1.4	1000	0.2	30	1000	0.2	0	0
2.27	36.9399	1.4	1000	0.2	30	1000	0.2	0	0
2.271	36.893	1.4	1000	0.2	30	1000	0.2	0	0
2.272	36.8534	1.4	1000	0.2	30	1000	0.2	0	0
2.273	36.8209	1.4	1000	0.2	30	1000	0.2	0	0
2.274	36.7925	1.4	1000	0.2	30	1000	0.2	0	0
2.275	36.7683	1.4	1000	0.2	30	1000	0.2	0	0
2.276	36.7495	1.4	1000	0.2	30	1000	0.2	0	0
2.277	36.7289	1.4	1000	0.2	30	1000	0.2	0	0
2.278	36.707	1.4	1000	0.2	30	1000	0.2	0	0
2.279	36.684	1.4	1000	0.2	30	1000	0.2	0	0
2.28	36.6554	1.4	1000	0.2	30	1000	0.2	0	0
2.281	36.6246	1.4	1000	0.2	30	1000	0.2	0	0
2.282	36.5951	1.4	1000	0.2	30	1000	0.2	0	0
2.283	36.5625	1.4	1000	0.2	30	1000	0.2	0	0
2.284	36.5289	1.4	1000	0.2	30	1000	0.2	0	0
2.285	36.4958	1.4	1000	0.2	30	1000	0.2	0	0
2.286	36.4619	1.4	1000	0.2	30	1000	0.2	0	0
2.287	36.4337	1.4	1000	0.2	30	1000	0.2	0	0
2.288	36.4112	1.4	1000	0.2	30	1000	0.2	0	0
2.289	36.3861	1.4	1000	0.2	30	1000	0.2	0	0
2.29	36.3604	1.4	1000	0.2	30	1000	0.2	0	0
2.291	36.335	1.4	1000	0.2	30	1000	0.2	0	0
2.292	36.3046	1.4	1000	0.2	30	1000	0.2	0	0
2.293	36.2743	1.4	1000	0.2	30	1000	0.2	0	0
2.294	36.2396	1.4	1000	0.2	30	1000	0.2	0	0
2.295	36.1962	1.4	1000	0.2	30	1000	0.2	0	0
2.296	36.1463	1.4	1000	0.2	30	1000	0.2	0	0
2.297	36.0888	1.4	1000	0.2	30	1000	0.2	0	0
2.298	36.0266	1.4	1000	0.2	30	1000	0.2	0	0
2.299	35.9651	1.4	1000	0.2	30	1000	0.2	0	0
2.3	35.8998	1.4	1000	0.2	30	1000	0.2	0	0
2.301	35.834	1.4	1000	0.2	30	1000	0.2	0	0
2.302	35.7693	1.4	1000	0.2	30	1000	0.2	0	0
2.303	35.707	1.4	1000	0.2	30	1000	0.2	0	0
2.304	35.6502	1.4	1000	0.2	30	1000	0.2	0	0
2.305	35.5962	1.4	1000	0.2	30	1000	0.2	0	0
2.306	35.5483	1.4	1000	0.2	30	1000	0.2	0	0
2.307	35.5101	1.4	1000	0.2	30	1000	0.2	0	0
2.308	35.4784	1.4	1000	0.2	30	1000	0.2	0	0
2.309	35.4529	1.4	1000	0.2	30	1000	0.2	0	0
2.31	35.4349	1.4	1000	0.2	30	1000	0.2	0	0
2.311	35.4209	1.4	1000	0.2	30	1000	0.2	0	0
2.312	35.4143	1.4	1000	0.2	30	1000	0.2	0	0
2.313	35.4164	1.4	1000	0.2	30	1000	0.2	0	0
2.314	35.4223	1.4	1000	0.2	30	1000	0.2	0	0
2.315	35.4348	1.4	1000	0.2	30	1000	0.2	0	0
2.316	35.4533	1.4	1000	0.2	30	1000	0.2	0	0
2.317	35.4818	1.4	1000	0.2	30	1000	0.2	0	0
2.318	35.5153	1.4	1000	0.2	30	1000	0.2	0	0
2.319	35.5439	1.4	1000	0.2	30	1000	0.2	0	0
2.32	35.5652	1.4	1000	0.2	30	1000	0.2	0	0
2.321	35.5738	1.4	1000	0.2	30	1000	0.2	0	0
2.322	35.578	1.4	1000	0.2	30	1000	0.2	0	0
2.323	35.5854	1.4	1000	0.2	30	1000	0.2	0	0
2.324	35.5858	1.4	1000	0.2	30	1000	0.2	0	0
2.325	35.5919	1.4	1000	0.2	30	1000	0.2	0	0
2.326	35.6036	1.4	1000	0.2	30	1000	0.2	0	0
2.327	35.6107	1.4	1000	0.2	30	1000	0.2	0	0
2.328	35.6223	1.4	1000	0.2	30	1000	0.2	0	0
2.329	35.6273	1.4	1000	0.2	30	1000	0.2	0	0
2.33	35.6192	1.4	1000	0.2	30	1000	0.2	0	0
2.331	35.604	1.4	1000	0.2	30	1000	0.2	0	0
2.332	35.5792	1.4	1000	0.2	30	1000	0.2	0	0
2.333	35.5451	1.4	1000	0.2	30	1000	0.2	0	0
2.334	35.5061	1.4	1000	0.2	30	1000	0.2	0	0
2.335	35.466	1.4	1000	0.2	30	1000	0.2	0	0
2.336	35.4296	1.4	1000	0.2	30	1000	0.2	0	0
2.337	35.3974	1.4	1000	0.2	30	1000	0.2	0	0
2.338	35.3681	1.4	1000	0.2	30	1000	0.2	0	0
2.339	35.3371	1.4	1000	0.2	30	1000	0.2	0	0
2.34	35.3034	1.4	1000	0.2	30	1000	0.2	0	0
2.341	35.2788	1.4	1000	0.2	30	1000	0.2	0	0
2.342	35.2629	1.4	1000	0.2	30	1000	0.2	0	0
2.343	35.2494	1.4	1000	0.2	30	1000	0.2	0	0
2.344	35.2378	1.4	1000	0.2	30	1000	0.2	0	0
2.345	35.2246	1.4	1000	0.2	30	1000	0.2	0	0
2.346	35.2076	1.4	1000	0.2	30	1000	0.2	0	0
2.347	35.1979	1.4	1000	0.2	30	1000	0.2	0	0
2.348	35.1855	1.4	1000	0.2	30	1000	0.2	0	0
2.349	35.1704	1.4	1000	0.2	30	1000	0.2	0	0
2.35	35.1599	1.4	1000	0.2	30	1000	0.2	0	0
2.351	35.1526	1.4	1000	0.2	30	1000	0.2	0	0
2.352	35.1563	1.4	1000	0.2	30	1000	0.2	0	0
2.353	35.1718	1.4	1000	0.2	30	1000	0.2	0	0
2.354	35.1952	1.4	1000	0.2	30	1000	0.2	0	0
2.355	35.2256	1.4	1000	0.2	30	1000	0.2	0	0
2.356	35.2561	1.4	1000	0.2	30	1000	0.2	0	0
2.357	35.2844	1.4	1000	0.2	30	1000	0.2	0	0
2.358	35.3079	1.4	1000	0.2	30	1000	0.2	0	0
2.359	35.3229	1.4	1000	0.2	30	1000	0.2	0	0
2.36	35.3344	1.4	1000	0.2	30	1000	0.2	0	0
2.361	35.3415	1.4	1000	0.2	30	1000	0.2	0	0
2.362	35.3443	1.4	1000	0.2	30	1000	0.2	0	0
2.363	35.3452	1.4	1000	0.2	30	1000	0.2	0	0
2.364	35.3442	1.4	1000	0.2	30	1000	0.2	0	0
2.365	35.3416	1.4	1000	0.2	30	1000	0.2	0	0
2.366	35.3389	1.4	1000	0.2	30	1000	0.2	0	0
2.367	35.3291	1.4	1000	0.2	30	1000	0.2	0	0
2.368	35.3053	1.4	1000	0.2	30	1000	0.2	0	0
2.369	35.2758	1.4	1000	0.2	30	1000	0.2	0	0
2.37	35.2374	1.4	1000	0.2	30	1000	0.2	0	0
2.371	35.1958	1.4	1000	0.2	30	1000	0.2	0	0
2.372	35.1625	1.4	1000	0.2	30	1000	0.2	0	0
2.373	35.1287	1.4	1000	0.2	30	1000	0.2	0	0
2.374	35.0992	1.4	1000	0.2	30	1000	0.2	0	0
2.375	35.081	1.4	1000	0.2	30	1000	0.2	0	0
2.376	35.063	1.4	1000	0.2	30	1000	0.2	0	0
2.377	35.0502	1.4	1000	0.2	30	1000	0.2	0	0
2.378	35.0386	1.4	1000	0.2	30	1000	0.2	0	0
2.379	35.0166	1.4	1000	0.2	30	1000	0.2	0	0
2.38	34.991	1.4	1000	0.2	30	1000	0.2	0	0
2.381	34.9633	1.4	1000	0.2	30	1000	0.2	0	0
2.382	34.9301	1.4	1000	0.2	30	1000	0.2	0	0
2.383	34.9017	1.4	1000	0.2	30	1000	0.2	0	0
2.384	34.8842	1.4	1000	0.2	30	1000	0.2	0	0
2.385	34.8662	1.4	1000	0.2	30	1000	0.2	0	0
2.386	34.849	1.4	1000	0.2	30	1000	0.2	0	0
2.387	34.8341	1.4	1000	0.2	30	1000	0.2	0	0
2.388	34.8133	1.4	1000	0.2	30	1000	0.2	0	0
2.389	34.7946	1.4	1000	0.2	30	1000	0.2	0	0
2.39	34.7756	1.4	1000	0.2	30	1000	0.2	0	0
2.391	34.747	1.4	1000	0.2	30	1000	0.2	0	0
2.392	34.7149	1.4	1000	0.2	30	1000	0.2	0	0
2.393	34.6868	1.4	1000	0.2	30	1000	0.2	0	0
2.394	34.6724	1.4	1000	0.2	30	1000	0.2	0	0
2.395	34.6656	1.4	1000	0.2	30	1000	0.2	0	0
2.396	34.6593	1.4	1000	0.2	30	1000	0.2	0	0
2.397	34.6474	1.4	1000	0.2	30	1000	0.2	0	0
2.398	34.6194	1.4	1000	0.2	30	1000	0.2	0	0
2.399	34.59	1.4	1000	0.2	30	1000	0.2	0	0
2.4	34.5564	1.4	1000	0.2	30	1000	0.2	0	0
2.401	34.4978	1.4	1000	0.2	30	1000	0.2	0	0
2.402	34.4249	1.4	1000	0.2	30	1000	0.2	0	0
2.403	34.3501	1.4	1000	0.2	30	1000	0.2	0	0
2.404	34.2752	1.4	1000	0.2	30	1000	0.2	0	0
2.405	34.2148	1.4	1000	0.2	30	1000	0.2	0	0
2.406	34.1669	1.4	1000	0.2	30	1000	0.2	0	0
2.407	34.1146	1.4	1000	0.2	30	1000	0.2	0	0
2.408	34.0768	1.4	1000	0.2	30	1000	0.2	0	0
2.409	34.0556	1.4	1000	0.2	30	1000	0.2	0	0
2.41	34.0354	1.4	1000	0.2	30	1000	0.2	0	0
2.411	34.0311	1.4	1000	0.2	30	1000	0.2	0	0
2.412	34.0245	1.4	1000	0.2	30	1000	0.2	0	0
2.413	33.9963	1.4	1000	0.2	30	1000	0.2	0	0
2.414	33.9591	1.4	1000	0.2	30	1000	0.2	0	0
2.415	33.8961	1.4	1000	0.2	30	1000	0.2	0	0
2.416	33.8119	1.4	1000	0.2	30	1000	0.2	0	0
2.417	33.7296	1.4	1000	0.2	30	1000	0.2	0	0
2.418	33.6331	1.4	1000	0.2	30	1000	0.2	0	0
2.419	33.529	1.4	1000	0.2	30	1000	0.2	0	0
2.42	33.4353	1.4	1000	0.2	30	1000	0.2	0	0
2.421	33.3512	1.4	1000	0.2	30	1000	0.2	0	0
2.422	33.2892	1.4	1000	0.2	30	1000	0.2	0	0
2.423	33.2374	1.4	1000	0.2	30	1000	0.2	0	0
2.424	33.1737	1.4	1000	0.2	30	1000	0.2	0	0
2.425	33.1115	1.4	1000	0.2	30	1000	0.2	0	0
2.426	33.0495	1.4	1000	0.2	30	1000	0.2	0	0
2.427	32.9748	1.4	1000	0.2	30	1000	0.2	0	0
2.428	32.8895	1.4	1000	0.2	30	1000	0.2	0	0
2.429	32.7804	1.4	1000	0.2	30	1000	0.2	0	0
2.43	32.6545	1.4	1000	0.2	30	1000	0.2	0	0
2.431	32.5217	1.4	1000	0.2	30	1000	0.2	0	0
2.432	32.3836	1.4	1000	0.2	30	1000	0.2	0	0
2.433	32.2616	1.4	1000	0.2	30	1000	0.2	0	0
2.434	32.1605	1.4	1000	0.2	30	1000	0.2	0	0
2.435	32.0854	1.4	1000	0.2	30	1000	0.2	0	0
2.436	32.0359	1.4	1000	0.2	30	1000	0.2	0	0
2.437	31.9951	1.4	1000	0.2	30	1000	0.2	0	0
2.438	31.9643	1.4	1000	0.2	30	1000	0.2	0	0
2.439	31.9289	1.4	1000	0.2	30	1000	0.2	0	0
2.44	31.8483	1.4	1000	0.2	30	1000	0.2	0	0
2.441	31.7324	1.4	1000	0.2	30	1000	0.2	0	0
2.442	31.5939	1.4	1000	0.2	30	1000	0.2	0	0
2.443	31.4061	1.4	1000	0.2	30	1000	0.2	0	0
2.444	31.2309	1.4	1000	0.2	30	1000	0.2	0	0
2.445	31.096	1.4	1000	0.2	30	1000	0.2	0	0
2.446	30.9097	1.4	1000	0.2	30	1000	0.2	0	0
2.447	30.7669	1.4	1000	0.2	30	1000	0.2	0	0
2.448	30.6571	1.4	1000	0.2	30	1000	0.2	0	0
2.449	30.5623	1.4	1000	0.2	30	1000	0.2	0	0
2.45	30.5173	1.4	1000	0.2	30	1000	0.2	0	0
