*Name: Needle Litter
Type: Needle litter
Particle Size: Solid
Wavelength Range: All

Origin: Remote Sensing Laboratories, University of Zurich

Description: needle litter spectrum

Measurement: Hemispherical Conical Reflectance Factor HCRF

First Column:  X Wavelength (micrometers)
Second Column:  Y Reflectance (percent)
First X Value: 0.354
Last X Value: 2.45
Number of X Values: 2097
Additional Information:  None*

*Number of Lambda pertinent values : *  2097
*Lambda_min - Lambda_max : *  0.354 2.45
*Hapke parameters : Bo - h - b1 - c1 - b2 - c2 *  1 1 1 1 1 1
*Lambda - Ro - Refraction index - A - Alpha - w_Hapke - A_Hapke_spec - Alpha_Hapke_spec - T_Direct - T_Diffus*
0.354	2.3968	1.4	1000	0.2	30	1000	0.2	0	0
0.355	2.4012	1.4	1000	0.2	30	1000	0.2	0	0
0.356	2.4095	1.4	1000	0.2	30	1000	0.2	0	0
0.357	2.4169	1.4	1000	0.2	30	1000	0.2	0	0
0.358	2.425	1.4	1000	0.2	30	1000	0.2	0	0
0.359	2.437	1.4	1000	0.2	30	1000	0.2	0	0
0.36	2.4478	1.4	1000	0.2	30	1000	0.2	0	0
0.361	2.459	1.4	1000	0.2	30	1000	0.2	0	0
0.362	2.4707	1.4	1000	0.2	30	1000	0.2	0	0
0.363	2.4805	1.4	1000	0.2	30	1000	0.2	0	0
0.364	2.4912	1.4	1000	0.2	30	1000	0.2	0	0
0.365	2.5029	1.4	1000	0.2	30	1000	0.2	0	0
0.366	2.5141	1.4	1000	0.2	30	1000	0.2	0	0
0.367	2.5235	1.4	1000	0.2	30	1000	0.2	0	0
0.368	2.5327	1.4	1000	0.2	30	1000	0.2	0	0
0.369	2.5431	1.4	1000	0.2	30	1000	0.2	0	0
0.37	2.5546	1.4	1000	0.2	30	1000	0.2	0	0
0.371	2.5656	1.4	1000	0.2	30	1000	0.2	0	0
0.372	2.5769	1.4	1000	0.2	30	1000	0.2	0	0
0.373	2.5891	1.4	1000	0.2	30	1000	0.2	0	0
0.374	2.6023	1.4	1000	0.2	30	1000	0.2	0	0
0.375	2.6176	1.4	1000	0.2	30	1000	0.2	0	0
0.376	2.6329	1.4	1000	0.2	30	1000	0.2	0	0
0.377	2.6469	1.4	1000	0.2	30	1000	0.2	0	0
0.378	2.6615	1.4	1000	0.2	30	1000	0.2	0	0
0.379	2.6777	1.4	1000	0.2	30	1000	0.2	0	0
0.38	2.6935	1.4	1000	0.2	30	1000	0.2	0	0
0.381	2.7081	1.4	1000	0.2	30	1000	0.2	0	0
0.382	2.7245	1.4	1000	0.2	30	1000	0.2	0	0
0.383	2.7419	1.4	1000	0.2	30	1000	0.2	0	0
0.384	2.7604	1.4	1000	0.2	30	1000	0.2	0	0
0.385	2.7804	1.4	1000	0.2	30	1000	0.2	0	0
0.386	2.798	1.4	1000	0.2	30	1000	0.2	0	0
0.387	2.8164	1.4	1000	0.2	30	1000	0.2	0	0
0.388	2.8382	1.4	1000	0.2	30	1000	0.2	0	0
0.389	2.8584	1.4	1000	0.2	30	1000	0.2	0	0
0.39	2.8788	1.4	1000	0.2	30	1000	0.2	0	0
0.391	2.8988	1.4	1000	0.2	30	1000	0.2	0	0
0.392	2.9169	1.4	1000	0.2	30	1000	0.2	0	0
0.393	2.9368	1.4	1000	0.2	30	1000	0.2	0	0
0.394	2.9565	1.4	1000	0.2	30	1000	0.2	0	0
0.395	2.9744	1.4	1000	0.2	30	1000	0.2	0	0
0.396	2.9933	1.4	1000	0.2	30	1000	0.2	0	0
0.397	3.0117	1.4	1000	0.2	30	1000	0.2	0	0
0.398	3.0297	1.4	1000	0.2	30	1000	0.2	0	0
0.399	3.0478	1.4	1000	0.2	30	1000	0.2	0	0
0.4	3.0648	1.4	1000	0.2	30	1000	0.2	0	0
0.401	3.0815	1.4	1000	0.2	30	1000	0.2	0	0
0.402	3.098	1.4	1000	0.2	30	1000	0.2	0	0
0.403	3.114	1.4	1000	0.2	30	1000	0.2	0	0
0.404	3.1299	1.4	1000	0.2	30	1000	0.2	0	0
0.405	3.147	1.4	1000	0.2	30	1000	0.2	0	0
0.406	3.166	1.4	1000	0.2	30	1000	0.2	0	0
0.407	3.1854	1.4	1000	0.2	30	1000	0.2	0	0
0.408	3.2063	1.4	1000	0.2	30	1000	0.2	0	0
0.409	3.2283	1.4	1000	0.2	30	1000	0.2	0	0
0.41	3.2492	1.4	1000	0.2	30	1000	0.2	0	0
0.411	3.2709	1.4	1000	0.2	30	1000	0.2	0	0
0.412	3.2928	1.4	1000	0.2	30	1000	0.2	0	0
0.413	3.3141	1.4	1000	0.2	30	1000	0.2	0	0
0.414	3.336	1.4	1000	0.2	30	1000	0.2	0	0
0.415	3.3573	1.4	1000	0.2	30	1000	0.2	0	0
0.416	3.3781	1.4	1000	0.2	30	1000	0.2	0	0
0.417	3.3997	1.4	1000	0.2	30	1000	0.2	0	0
0.418	3.4214	1.4	1000	0.2	30	1000	0.2	0	0
0.419	3.443	1.4	1000	0.2	30	1000	0.2	0	0
0.42	3.465	1.4	1000	0.2	30	1000	0.2	0	0
0.421	3.4868	1.4	1000	0.2	30	1000	0.2	0	0
0.422	3.5086	1.4	1000	0.2	30	1000	0.2	0	0
0.423	3.5307	1.4	1000	0.2	30	1000	0.2	0	0
0.424	3.5531	1.4	1000	0.2	30	1000	0.2	0	0
0.425	3.5755	1.4	1000	0.2	30	1000	0.2	0	0
0.426	3.5981	1.4	1000	0.2	30	1000	0.2	0	0
0.427	3.6211	1.4	1000	0.2	30	1000	0.2	0	0
0.428	3.6441	1.4	1000	0.2	30	1000	0.2	0	0
0.429	3.6674	1.4	1000	0.2	30	1000	0.2	0	0
0.43	3.6907	1.4	1000	0.2	30	1000	0.2	0	0
0.431	3.7136	1.4	1000	0.2	30	1000	0.2	0	0
0.432	3.7362	1.4	1000	0.2	30	1000	0.2	0	0
0.433	3.7583	1.4	1000	0.2	30	1000	0.2	0	0
0.434	3.7796	1.4	1000	0.2	30	1000	0.2	0	0
0.435	3.8002	1.4	1000	0.2	30	1000	0.2	0	0
0.436	3.8201	1.4	1000	0.2	30	1000	0.2	0	0
0.437	3.8399	1.4	1000	0.2	30	1000	0.2	0	0
0.438	3.8595	1.4	1000	0.2	30	1000	0.2	0	0
0.439	3.8789	1.4	1000	0.2	30	1000	0.2	0	0
0.44	3.8983	1.4	1000	0.2	30	1000	0.2	0	0
0.441	3.9183	1.4	1000	0.2	30	1000	0.2	0	0
0.442	3.9385	1.4	1000	0.2	30	1000	0.2	0	0
0.443	3.9586	1.4	1000	0.2	30	1000	0.2	0	0
0.444	3.9787	1.4	1000	0.2	30	1000	0.2	0	0
0.445	3.9991	1.4	1000	0.2	30	1000	0.2	0	0
0.446	4.0194	1.4	1000	0.2	30	1000	0.2	0	0
0.447	4.0394	1.4	1000	0.2	30	1000	0.2	0	0
0.448	4.059	1.4	1000	0.2	30	1000	0.2	0	0
0.449	4.0787	1.4	1000	0.2	30	1000	0.2	0	0
0.45	4.0983	1.4	1000	0.2	30	1000	0.2	0	0
0.451	4.1181	1.4	1000	0.2	30	1000	0.2	0	0
0.452	4.1381	1.4	1000	0.2	30	1000	0.2	0	0
0.453	4.1583	1.4	1000	0.2	30	1000	0.2	0	0
0.454	4.1789	1.4	1000	0.2	30	1000	0.2	0	0
0.455	4.2001	1.4	1000	0.2	30	1000	0.2	0	0
0.456	4.2215	1.4	1000	0.2	30	1000	0.2	0	0
0.457	4.2428	1.4	1000	0.2	30	1000	0.2	0	0
0.458	4.2642	1.4	1000	0.2	30	1000	0.2	0	0
0.459	4.2852	1.4	1000	0.2	30	1000	0.2	0	0
0.46	4.3061	1.4	1000	0.2	30	1000	0.2	0	0
0.461	4.3272	1.4	1000	0.2	30	1000	0.2	0	0
0.462	4.3481	1.4	1000	0.2	30	1000	0.2	0	0
0.463	4.369	1.4	1000	0.2	30	1000	0.2	0	0
0.464	4.3901	1.4	1000	0.2	30	1000	0.2	0	0
0.465	4.4115	1.4	1000	0.2	30	1000	0.2	0	0
0.466	4.4332	1.4	1000	0.2	30	1000	0.2	0	0
0.467	4.4552	1.4	1000	0.2	30	1000	0.2	0	0
0.468	4.4772	1.4	1000	0.2	30	1000	0.2	0	0
0.469	4.499	1.4	1000	0.2	30	1000	0.2	0	0
0.47	4.5208	1.4	1000	0.2	30	1000	0.2	0	0
0.471	4.5427	1.4	1000	0.2	30	1000	0.2	0	0
0.472	4.5645	1.4	1000	0.2	30	1000	0.2	0	0
0.473	4.5867	1.4	1000	0.2	30	1000	0.2	0	0
0.474	4.609	1.4	1000	0.2	30	1000	0.2	0	0
0.475	4.6313	1.4	1000	0.2	30	1000	0.2	0	0
0.476	4.6538	1.4	1000	0.2	30	1000	0.2	0	0
0.477	4.6765	1.4	1000	0.2	30	1000	0.2	0	0
0.478	4.6992	1.4	1000	0.2	30	1000	0.2	0	0
0.479	4.7225	1.4	1000	0.2	30	1000	0.2	0	0
0.48	4.7457	1.4	1000	0.2	30	1000	0.2	0	0
0.481	4.769	1.4	1000	0.2	30	1000	0.2	0	0
0.482	4.793	1.4	1000	0.2	30	1000	0.2	0	0
0.483	4.8175	1.4	1000	0.2	30	1000	0.2	0	0
0.484	4.8426	1.4	1000	0.2	30	1000	0.2	0	0
0.485	4.8688	1.4	1000	0.2	30	1000	0.2	0	0
0.486	4.8952	1.4	1000	0.2	30	1000	0.2	0	0
0.487	4.9215	1.4	1000	0.2	30	1000	0.2	0	0
0.488	4.9471	1.4	1000	0.2	30	1000	0.2	0	0
0.489	4.9723	1.4	1000	0.2	30	1000	0.2	0	0
0.49	4.9978	1.4	1000	0.2	30	1000	0.2	0	0
0.491	5.0233	1.4	1000	0.2	30	1000	0.2	0	0
0.492	5.0481	1.4	1000	0.2	30	1000	0.2	0	0
0.493	5.0731	1.4	1000	0.2	30	1000	0.2	0	0
0.494	5.0987	1.4	1000	0.2	30	1000	0.2	0	0
0.495	5.1252	1.4	1000	0.2	30	1000	0.2	0	0
0.496	5.1525	1.4	1000	0.2	30	1000	0.2	0	0
0.497	5.18	1.4	1000	0.2	30	1000	0.2	0	0
0.498	5.2077	1.4	1000	0.2	30	1000	0.2	0	0
0.499	5.2363	1.4	1000	0.2	30	1000	0.2	0	0
0.5	5.2651	1.4	1000	0.2	30	1000	0.2	0	0
0.501	5.2942	1.4	1000	0.2	30	1000	0.2	0	0
0.502	5.3236	1.4	1000	0.2	30	1000	0.2	0	0
0.503	5.3526	1.4	1000	0.2	30	1000	0.2	0	0
0.504	5.3816	1.4	1000	0.2	30	1000	0.2	0	0
0.505	5.411	1.4	1000	0.2	30	1000	0.2	0	0
0.506	5.4403	1.4	1000	0.2	30	1000	0.2	0	0
0.507	5.4696	1.4	1000	0.2	30	1000	0.2	0	0
0.508	5.4993	1.4	1000	0.2	30	1000	0.2	0	0
0.509	5.5293	1.4	1000	0.2	30	1000	0.2	0	0
0.51	5.5599	1.4	1000	0.2	30	1000	0.2	0	0
0.511	5.5909	1.4	1000	0.2	30	1000	0.2	0	0
0.512	5.622	1.4	1000	0.2	30	1000	0.2	0	0
0.513	5.6539	1.4	1000	0.2	30	1000	0.2	0	0
0.514	5.6865	1.4	1000	0.2	30	1000	0.2	0	0
0.515	5.7195	1.4	1000	0.2	30	1000	0.2	0	0
0.516	5.7525	1.4	1000	0.2	30	1000	0.2	0	0
0.517	5.7857	1.4	1000	0.2	30	1000	0.2	0	0
0.518	5.819	1.4	1000	0.2	30	1000	0.2	0	0
0.519	5.8514	1.4	1000	0.2	30	1000	0.2	0	0
0.52	5.8833	1.4	1000	0.2	30	1000	0.2	0	0
0.521	5.9149	1.4	1000	0.2	30	1000	0.2	0	0
0.522	5.9462	1.4	1000	0.2	30	1000	0.2	0	0
0.523	5.9777	1.4	1000	0.2	30	1000	0.2	0	0
0.524	6.0091	1.4	1000	0.2	30	1000	0.2	0	0
0.525	6.0404	1.4	1000	0.2	30	1000	0.2	0	0
0.526	6.0725	1.4	1000	0.2	30	1000	0.2	0	0
0.527	6.1048	1.4	1000	0.2	30	1000	0.2	0	0
0.528	6.1368	1.4	1000	0.2	30	1000	0.2	0	0
0.529	6.1687	1.4	1000	0.2	30	1000	0.2	0	0
0.53	6.2007	1.4	1000	0.2	30	1000	0.2	0	0
0.531	6.2331	1.4	1000	0.2	30	1000	0.2	0	0
0.532	6.2661	1.4	1000	0.2	30	1000	0.2	0	0
0.533	6.2989	1.4	1000	0.2	30	1000	0.2	0	0
0.534	6.3319	1.4	1000	0.2	30	1000	0.2	0	0
0.535	6.3655	1.4	1000	0.2	30	1000	0.2	0	0
0.536	6.3996	1.4	1000	0.2	30	1000	0.2	0	0
0.537	6.4342	1.4	1000	0.2	30	1000	0.2	0	0
0.538	6.4689	1.4	1000	0.2	30	1000	0.2	0	0
0.539	6.5038	1.4	1000	0.2	30	1000	0.2	0	0
0.54	6.5391	1.4	1000	0.2	30	1000	0.2	0	0
0.541	6.5745	1.4	1000	0.2	30	1000	0.2	0	0
0.542	6.6098	1.4	1000	0.2	30	1000	0.2	0	0
0.543	6.6453	1.4	1000	0.2	30	1000	0.2	0	0
0.544	6.6807	1.4	1000	0.2	30	1000	0.2	0	0
0.545	6.7162	1.4	1000	0.2	30	1000	0.2	0	0
0.546	6.7516	1.4	1000	0.2	30	1000	0.2	0	0
0.547	6.7872	1.4	1000	0.2	30	1000	0.2	0	0
0.548	6.8233	1.4	1000	0.2	30	1000	0.2	0	0
0.549	6.8596	1.4	1000	0.2	30	1000	0.2	0	0
0.55	6.8961	1.4	1000	0.2	30	1000	0.2	0	0
0.551	6.9325	1.4	1000	0.2	30	1000	0.2	0	0
0.552	6.9689	1.4	1000	0.2	30	1000	0.2	0	0
0.553	7.0057	1.4	1000	0.2	30	1000	0.2	0	0
0.554	7.0428	1.4	1000	0.2	30	1000	0.2	0	0
0.555	7.0799	1.4	1000	0.2	30	1000	0.2	0	0
0.556	7.117	1.4	1000	0.2	30	1000	0.2	0	0
0.557	7.1545	1.4	1000	0.2	30	1000	0.2	0	0
0.558	7.1922	1.4	1000	0.2	30	1000	0.2	0	0
0.559	7.2299	1.4	1000	0.2	30	1000	0.2	0	0
0.56	7.2673	1.4	1000	0.2	30	1000	0.2	0	0
0.561	7.3041	1.4	1000	0.2	30	1000	0.2	0	0
0.562	7.3408	1.4	1000	0.2	30	1000	0.2	0	0
0.563	7.3775	1.4	1000	0.2	30	1000	0.2	0	0
0.564	7.4141	1.4	1000	0.2	30	1000	0.2	0	0
0.565	7.4504	1.4	1000	0.2	30	1000	0.2	0	0
0.566	7.4869	1.4	1000	0.2	30	1000	0.2	0	0
0.567	7.5237	1.4	1000	0.2	30	1000	0.2	0	0
0.568	7.5605	1.4	1000	0.2	30	1000	0.2	0	0
0.569	7.5971	1.4	1000	0.2	30	1000	0.2	0	0
0.57	7.6336	1.4	1000	0.2	30	1000	0.2	0	0
0.571	7.67	1.4	1000	0.2	30	1000	0.2	0	0
0.572	7.7065	1.4	1000	0.2	30	1000	0.2	0	0
0.573	7.7428	1.4	1000	0.2	30	1000	0.2	0	0
0.574	7.7791	1.4	1000	0.2	30	1000	0.2	0	0
0.575	7.8158	1.4	1000	0.2	30	1000	0.2	0	0
0.576	7.8527	1.4	1000	0.2	30	1000	0.2	0	0
0.577	7.8898	1.4	1000	0.2	30	1000	0.2	0	0
0.578	7.927	1.4	1000	0.2	30	1000	0.2	0	0
0.579	7.9644	1.4	1000	0.2	30	1000	0.2	0	0
0.58	8.0019	1.4	1000	0.2	30	1000	0.2	0	0
0.581	8.0397	1.4	1000	0.2	30	1000	0.2	0	0
0.582	8.0782	1.4	1000	0.2	30	1000	0.2	0	0
0.583	8.1174	1.4	1000	0.2	30	1000	0.2	0	0
0.584	8.1576	1.4	1000	0.2	30	1000	0.2	0	0
0.585	8.1989	1.4	1000	0.2	30	1000	0.2	0	0
0.586	8.2414	1.4	1000	0.2	30	1000	0.2	0	0
0.587	8.2849	1.4	1000	0.2	30	1000	0.2	0	0
0.588	8.3291	1.4	1000	0.2	30	1000	0.2	0	0
0.589	8.3737	1.4	1000	0.2	30	1000	0.2	0	0
0.59	8.418	1.4	1000	0.2	30	1000	0.2	0	0
0.591	8.4615	1.4	1000	0.2	30	1000	0.2	0	0
0.592	8.5045	1.4	1000	0.2	30	1000	0.2	0	0
0.593	8.5476	1.4	1000	0.2	30	1000	0.2	0	0
0.594	8.5907	1.4	1000	0.2	30	1000	0.2	0	0
0.595	8.6338	1.4	1000	0.2	30	1000	0.2	0	0
0.596	8.677	1.4	1000	0.2	30	1000	0.2	0	0
0.597	8.7206	1.4	1000	0.2	30	1000	0.2	0	0
0.598	8.7655	1.4	1000	0.2	30	1000	0.2	0	0
0.599	8.811	1.4	1000	0.2	30	1000	0.2	0	0
0.6	8.8565	1.4	1000	0.2	30	1000	0.2	0	0
0.601	8.9027	1.4	1000	0.2	30	1000	0.2	0	0
0.602	8.9497	1.4	1000	0.2	30	1000	0.2	0	0
0.603	8.9976	1.4	1000	0.2	30	1000	0.2	0	0
0.604	9.0471	1.4	1000	0.2	30	1000	0.2	0	0
0.605	9.098	1.4	1000	0.2	30	1000	0.2	0	0
0.606	9.1505	1.4	1000	0.2	30	1000	0.2	0	0
0.607	9.2049	1.4	1000	0.2	30	1000	0.2	0	0
0.608	9.2604	1.4	1000	0.2	30	1000	0.2	0	0
0.609	9.3169	1.4	1000	0.2	30	1000	0.2	0	0
0.61	9.374	1.4	1000	0.2	30	1000	0.2	0	0
0.611	9.4307	1.4	1000	0.2	30	1000	0.2	0	0
0.612	9.4867	1.4	1000	0.2	30	1000	0.2	0	0
0.613	9.5419	1.4	1000	0.2	30	1000	0.2	0	0
0.614	9.5959	1.4	1000	0.2	30	1000	0.2	0	0
0.615	9.6486	1.4	1000	0.2	30	1000	0.2	0	0
0.616	9.7001	1.4	1000	0.2	30	1000	0.2	0	0
0.617	9.7508	1.4	1000	0.2	30	1000	0.2	0	0
0.618	9.8013	1.4	1000	0.2	30	1000	0.2	0	0
0.619	9.852	1.4	1000	0.2	30	1000	0.2	0	0
0.62	9.9031	1.4	1000	0.2	30	1000	0.2	0	0
0.621	9.9547	1.4	1000	0.2	30	1000	0.2	0	0
0.622	10.007	1.4	1000	0.2	30	1000	0.2	0	0
0.623	10.0602	1.4	1000	0.2	30	1000	0.2	0	0
0.624	10.1142	1.4	1000	0.2	30	1000	0.2	0	0
0.625	10.1689	1.4	1000	0.2	30	1000	0.2	0	0
0.626	10.2238	1.4	1000	0.2	30	1000	0.2	0	0
0.627	10.279	1.4	1000	0.2	30	1000	0.2	0	0
0.628	10.3343	1.4	1000	0.2	30	1000	0.2	0	0
0.629	10.3894	1.4	1000	0.2	30	1000	0.2	0	0
0.63	10.4443	1.4	1000	0.2	30	1000	0.2	0	0
0.631	10.4987	1.4	1000	0.2	30	1000	0.2	0	0
0.632	10.5526	1.4	1000	0.2	30	1000	0.2	0	0
0.633	10.6063	1.4	1000	0.2	30	1000	0.2	0	0
0.634	10.6596	1.4	1000	0.2	30	1000	0.2	0	0
0.635	10.7127	1.4	1000	0.2	30	1000	0.2	0	0
0.636	10.766	1.4	1000	0.2	30	1000	0.2	0	0
0.637	10.8199	1.4	1000	0.2	30	1000	0.2	0	0
0.638	10.8747	1.4	1000	0.2	30	1000	0.2	0	0
0.639	10.9304	1.4	1000	0.2	30	1000	0.2	0	0
0.64	10.9866	1.4	1000	0.2	30	1000	0.2	0	0
0.641	11.0436	1.4	1000	0.2	30	1000	0.2	0	0
0.642	11.1017	1.4	1000	0.2	30	1000	0.2	0	0
0.643	11.1601	1.4	1000	0.2	30	1000	0.2	0	0
0.644	11.2187	1.4	1000	0.2	30	1000	0.2	0	0
0.645	11.2776	1.4	1000	0.2	30	1000	0.2	0	0
0.646	11.3365	1.4	1000	0.2	30	1000	0.2	0	0
0.647	11.3953	1.4	1000	0.2	30	1000	0.2	0	0
0.648	11.4535	1.4	1000	0.2	30	1000	0.2	0	0
0.649	11.5108	1.4	1000	0.2	30	1000	0.2	0	0
0.65	11.568	1.4	1000	0.2	30	1000	0.2	0	0
0.651	11.625	1.4	1000	0.2	30	1000	0.2	0	0
0.652	11.682	1.4	1000	0.2	30	1000	0.2	0	0
0.653	11.7393	1.4	1000	0.2	30	1000	0.2	0	0
0.654	11.7964	1.4	1000	0.2	30	1000	0.2	0	0
0.655	11.8526	1.4	1000	0.2	30	1000	0.2	0	0
0.656	11.9072	1.4	1000	0.2	30	1000	0.2	0	0
0.657	11.9604	1.4	1000	0.2	30	1000	0.2	0	0
0.658	12.0126	1.4	1000	0.2	30	1000	0.2	0	0
0.659	12.0636	1.4	1000	0.2	30	1000	0.2	0	0
0.66	12.1132	1.4	1000	0.2	30	1000	0.2	0	0
0.661	12.1623	1.4	1000	0.2	30	1000	0.2	0	0
0.662	12.2127	1.4	1000	0.2	30	1000	0.2	0	0
0.663	12.2647	1.4	1000	0.2	30	1000	0.2	0	0
0.664	12.3181	1.4	1000	0.2	30	1000	0.2	0	0
0.665	12.3724	1.4	1000	0.2	30	1000	0.2	0	0
0.666	12.4277	1.4	1000	0.2	30	1000	0.2	0	0
0.667	12.4845	1.4	1000	0.2	30	1000	0.2	0	0
0.668	12.5425	1.4	1000	0.2	30	1000	0.2	0	0
0.669	12.6011	1.4	1000	0.2	30	1000	0.2	0	0
0.67	12.6609	1.4	1000	0.2	30	1000	0.2	0	0
0.671	12.7221	1.4	1000	0.2	30	1000	0.2	0	0
0.672	12.7844	1.4	1000	0.2	30	1000	0.2	0	0
0.673	12.8477	1.4	1000	0.2	30	1000	0.2	0	0
0.674	12.9122	1.4	1000	0.2	30	1000	0.2	0	0
0.675	12.9776	1.4	1000	0.2	30	1000	0.2	0	0
0.676	13.0442	1.4	1000	0.2	30	1000	0.2	0	0
0.677	13.1118	1.4	1000	0.2	30	1000	0.2	0	0
0.678	13.1803	1.4	1000	0.2	30	1000	0.2	0	0
0.679	13.25	1.4	1000	0.2	30	1000	0.2	0	0
0.68	13.3207	1.4	1000	0.2	30	1000	0.2	0	0
0.681	13.3924	1.4	1000	0.2	30	1000	0.2	0	0
0.682	13.4666	1.4	1000	0.2	30	1000	0.2	0	0
0.683	13.5436	1.4	1000	0.2	30	1000	0.2	0	0
0.684	13.6238	1.4	1000	0.2	30	1000	0.2	0	0
0.685	13.7073	1.4	1000	0.2	30	1000	0.2	0	0
0.686	13.792	1.4	1000	0.2	30	1000	0.2	0	0
0.687	13.8764	1.4	1000	0.2	30	1000	0.2	0	0
0.688	13.9604	1.4	1000	0.2	30	1000	0.2	0	0
0.689	14.0431	1.4	1000	0.2	30	1000	0.2	0	0
0.69	14.125	1.4	1000	0.2	30	1000	0.2	0	0
0.691	14.2056	1.4	1000	0.2	30	1000	0.2	0	0
0.692	14.2842	1.4	1000	0.2	30	1000	0.2	0	0
0.693	14.3622	1.4	1000	0.2	30	1000	0.2	0	0
0.694	14.441	1.4	1000	0.2	30	1000	0.2	0	0
0.695	14.5214	1.4	1000	0.2	30	1000	0.2	0	0
0.696	14.6029	1.4	1000	0.2	30	1000	0.2	0	0
0.697	14.6852	1.4	1000	0.2	30	1000	0.2	0	0
0.698	14.7677	1.4	1000	0.2	30	1000	0.2	0	0
0.699	14.8507	1.4	1000	0.2	30	1000	0.2	0	0
0.7	14.9341	1.4	1000	0.2	30	1000	0.2	0	0
0.701	15.0181	1.4	1000	0.2	30	1000	0.2	0	0
0.702	15.1018	1.4	1000	0.2	30	1000	0.2	0	0
0.703	15.185	1.4	1000	0.2	30	1000	0.2	0	0
0.704	15.2678	1.4	1000	0.2	30	1000	0.2	0	0
0.705	15.3499	1.4	1000	0.2	30	1000	0.2	0	0
0.706	15.4319	1.4	1000	0.2	30	1000	0.2	0	0
0.707	15.5144	1.4	1000	0.2	30	1000	0.2	0	0
0.708	15.5973	1.4	1000	0.2	30	1000	0.2	0	0
0.709	15.6806	1.4	1000	0.2	30	1000	0.2	0	0
0.71	15.7644	1.4	1000	0.2	30	1000	0.2	0	0
0.711	15.8482	1.4	1000	0.2	30	1000	0.2	0	0
0.712	15.9332	1.4	1000	0.2	30	1000	0.2	0	0
0.713	16.0204	1.4	1000	0.2	30	1000	0.2	0	0
0.714	16.1108	1.4	1000	0.2	30	1000	0.2	0	0
0.715	16.2053	1.4	1000	0.2	30	1000	0.2	0	0
0.716	16.302	1.4	1000	0.2	30	1000	0.2	0	0
0.717	16.3969	1.4	1000	0.2	30	1000	0.2	0	0
0.718	16.4881	1.4	1000	0.2	30	1000	0.2	0	0
0.719	16.575	1.4	1000	0.2	30	1000	0.2	0	0
0.72	16.659	1.4	1000	0.2	30	1000	0.2	0	0
0.721	16.7407	1.4	1000	0.2	30	1000	0.2	0	0
0.722	16.8195	1.4	1000	0.2	30	1000	0.2	0	0
0.723	16.8954	1.4	1000	0.2	30	1000	0.2	0	0
0.724	16.9716	1.4	1000	0.2	30	1000	0.2	0	0
0.725	17.0504	1.4	1000	0.2	30	1000	0.2	0	0
0.726	17.1317	1.4	1000	0.2	30	1000	0.2	0	0
0.727	17.2126	1.4	1000	0.2	30	1000	0.2	0	0
0.728	17.2903	1.4	1000	0.2	30	1000	0.2	0	0
0.729	17.3643	1.4	1000	0.2	30	1000	0.2	0	0
0.73	17.4357	1.4	1000	0.2	30	1000	0.2	0	0
0.731	17.5058	1.4	1000	0.2	30	1000	0.2	0	0
0.732	17.5753	1.4	1000	0.2	30	1000	0.2	0	0
0.733	17.645	1.4	1000	0.2	30	1000	0.2	0	0
0.734	17.715	1.4	1000	0.2	30	1000	0.2	0	0
0.735	17.786	1.4	1000	0.2	30	1000	0.2	0	0
0.736	17.8588	1.4	1000	0.2	30	1000	0.2	0	0
0.737	17.9335	1.4	1000	0.2	30	1000	0.2	0	0
0.738	18.0092	1.4	1000	0.2	30	1000	0.2	0	0
0.739	18.085	1.4	1000	0.2	30	1000	0.2	0	0
0.74	18.1603	1.4	1000	0.2	30	1000	0.2	0	0
0.741	18.2352	1.4	1000	0.2	30	1000	0.2	0	0
0.742	18.31	1.4	1000	0.2	30	1000	0.2	0	0
0.743	18.3848	1.4	1000	0.2	30	1000	0.2	0	0
0.744	18.4595	1.4	1000	0.2	30	1000	0.2	0	0
0.745	18.5344	1.4	1000	0.2	30	1000	0.2	0	0
0.746	18.6099	1.4	1000	0.2	30	1000	0.2	0	0
0.747	18.6857	1.4	1000	0.2	30	1000	0.2	0	0
0.748	18.7617	1.4	1000	0.2	30	1000	0.2	0	0
0.749	18.8379	1.4	1000	0.2	30	1000	0.2	0	0
0.75	18.9139	1.4	1000	0.2	30	1000	0.2	0	0
0.751	18.9899	1.4	1000	0.2	30	1000	0.2	0	0
0.752	19.0657	1.4	1000	0.2	30	1000	0.2	0	0
0.753	19.1413	1.4	1000	0.2	30	1000	0.2	0	0
0.754	19.2174	1.4	1000	0.2	30	1000	0.2	0	0
0.755	19.2953	1.4	1000	0.2	30	1000	0.2	0	0
0.756	19.3799	1.4	1000	0.2	30	1000	0.2	0	0
0.757	19.4868	1.4	1000	0.2	30	1000	0.2	0	0
0.758	19.6162	1.4	1000	0.2	30	1000	0.2	0	0
0.759	19.7386	1.4	1000	0.2	30	1000	0.2	0	0
0.76	19.8541	1.4	1000	0.2	30	1000	0.2	0	0
0.761	19.9607	1.4	1000	0.2	30	1000	0.2	0	0
0.762	20.0568	1.4	1000	0.2	30	1000	0.2	0	0
0.763	20.137	1.4	1000	0.2	30	1000	0.2	0	0
0.764	20.1883	1.4	1000	0.2	30	1000	0.2	0	0
0.765	20.2129	1.4	1000	0.2	30	1000	0.2	0	0
0.766	20.2424	1.4	1000	0.2	30	1000	0.2	0	0
0.767	20.2775	1.4	1000	0.2	30	1000	0.2	0	0
0.768	20.3199	1.4	1000	0.2	30	1000	0.2	0	0
0.769	20.3702	1.4	1000	0.2	30	1000	0.2	0	0
0.77	20.4288	1.4	1000	0.2	30	1000	0.2	0	0
0.771	20.4935	1.4	1000	0.2	30	1000	0.2	0	0
0.772	20.5624	1.4	1000	0.2	30	1000	0.2	0	0
0.773	20.6335	1.4	1000	0.2	30	1000	0.2	0	0
0.774	20.7054	1.4	1000	0.2	30	1000	0.2	0	0
0.775	20.7779	1.4	1000	0.2	30	1000	0.2	0	0
0.776	20.8506	1.4	1000	0.2	30	1000	0.2	0	0
0.777	20.9234	1.4	1000	0.2	30	1000	0.2	0	0
0.778	20.9964	1.4	1000	0.2	30	1000	0.2	0	0
0.779	21.069	1.4	1000	0.2	30	1000	0.2	0	0
0.78	21.1415	1.4	1000	0.2	30	1000	0.2	0	0
0.781	21.2138	1.4	1000	0.2	30	1000	0.2	0	0
0.782	21.2862	1.4	1000	0.2	30	1000	0.2	0	0
0.783	21.3594	1.4	1000	0.2	30	1000	0.2	0	0
0.784	21.4329	1.4	1000	0.2	30	1000	0.2	0	0
0.785	21.5068	1.4	1000	0.2	30	1000	0.2	0	0
0.786	21.5814	1.4	1000	0.2	30	1000	0.2	0	0
0.787	21.6562	1.4	1000	0.2	30	1000	0.2	0	0
0.788	21.7311	1.4	1000	0.2	30	1000	0.2	0	0
0.789	21.8059	1.4	1000	0.2	30	1000	0.2	0	0
0.79	21.8799	1.4	1000	0.2	30	1000	0.2	0	0
0.791	21.9532	1.4	1000	0.2	30	1000	0.2	0	0
0.792	22.0258	1.4	1000	0.2	30	1000	0.2	0	0
0.793	22.0976	1.4	1000	0.2	30	1000	0.2	0	0
0.794	22.1691	1.4	1000	0.2	30	1000	0.2	0	0
0.795	22.2402	1.4	1000	0.2	30	1000	0.2	0	0
0.796	22.3108	1.4	1000	0.2	30	1000	0.2	0	0
0.797	22.3816	1.4	1000	0.2	30	1000	0.2	0	0
0.798	22.4528	1.4	1000	0.2	30	1000	0.2	0	0
0.799	22.524	1.4	1000	0.2	30	1000	0.2	0	0
0.8	22.5954	1.4	1000	0.2	30	1000	0.2	0	0
0.801	22.6668	1.4	1000	0.2	30	1000	0.2	0	0
0.802	22.7382	1.4	1000	0.2	30	1000	0.2	0	0
0.803	22.809	1.4	1000	0.2	30	1000	0.2	0	0
0.804	22.8794	1.4	1000	0.2	30	1000	0.2	0	0
0.805	22.9499	1.4	1000	0.2	30	1000	0.2	0	0
0.806	23.0211	1.4	1000	0.2	30	1000	0.2	0	0
0.807	23.0922	1.4	1000	0.2	30	1000	0.2	0	0
0.808	23.1633	1.4	1000	0.2	30	1000	0.2	0	0
0.809	23.2355	1.4	1000	0.2	30	1000	0.2	0	0
0.81	23.3106	1.4	1000	0.2	30	1000	0.2	0	0
0.811	23.3884	1.4	1000	0.2	30	1000	0.2	0	0
0.812	23.4681	1.4	1000	0.2	30	1000	0.2	0	0
0.813	23.5483	1.4	1000	0.2	30	1000	0.2	0	0
0.814	23.6288	1.4	1000	0.2	30	1000	0.2	0	0
0.815	23.7086	1.4	1000	0.2	30	1000	0.2	0	0
0.816	23.7857	1.4	1000	0.2	30	1000	0.2	0	0
0.817	23.8587	1.4	1000	0.2	30	1000	0.2	0	0
0.818	23.9272	1.4	1000	0.2	30	1000	0.2	0	0
0.819	23.9932	1.4	1000	0.2	30	1000	0.2	0	0
0.82	24.0609	1.4	1000	0.2	30	1000	0.2	0	0
0.821	24.1274	1.4	1000	0.2	30	1000	0.2	0	0
0.822	24.1902	1.4	1000	0.2	30	1000	0.2	0	0
0.823	24.2529	1.4	1000	0.2	30	1000	0.2	0	0
0.824	24.3173	1.4	1000	0.2	30	1000	0.2	0	0
0.825	24.3841	1.4	1000	0.2	30	1000	0.2	0	0
0.826	24.451	1.4	1000	0.2	30	1000	0.2	0	0
0.827	24.5143	1.4	1000	0.2	30	1000	0.2	0	0
0.828	24.5776	1.4	1000	0.2	30	1000	0.2	0	0
0.829	24.6449	1.4	1000	0.2	30	1000	0.2	0	0
0.83	24.7124	1.4	1000	0.2	30	1000	0.2	0	0
0.831	24.779	1.4	1000	0.2	30	1000	0.2	0	0
0.832	24.8439	1.4	1000	0.2	30	1000	0.2	0	0
0.833	24.9073	1.4	1000	0.2	30	1000	0.2	0	0
0.834	24.97	1.4	1000	0.2	30	1000	0.2	0	0
0.835	25.0318	1.4	1000	0.2	30	1000	0.2	0	0
0.836	25.0929	1.4	1000	0.2	30	1000	0.2	0	0
0.837	25.1544	1.4	1000	0.2	30	1000	0.2	0	0
0.838	25.2163	1.4	1000	0.2	30	1000	0.2	0	0
0.839	25.2787	1.4	1000	0.2	30	1000	0.2	0	0
0.84	25.3417	1.4	1000	0.2	30	1000	0.2	0	0
0.841	25.4056	1.4	1000	0.2	30	1000	0.2	0	0
0.842	25.47	1.4	1000	0.2	30	1000	0.2	0	0
0.843	25.5344	1.4	1000	0.2	30	1000	0.2	0	0
0.844	25.5988	1.4	1000	0.2	30	1000	0.2	0	0
0.845	25.6634	1.4	1000	0.2	30	1000	0.2	0	0
0.846	25.7285	1.4	1000	0.2	30	1000	0.2	0	0
0.847	25.7939	1.4	1000	0.2	30	1000	0.2	0	0
0.848	25.8588	1.4	1000	0.2	30	1000	0.2	0	0
0.849	25.9233	1.4	1000	0.2	30	1000	0.2	0	0
0.85	25.9887	1.4	1000	0.2	30	1000	0.2	0	0
0.851	26.055	1.4	1000	0.2	30	1000	0.2	0	0
0.852	26.1212	1.4	1000	0.2	30	1000	0.2	0	0
0.853	26.1853	1.4	1000	0.2	30	1000	0.2	0	0
0.854	26.248	1.4	1000	0.2	30	1000	0.2	0	0
0.855	26.31	1.4	1000	0.2	30	1000	0.2	0	0
0.856	26.372	1.4	1000	0.2	30	1000	0.2	0	0
0.857	26.4338	1.4	1000	0.2	30	1000	0.2	0	0
0.858	26.4946	1.4	1000	0.2	30	1000	0.2	0	0
0.859	26.5549	1.4	1000	0.2	30	1000	0.2	0	0
0.86	26.6159	1.4	1000	0.2	30	1000	0.2	0	0
0.861	26.6776	1.4	1000	0.2	30	1000	0.2	0	0
0.862	26.7401	1.4	1000	0.2	30	1000	0.2	0	0
0.863	26.8031	1.4	1000	0.2	30	1000	0.2	0	0
0.864	26.8653	1.4	1000	0.2	30	1000	0.2	0	0
0.865	26.9265	1.4	1000	0.2	30	1000	0.2	0	0
0.866	26.987	1.4	1000	0.2	30	1000	0.2	0	0
0.867	27.0471	1.4	1000	0.2	30	1000	0.2	0	0
0.868	27.1066	1.4	1000	0.2	30	1000	0.2	0	0
0.869	27.1655	1.4	1000	0.2	30	1000	0.2	0	0
0.87	27.2242	1.4	1000	0.2	30	1000	0.2	0	0
0.871	27.2833	1.4	1000	0.2	30	1000	0.2	0	0
0.872	27.3428	1.4	1000	0.2	30	1000	0.2	0	0
0.873	27.4027	1.4	1000	0.2	30	1000	0.2	0	0
0.874	27.4627	1.4	1000	0.2	30	1000	0.2	0	0
0.875	27.5235	1.4	1000	0.2	30	1000	0.2	0	0
0.876	27.5846	1.4	1000	0.2	30	1000	0.2	0	0
0.877	27.6453	1.4	1000	0.2	30	1000	0.2	0	0
0.878	27.7048	1.4	1000	0.2	30	1000	0.2	0	0
0.879	27.7639	1.4	1000	0.2	30	1000	0.2	0	0
0.88	27.8233	1.4	1000	0.2	30	1000	0.2	0	0
0.881	27.8832	1.4	1000	0.2	30	1000	0.2	0	0
0.882	27.9429	1.4	1000	0.2	30	1000	0.2	0	0
0.883	28.002	1.4	1000	0.2	30	1000	0.2	0	0
0.884	28.0608	1.4	1000	0.2	30	1000	0.2	0	0
0.885	28.1201	1.4	1000	0.2	30	1000	0.2	0	0
0.886	28.1789	1.4	1000	0.2	30	1000	0.2	0	0
0.887	28.2371	1.4	1000	0.2	30	1000	0.2	0	0
0.888	28.2955	1.4	1000	0.2	30	1000	0.2	0	0
0.889	28.3533	1.4	1000	0.2	30	1000	0.2	0	0
0.89	28.4116	1.4	1000	0.2	30	1000	0.2	0	0
0.891	28.4716	1.4	1000	0.2	30	1000	0.2	0	0
0.892	28.5329	1.4	1000	0.2	30	1000	0.2	0	0
0.893	28.5957	1.4	1000	0.2	30	1000	0.2	0	0
0.894	28.6596	1.4	1000	0.2	30	1000	0.2	0	0
0.895	28.7232	1.4	1000	0.2	30	1000	0.2	0	0
0.896	28.7877	1.4	1000	0.2	30	1000	0.2	0	0
0.897	28.852	1.4	1000	0.2	30	1000	0.2	0	0
0.898	28.9139	1.4	1000	0.2	30	1000	0.2	0	0
0.899	28.9731	1.4	1000	0.2	30	1000	0.2	0	0
0.9	29.0294	1.4	1000	0.2	30	1000	0.2	0	0
0.901	29.0836	1.4	1000	0.2	30	1000	0.2	0	0
0.902	29.1377	1.4	1000	0.2	30	1000	0.2	0	0
0.903	29.1907	1.4	1000	0.2	30	1000	0.2	0	0
0.904	29.2439	1.4	1000	0.2	30	1000	0.2	0	0
0.905	29.2992	1.4	1000	0.2	30	1000	0.2	0	0
0.906	29.3563	1.4	1000	0.2	30	1000	0.2	0	0
0.907	29.4149	1.4	1000	0.2	30	1000	0.2	0	0
0.908	29.4738	1.4	1000	0.2	30	1000	0.2	0	0
0.909	29.5316	1.4	1000	0.2	30	1000	0.2	0	0
0.91	29.5906	1.4	1000	0.2	30	1000	0.2	0	0
0.911	29.6486	1.4	1000	0.2	30	1000	0.2	0	0
0.912	29.7032	1.4	1000	0.2	30	1000	0.2	0	0
0.913	29.7564	1.4	1000	0.2	30	1000	0.2	0	0
0.914	29.8095	1.4	1000	0.2	30	1000	0.2	0	0
0.915	29.8626	1.4	1000	0.2	30	1000	0.2	0	0
0.916	29.9147	1.4	1000	0.2	30	1000	0.2	0	0
0.917	29.9641	1.4	1000	0.2	30	1000	0.2	0	0
0.918	30.0134	1.4	1000	0.2	30	1000	0.2	0	0
0.919	30.0645	1.4	1000	0.2	30	1000	0.2	0	0
0.92	30.1155	1.4	1000	0.2	30	1000	0.2	0	0
0.921	30.1656	1.4	1000	0.2	30	1000	0.2	0	0
0.922	30.2157	1.4	1000	0.2	30	1000	0.2	0	0
0.923	30.2673	1.4	1000	0.2	30	1000	0.2	0	0
0.924	30.319	1.4	1000	0.2	30	1000	0.2	0	0
0.925	30.3702	1.4	1000	0.2	30	1000	0.2	0	0
0.926	30.4217	1.4	1000	0.2	30	1000	0.2	0	0
0.927	30.4756	1.4	1000	0.2	30	1000	0.2	0	0
0.928	30.5335	1.4	1000	0.2	30	1000	0.2	0	0
0.929	30.5939	1.4	1000	0.2	30	1000	0.2	0	0
0.93	30.6547	1.4	1000	0.2	30	1000	0.2	0	0
0.931	30.7177	1.4	1000	0.2	30	1000	0.2	0	0
0.932	30.7791	1.4	1000	0.2	30	1000	0.2	0	0
0.933	30.8399	1.4	1000	0.2	30	1000	0.2	0	0
0.934	30.902	1.4	1000	0.2	30	1000	0.2	0	0
0.935	30.9566	1.4	1000	0.2	30	1000	0.2	0	0
0.936	31.0063	1.4	1000	0.2	30	1000	0.2	0	0
0.937	31.0538	1.4	1000	0.2	30	1000	0.2	0	0
0.938	31.0964	1.4	1000	0.2	30	1000	0.2	0	0
0.939	31.1389	1.4	1000	0.2	30	1000	0.2	0	0
0.94	31.1814	1.4	1000	0.2	30	1000	0.2	0	0
0.941	31.2214	1.4	1000	0.2	30	1000	0.2	0	0
0.942	31.2631	1.4	1000	0.2	30	1000	0.2	0	0
0.943	31.3061	1.4	1000	0.2	30	1000	0.2	0	0
0.944	31.3492	1.4	1000	0.2	30	1000	0.2	0	0
0.945	31.393	1.4	1000	0.2	30	1000	0.2	0	0
0.946	31.4408	1.4	1000	0.2	30	1000	0.2	0	0
0.947	31.4867	1.4	1000	0.2	30	1000	0.2	0	0
0.948	31.5278	1.4	1000	0.2	30	1000	0.2	0	0
0.949	31.5695	1.4	1000	0.2	30	1000	0.2	0	0
0.95	31.6083	1.4	1000	0.2	30	1000	0.2	0	0
0.951	31.6498	1.4	1000	0.2	30	1000	0.2	0	0
0.952	31.6978	1.4	1000	0.2	30	1000	0.2	0	0
0.953	31.7396	1.4	1000	0.2	30	1000	0.2	0	0
0.954	31.7812	1.4	1000	0.2	30	1000	0.2	0	0
0.955	31.827	1.4	1000	0.2	30	1000	0.2	0	0
0.956	31.8742	1.4	1000	0.2	30	1000	0.2	0	0
0.957	31.9213	1.4	1000	0.2	30	1000	0.2	0	0
0.958	31.9656	1.4	1000	0.2	30	1000	0.2	0	0
0.959	32.0047	1.4	1000	0.2	30	1000	0.2	0	0
0.96	32.0446	1.4	1000	0.2	30	1000	0.2	0	0
0.961	32.0903	1.4	1000	0.2	30	1000	0.2	0	0
0.962	32.1362	1.4	1000	0.2	30	1000	0.2	0	0
0.963	32.1786	1.4	1000	0.2	30	1000	0.2	0	0
0.964	32.2217	1.4	1000	0.2	30	1000	0.2	0	0
0.965	32.2653	1.4	1000	0.2	30	1000	0.2	0	0
0.966	32.3087	1.4	1000	0.2	30	1000	0.2	0	0
0.967	32.3527	1.4	1000	0.2	30	1000	0.2	0	0
0.968	32.391	1.4	1000	0.2	30	1000	0.2	0	0
0.969	32.4253	1.4	1000	0.2	30	1000	0.2	0	0
0.97	32.4614	1.4	1000	0.2	30	1000	0.2	0	0
0.971	32.5018	1.4	1000	0.2	30	1000	0.2	0	0
0.972	32.5405	1.4	1000	0.2	30	1000	0.2	0	0
0.973	32.5814	1.4	1000	0.2	30	1000	0.2	0	0
0.974	32.6262	1.4	1000	0.2	30	1000	0.2	0	0
0.975	32.6706	1.4	1000	0.2	30	1000	0.2	0	0
0.976	32.7147	1.4	1000	0.2	30	1000	0.2	0	0
0.977	32.7594	1.4	1000	0.2	30	1000	0.2	0	0
0.978	32.8035	1.4	1000	0.2	30	1000	0.2	0	0
0.979	32.849	1.4	1000	0.2	30	1000	0.2	0	0
0.98	32.8915	1.4	1000	0.2	30	1000	0.2	0	0
0.981	32.9306	1.4	1000	0.2	30	1000	0.2	0	0
0.982	32.9707	1.4	1000	0.2	30	1000	0.2	0	0
0.983	33.0152	1.4	1000	0.2	30	1000	0.2	0	0
0.984	33.0589	1.4	1000	0.2	30	1000	0.2	0	0
0.985	33.0998	1.4	1000	0.2	30	1000	0.2	0	0
0.986	33.1394	1.4	1000	0.2	30	1000	0.2	0	0
0.987	33.1779	1.4	1000	0.2	30	1000	0.2	0	0
0.988	33.2198	1.4	1000	0.2	30	1000	0.2	0	0
0.989	33.2637	1.4	1000	0.2	30	1000	0.2	0	0
0.99	33.3053	1.4	1000	0.2	30	1000	0.2	0	0
0.991	33.3476	1.4	1000	0.2	30	1000	0.2	0	0
0.992	33.3904	1.4	1000	0.2	30	1000	0.2	0	0
0.993	33.4331	1.4	1000	0.2	30	1000	0.2	0	0
0.994	33.4771	1.4	1000	0.2	30	1000	0.2	0	0
0.995	33.521	1.4	1000	0.2	30	1000	0.2	0	0
0.996	33.5604	1.4	1000	0.2	30	1000	0.2	0	0
0.997	33.5958	1.4	1000	0.2	30	1000	0.2	0	0
0.998	33.6251	1.4	1000	0.2	30	1000	0.2	0	0
0.999	33.6559	1.4	1000	0.2	30	1000	0.2	0	0
1	33.6888	1.4	1000	0.2	30	1000	0.2	0	0
1.001	33.7236	1.4	1000	0.2	30	1000	0.2	0	0
1.002	33.7563	1.4	1000	0.2	30	1000	0.2	0	0
1.003	33.7911	1.4	1000	0.2	30	1000	0.2	0	0
1.004	33.83	1.4	1000	0.2	30	1000	0.2	0	0
1.005	33.8754	1.4	1000	0.2	30	1000	0.2	0	0
1.006	33.9208	1.4	1000	0.2	30	1000	0.2	0	0
1.007	33.9668	1.4	1000	0.2	30	1000	0.2	0	0
1.008	34.014	1.4	1000	0.2	30	1000	0.2	0	0
1.009	34.0618	1.4	1000	0.2	30	1000	0.2	0	0
1.01	34.1104	1.4	1000	0.2	30	1000	0.2	0	0
1.011	34.1598	1.4	1000	0.2	30	1000	0.2	0	0
1.012	34.2083	1.4	1000	0.2	30	1000	0.2	0	0
1.013	34.2564	1.4	1000	0.2	30	1000	0.2	0	0
1.014	34.3039	1.4	1000	0.2	30	1000	0.2	0	0
1.015	34.35	1.4	1000	0.2	30	1000	0.2	0	0
1.016	34.3961	1.4	1000	0.2	30	1000	0.2	0	0
1.017	34.4421	1.4	1000	0.2	30	1000	0.2	0	0
1.018	34.4884	1.4	1000	0.2	30	1000	0.2	0	0
1.019	34.5348	1.4	1000	0.2	30	1000	0.2	0	0
1.02	34.5802	1.4	1000	0.2	30	1000	0.2	0	0
1.021	34.6249	1.4	1000	0.2	30	1000	0.2	0	0
1.022	34.6691	1.4	1000	0.2	30	1000	0.2	0	0
1.023	34.7124	1.4	1000	0.2	30	1000	0.2	0	0
1.024	34.7558	1.4	1000	0.2	30	1000	0.2	0	0
1.025	34.7994	1.4	1000	0.2	30	1000	0.2	0	0
1.026	34.8439	1.4	1000	0.2	30	1000	0.2	0	0
1.027	34.8899	1.4	1000	0.2	30	1000	0.2	0	0
1.028	34.9365	1.4	1000	0.2	30	1000	0.2	0	0
1.029	34.9828	1.4	1000	0.2	30	1000	0.2	0	0
1.03	35.0298	1.4	1000	0.2	30	1000	0.2	0	0
1.031	35.0769	1.4	1000	0.2	30	1000	0.2	0	0
1.032	35.1236	1.4	1000	0.2	30	1000	0.2	0	0
1.033	35.1704	1.4	1000	0.2	30	1000	0.2	0	0
1.034	35.2169	1.4	1000	0.2	30	1000	0.2	0	0
1.035	35.2633	1.4	1000	0.2	30	1000	0.2	0	0
1.036	35.3099	1.4	1000	0.2	30	1000	0.2	0	0
1.037	35.3561	1.4	1000	0.2	30	1000	0.2	0	0
1.038	35.4014	1.4	1000	0.2	30	1000	0.2	0	0
1.039	35.446	1.4	1000	0.2	30	1000	0.2	0	0
1.04	35.4895	1.4	1000	0.2	30	1000	0.2	0	0
1.041	35.5327	1.4	1000	0.2	30	1000	0.2	0	0
1.042	35.5765	1.4	1000	0.2	30	1000	0.2	0	0
1.043	35.6204	1.4	1000	0.2	30	1000	0.2	0	0
1.044	35.6644	1.4	1000	0.2	30	1000	0.2	0	0
1.045	35.7089	1.4	1000	0.2	30	1000	0.2	0	0
1.046	35.7537	1.4	1000	0.2	30	1000	0.2	0	0
1.047	35.7993	1.4	1000	0.2	30	1000	0.2	0	0
1.048	35.8458	1.4	1000	0.2	30	1000	0.2	0	0
1.049	35.8919	1.4	1000	0.2	30	1000	0.2	0	0
1.05	35.9378	1.4	1000	0.2	30	1000	0.2	0	0
1.051	35.9836	1.4	1000	0.2	30	1000	0.2	0	0
1.052	36.0284	1.4	1000	0.2	30	1000	0.2	0	0
1.053	36.0731	1.4	1000	0.2	30	1000	0.2	0	0
1.054	36.118	1.4	1000	0.2	30	1000	0.2	0	0
1.055	36.1619	1.4	1000	0.2	30	1000	0.2	0	0
1.056	36.2055	1.4	1000	0.2	30	1000	0.2	0	0
1.057	36.2484	1.4	1000	0.2	30	1000	0.2	0	0
1.058	36.2907	1.4	1000	0.2	30	1000	0.2	0	0
1.059	36.3338	1.4	1000	0.2	30	1000	0.2	0	0
1.06	36.3768	1.4	1000	0.2	30	1000	0.2	0	0
1.061	36.4197	1.4	1000	0.2	30	1000	0.2	0	0
1.062	36.4626	1.4	1000	0.2	30	1000	0.2	0	0
1.063	36.5052	1.4	1000	0.2	30	1000	0.2	0	0
1.064	36.5486	1.4	1000	0.2	30	1000	0.2	0	0
1.065	36.5929	1.4	1000	0.2	30	1000	0.2	0	0
1.066	36.6378	1.4	1000	0.2	30	1000	0.2	0	0
1.067	36.6834	1.4	1000	0.2	30	1000	0.2	0	0
1.068	36.7291	1.4	1000	0.2	30	1000	0.2	0	0
1.069	36.7746	1.4	1000	0.2	30	1000	0.2	0	0
1.07	36.8198	1.4	1000	0.2	30	1000	0.2	0	0
1.071	36.8649	1.4	1000	0.2	30	1000	0.2	0	0
1.072	36.9093	1.4	1000	0.2	30	1000	0.2	0	0
1.073	36.9524	1.4	1000	0.2	30	1000	0.2	0	0
1.074	36.9954	1.4	1000	0.2	30	1000	0.2	0	0
1.075	37.0381	1.4	1000	0.2	30	1000	0.2	0	0
1.076	37.0807	1.4	1000	0.2	30	1000	0.2	0	0
1.077	37.124	1.4	1000	0.2	30	1000	0.2	0	0
1.078	37.1677	1.4	1000	0.2	30	1000	0.2	0	0
1.079	37.2119	1.4	1000	0.2	30	1000	0.2	0	0
1.08	37.2562	1.4	1000	0.2	30	1000	0.2	0	0
1.081	37.3	1.4	1000	0.2	30	1000	0.2	0	0
1.082	37.3438	1.4	1000	0.2	30	1000	0.2	0	0
1.083	37.3873	1.4	1000	0.2	30	1000	0.2	0	0
1.084	37.4307	1.4	1000	0.2	30	1000	0.2	0	0
1.085	37.4738	1.4	1000	0.2	30	1000	0.2	0	0
1.086	37.5166	1.4	1000	0.2	30	1000	0.2	0	0
1.087	37.5602	1.4	1000	0.2	30	1000	0.2	0	0
1.088	37.6034	1.4	1000	0.2	30	1000	0.2	0	0
1.089	37.6462	1.4	1000	0.2	30	1000	0.2	0	0
1.09	37.6894	1.4	1000	0.2	30	1000	0.2	0	0
1.091	37.7321	1.4	1000	0.2	30	1000	0.2	0	0
1.092	37.7752	1.4	1000	0.2	30	1000	0.2	0	0
1.093	37.8192	1.4	1000	0.2	30	1000	0.2	0	0
1.094	37.8623	1.4	1000	0.2	30	1000	0.2	0	0
1.095	37.9058	1.4	1000	0.2	30	1000	0.2	0	0
1.096	37.9496	1.4	1000	0.2	30	1000	0.2	0	0
1.097	37.9929	1.4	1000	0.2	30	1000	0.2	0	0
1.098	38.0364	1.4	1000	0.2	30	1000	0.2	0	0
1.099	38.0798	1.4	1000	0.2	30	1000	0.2	0	0
1.1	38.1226	1.4	1000	0.2	30	1000	0.2	0	0
1.101	38.1651	1.4	1000	0.2	30	1000	0.2	0	0
1.102	38.2071	1.4	1000	0.2	30	1000	0.2	0	0
1.103	38.2482	1.4	1000	0.2	30	1000	0.2	0	0
1.104	38.2892	1.4	1000	0.2	30	1000	0.2	0	0
1.105	38.33	1.4	1000	0.2	30	1000	0.2	0	0
1.106	38.3689	1.4	1000	0.2	30	1000	0.2	0	0
1.107	38.4066	1.4	1000	0.2	30	1000	0.2	0	0
1.108	38.4426	1.4	1000	0.2	30	1000	0.2	0	0
1.109	38.4764	1.4	1000	0.2	30	1000	0.2	0	0
1.11	38.5093	1.4	1000	0.2	30	1000	0.2	0	0
1.111	38.5406	1.4	1000	0.2	30	1000	0.2	0	0
1.112	38.5706	1.4	1000	0.2	30	1000	0.2	0	0
1.113	38.6005	1.4	1000	0.2	30	1000	0.2	0	0
1.114	38.6295	1.4	1000	0.2	30	1000	0.2	0	0
1.115	38.6606	1.4	1000	0.2	30	1000	0.2	0	0
1.116	38.696	1.4	1000	0.2	30	1000	0.2	0	0
1.117	38.737	1.4	1000	0.2	30	1000	0.2	0	0
1.118	38.7861	1.4	1000	0.2	30	1000	0.2	0	0
1.119	38.8424	1.4	1000	0.2	30	1000	0.2	0	0
1.12	38.9053	1.4	1000	0.2	30	1000	0.2	0	0
1.121	38.9747	1.4	1000	0.2	30	1000	0.2	0	0
1.122	39.0461	1.4	1000	0.2	30	1000	0.2	0	0
1.123	39.1197	1.4	1000	0.2	30	1000	0.2	0	0
1.124	39.1946	1.4	1000	0.2	30	1000	0.2	0	0
1.125	39.2639	1.4	1000	0.2	30	1000	0.2	0	0
1.126	39.3242	1.4	1000	0.2	30	1000	0.2	0	0
1.127	39.3763	1.4	1000	0.2	30	1000	0.2	0	0
1.128	39.4198	1.4	1000	0.2	30	1000	0.2	0	0
1.129	39.4564	1.4	1000	0.2	30	1000	0.2	0	0
1.13	39.49	1.4	1000	0.2	30	1000	0.2	0	0
1.131	39.5167	1.4	1000	0.2	30	1000	0.2	0	0
1.132	39.539	1.4	1000	0.2	30	1000	0.2	0	0
1.133	39.5633	1.4	1000	0.2	30	1000	0.2	0	0
1.134	39.5876	1.4	1000	0.2	30	1000	0.2	0	0
1.135	39.6116	1.4	1000	0.2	30	1000	0.2	0	0
1.136	39.6379	1.4	1000	0.2	30	1000	0.2	0	0
1.137	39.6612	1.4	1000	0.2	30	1000	0.2	0	0
1.138	39.6834	1.4	1000	0.2	30	1000	0.2	0	0
1.139	39.707	1.4	1000	0.2	30	1000	0.2	0	0
1.14	39.7288	1.4	1000	0.2	30	1000	0.2	0	0
1.141	39.7515	1.4	1000	0.2	30	1000	0.2	0	0
1.142	39.7746	1.4	1000	0.2	30	1000	0.2	0	0
1.143	39.796	1.4	1000	0.2	30	1000	0.2	0	0
1.144	39.8158	1.4	1000	0.2	30	1000	0.2	0	0
1.145	39.8326	1.4	1000	0.2	30	1000	0.2	0	0
1.146	39.8484	1.4	1000	0.2	30	1000	0.2	0	0
1.147	39.8642	1.4	1000	0.2	30	1000	0.2	0	0
1.148	39.8768	1.4	1000	0.2	30	1000	0.2	0	0
1.149	39.8889	1.4	1000	0.2	30	1000	0.2	0	0
1.15	39.9001	1.4	1000	0.2	30	1000	0.2	0	0
1.151	39.9103	1.4	1000	0.2	30	1000	0.2	0	0
1.152	39.9219	1.4	1000	0.2	30	1000	0.2	0	0
1.153	39.9337	1.4	1000	0.2	30	1000	0.2	0	0
1.154	39.9453	1.4	1000	0.2	30	1000	0.2	0	0
1.155	39.9588	1.4	1000	0.2	30	1000	0.2	0	0
1.156	39.9735	1.4	1000	0.2	30	1000	0.2	0	0
1.157	39.9902	1.4	1000	0.2	30	1000	0.2	0	0
1.158	40.0083	1.4	1000	0.2	30	1000	0.2	0	0
1.159	40.0263	1.4	1000	0.2	30	1000	0.2	0	0
1.16	40.0437	1.4	1000	0.2	30	1000	0.2	0	0
1.161	40.0607	1.4	1000	0.2	30	1000	0.2	0	0
1.162	40.0768	1.4	1000	0.2	30	1000	0.2	0	0
1.163	40.0926	1.4	1000	0.2	30	1000	0.2	0	0
1.164	40.1077	1.4	1000	0.2	30	1000	0.2	0	0
1.165	40.1231	1.4	1000	0.2	30	1000	0.2	0	0
1.166	40.1399	1.4	1000	0.2	30	1000	0.2	0	0
1.167	40.158	1.4	1000	0.2	30	1000	0.2	0	0
1.168	40.1778	1.4	1000	0.2	30	1000	0.2	0	0
1.169	40.1989	1.4	1000	0.2	30	1000	0.2	0	0
1.17	40.2213	1.4	1000	0.2	30	1000	0.2	0	0
1.171	40.2445	1.4	1000	0.2	30	1000	0.2	0	0
1.172	40.2676	1.4	1000	0.2	30	1000	0.2	0	0
1.173	40.2907	1.4	1000	0.2	30	1000	0.2	0	0
1.174	40.313	1.4	1000	0.2	30	1000	0.2	0	0
1.175	40.3347	1.4	1000	0.2	30	1000	0.2	0	0
1.176	40.3561	1.4	1000	0.2	30	1000	0.2	0	0
1.177	40.3782	1.4	1000	0.2	30	1000	0.2	0	0
1.178	40.4017	1.4	1000	0.2	30	1000	0.2	0	0
1.179	40.4259	1.4	1000	0.2	30	1000	0.2	0	0
1.18	40.4515	1.4	1000	0.2	30	1000	0.2	0	0
1.181	40.4782	1.4	1000	0.2	30	1000	0.2	0	0
1.182	40.5048	1.4	1000	0.2	30	1000	0.2	0	0
1.183	40.5321	1.4	1000	0.2	30	1000	0.2	0	0
1.184	40.5589	1.4	1000	0.2	30	1000	0.2	0	0
1.185	40.5853	1.4	1000	0.2	30	1000	0.2	0	0
1.186	40.6128	1.4	1000	0.2	30	1000	0.2	0	0
1.187	40.6402	1.4	1000	0.2	30	1000	0.2	0	0
1.188	40.6676	1.4	1000	0.2	30	1000	0.2	0	0
1.189	40.696	1.4	1000	0.2	30	1000	0.2	0	0
1.19	40.7245	1.4	1000	0.2	30	1000	0.2	0	0
1.191	40.7533	1.4	1000	0.2	30	1000	0.2	0	0
1.192	40.7823	1.4	1000	0.2	30	1000	0.2	0	0
1.193	40.811	1.4	1000	0.2	30	1000	0.2	0	0
1.194	40.8398	1.4	1000	0.2	30	1000	0.2	0	0
1.195	40.8696	1.4	1000	0.2	30	1000	0.2	0	0
1.196	40.9003	1.4	1000	0.2	30	1000	0.2	0	0
1.197	40.9322	1.4	1000	0.2	30	1000	0.2	0	0
1.198	40.9653	1.4	1000	0.2	30	1000	0.2	0	0
1.199	40.9988	1.4	1000	0.2	30	1000	0.2	0	0
1.2	41.0332	1.4	1000	0.2	30	1000	0.2	0	0
1.201	41.0687	1.4	1000	0.2	30	1000	0.2	0	0
1.202	41.1047	1.4	1000	0.2	30	1000	0.2	0	0
1.203	41.1415	1.4	1000	0.2	30	1000	0.2	0	0
1.204	41.1782	1.4	1000	0.2	30	1000	0.2	0	0
1.205	41.2147	1.4	1000	0.2	30	1000	0.2	0	0
1.206	41.2521	1.4	1000	0.2	30	1000	0.2	0	0
1.207	41.2904	1.4	1000	0.2	30	1000	0.2	0	0
1.208	41.3294	1.4	1000	0.2	30	1000	0.2	0	0
1.209	41.3691	1.4	1000	0.2	30	1000	0.2	0	0
1.21	41.4099	1.4	1000	0.2	30	1000	0.2	0	0
1.211	41.4516	1.4	1000	0.2	30	1000	0.2	0	0
1.212	41.4939	1.4	1000	0.2	30	1000	0.2	0	0
1.213	41.5372	1.4	1000	0.2	30	1000	0.2	0	0
1.214	41.581	1.4	1000	0.2	30	1000	0.2	0	0
1.215	41.6248	1.4	1000	0.2	30	1000	0.2	0	0
1.216	41.6696	1.4	1000	0.2	30	1000	0.2	0	0
1.217	41.7143	1.4	1000	0.2	30	1000	0.2	0	0
1.218	41.7586	1.4	1000	0.2	30	1000	0.2	0	0
1.219	41.8038	1.4	1000	0.2	30	1000	0.2	0	0
1.22	41.8494	1.4	1000	0.2	30	1000	0.2	0	0
1.221	41.8947	1.4	1000	0.2	30	1000	0.2	0	0
1.222	41.9407	1.4	1000	0.2	30	1000	0.2	0	0
1.223	41.9866	1.4	1000	0.2	30	1000	0.2	0	0
1.224	42.0326	1.4	1000	0.2	30	1000	0.2	0	0
1.225	42.0798	1.4	1000	0.2	30	1000	0.2	0	0
1.226	42.1268	1.4	1000	0.2	30	1000	0.2	0	0
1.227	42.1735	1.4	1000	0.2	30	1000	0.2	0	0
1.228	42.2198	1.4	1000	0.2	30	1000	0.2	0	0
1.229	42.2648	1.4	1000	0.2	30	1000	0.2	0	0
1.23	42.3093	1.4	1000	0.2	30	1000	0.2	0	0
1.231	42.3536	1.4	1000	0.2	30	1000	0.2	0	0
1.232	42.3972	1.4	1000	0.2	30	1000	0.2	0	0
1.233	42.4407	1.4	1000	0.2	30	1000	0.2	0	0
1.234	42.4841	1.4	1000	0.2	30	1000	0.2	0	0
1.235	42.5267	1.4	1000	0.2	30	1000	0.2	0	0
1.236	42.5693	1.4	1000	0.2	30	1000	0.2	0	0
1.237	42.6116	1.4	1000	0.2	30	1000	0.2	0	0
1.238	42.653	1.4	1000	0.2	30	1000	0.2	0	0
1.239	42.6941	1.4	1000	0.2	30	1000	0.2	0	0
1.24	42.7347	1.4	1000	0.2	30	1000	0.2	0	0
1.241	42.775	1.4	1000	0.2	30	1000	0.2	0	0
1.242	42.8156	1.4	1000	0.2	30	1000	0.2	0	0
1.243	42.8562	1.4	1000	0.2	30	1000	0.2	0	0
1.244	42.8963	1.4	1000	0.2	30	1000	0.2	0	0
1.245	42.9364	1.4	1000	0.2	30	1000	0.2	0	0
1.246	42.976	1.4	1000	0.2	30	1000	0.2	0	0
1.247	43.015	1.4	1000	0.2	30	1000	0.2	0	0
1.248	43.0537	1.4	1000	0.2	30	1000	0.2	0	0
1.249	43.0923	1.4	1000	0.2	30	1000	0.2	0	0
1.25	43.1304	1.4	1000	0.2	30	1000	0.2	0	0
1.251	43.1683	1.4	1000	0.2	30	1000	0.2	0	0
1.252	43.2058	1.4	1000	0.2	30	1000	0.2	0	0
1.253	43.2425	1.4	1000	0.2	30	1000	0.2	0	0
1.254	43.2787	1.4	1000	0.2	30	1000	0.2	0	0
1.255	43.3144	1.4	1000	0.2	30	1000	0.2	0	0
1.256	43.35	1.4	1000	0.2	30	1000	0.2	0	0
1.257	43.3853	1.4	1000	0.2	30	1000	0.2	0	0
1.258	43.4203	1.4	1000	0.2	30	1000	0.2	0	0
1.259	43.455	1.4	1000	0.2	30	1000	0.2	0	0
1.26	43.4898	1.4	1000	0.2	30	1000	0.2	0	0
1.261	43.5251	1.4	1000	0.2	30	1000	0.2	0	0
1.262	43.561	1.4	1000	0.2	30	1000	0.2	0	0
1.263	43.5968	1.4	1000	0.2	30	1000	0.2	0	0
1.264	43.6332	1.4	1000	0.2	30	1000	0.2	0	0
1.265	43.6699	1.4	1000	0.2	30	1000	0.2	0	0
1.266	43.7067	1.4	1000	0.2	30	1000	0.2	0	0
1.267	43.744	1.4	1000	0.2	30	1000	0.2	0	0
1.268	43.7808	1.4	1000	0.2	30	1000	0.2	0	0
1.269	43.8164	1.4	1000	0.2	30	1000	0.2	0	0
1.27	43.8509	1.4	1000	0.2	30	1000	0.2	0	0
1.271	43.8841	1.4	1000	0.2	30	1000	0.2	0	0
1.272	43.9164	1.4	1000	0.2	30	1000	0.2	0	0
1.273	43.9474	1.4	1000	0.2	30	1000	0.2	0	0
1.274	43.9769	1.4	1000	0.2	30	1000	0.2	0	0
1.275	44.0055	1.4	1000	0.2	30	1000	0.2	0	0
1.276	44.0339	1.4	1000	0.2	30	1000	0.2	0	0
1.277	44.0628	1.4	1000	0.2	30	1000	0.2	0	0
1.278	44.0925	1.4	1000	0.2	30	1000	0.2	0	0
1.279	44.1224	1.4	1000	0.2	30	1000	0.2	0	0
1.28	44.1527	1.4	1000	0.2	30	1000	0.2	0	0
1.281	44.1833	1.4	1000	0.2	30	1000	0.2	0	0
1.282	44.214	1.4	1000	0.2	30	1000	0.2	0	0
1.283	44.2447	1.4	1000	0.2	30	1000	0.2	0	0
1.284	44.2747	1.4	1000	0.2	30	1000	0.2	0	0
1.285	44.3039	1.4	1000	0.2	30	1000	0.2	0	0
1.286	44.3327	1.4	1000	0.2	30	1000	0.2	0	0
1.287	44.3615	1.4	1000	0.2	30	1000	0.2	0	0
1.288	44.3906	1.4	1000	0.2	30	1000	0.2	0	0
1.289	44.4199	1.4	1000	0.2	30	1000	0.2	0	0
1.29	44.4491	1.4	1000	0.2	30	1000	0.2	0	0
1.291	44.4779	1.4	1000	0.2	30	1000	0.2	0	0
1.292	44.5064	1.4	1000	0.2	30	1000	0.2	0	0
1.293	44.5348	1.4	1000	0.2	30	1000	0.2	0	0
1.294	44.5623	1.4	1000	0.2	30	1000	0.2	0	0
1.295	44.5899	1.4	1000	0.2	30	1000	0.2	0	0
1.296	44.6172	1.4	1000	0.2	30	1000	0.2	0	0
1.297	44.6439	1.4	1000	0.2	30	1000	0.2	0	0
1.298	44.6702	1.4	1000	0.2	30	1000	0.2	0	0
1.299	44.6962	1.4	1000	0.2	30	1000	0.2	0	0
1.3	44.7216	1.4	1000	0.2	30	1000	0.2	0	0
1.301	44.7467	1.4	1000	0.2	30	1000	0.2	0	0
1.302	44.7711	1.4	1000	0.2	30	1000	0.2	0	0
1.303	44.795	1.4	1000	0.2	30	1000	0.2	0	0
1.304	44.8187	1.4	1000	0.2	30	1000	0.2	0	0
1.305	44.8421	1.4	1000	0.2	30	1000	0.2	0	0
1.306	44.8657	1.4	1000	0.2	30	1000	0.2	0	0
1.307	44.8886	1.4	1000	0.2	30	1000	0.2	0	0
1.308	44.9105	1.4	1000	0.2	30	1000	0.2	0	0
1.309	44.9311	1.4	1000	0.2	30	1000	0.2	0	0
1.31	44.95	1.4	1000	0.2	30	1000	0.2	0	0
1.311	44.968	1.4	1000	0.2	30	1000	0.2	0	0
1.312	44.9852	1.4	1000	0.2	30	1000	0.2	0	0
1.313	45.0008	1.4	1000	0.2	30	1000	0.2	0	0
1.314	45.0157	1.4	1000	0.2	30	1000	0.2	0	0
1.315	45.0303	1.4	1000	0.2	30	1000	0.2	0	0
1.316	45.0444	1.4	1000	0.2	30	1000	0.2	0	0
1.317	45.0582	1.4	1000	0.2	30	1000	0.2	0	0
1.318	45.0711	1.4	1000	0.2	30	1000	0.2	0	0
1.319	45.083	1.4	1000	0.2	30	1000	0.2	0	0
1.32	45.0946	1.4	1000	0.2	30	1000	0.2	0	0
1.321	45.1053	1.4	1000	0.2	30	1000	0.2	0	0
1.322	45.1152	1.4	1000	0.2	30	1000	0.2	0	0
1.323	45.1243	1.4	1000	0.2	30	1000	0.2	0	0
1.324	45.1324	1.4	1000	0.2	30	1000	0.2	0	0
1.325	45.1399	1.4	1000	0.2	30	1000	0.2	0	0
1.326	45.1461	1.4	1000	0.2	30	1000	0.2	0	0
1.327	45.1504	1.4	1000	0.2	30	1000	0.2	0	0
1.328	45.1532	1.4	1000	0.2	30	1000	0.2	0	0
1.329	45.1539	1.4	1000	0.2	30	1000	0.2	0	0
1.33	45.1526	1.4	1000	0.2	30	1000	0.2	0	0
1.331	45.1515	1.4	1000	0.2	30	1000	0.2	0	0
1.332	45.1495	1.4	1000	0.2	30	1000	0.2	0	0
1.333	45.1465	1.4	1000	0.2	30	1000	0.2	0	0
1.334	45.143	1.4	1000	0.2	30	1000	0.2	0	0
1.335	45.139	1.4	1000	0.2	30	1000	0.2	0	0
1.336	45.1347	1.4	1000	0.2	30	1000	0.2	0	0
1.337	45.1168	1.4	1000	0.2	30	1000	0.2	0	0
1.338	45.0839	1.4	1000	0.2	30	1000	0.2	0	0
1.339	45.0367	1.4	1000	0.2	30	1000	0.2	0	0
1.34	44.9757	1.4	1000	0.2	30	1000	0.2	0	0
1.341	44.9009	1.4	1000	0.2	30	1000	0.2	0	0
1.342	44.8124	1.4	1000	0.2	30	1000	0.2	0	0
1.343	44.7109	1.4	1000	0.2	30	1000	0.2	0	0
1.344	44.6093	1.4	1000	0.2	30	1000	0.2	0	0
1.345	44.5078	1.4	1000	0.2	30	1000	0.2	0	0
1.346	44.4062	1.4	1000	0.2	30	1000	0.2	0	0
1.347	44.3046	1.4	1000	0.2	30	1000	0.2	0	0
1.348	44.2031	1.4	1000	0.2	30	1000	0.2	0	0
1.349	44.1015	1.4	1000	0.2	30	1000	0.2	0	0
1.35	44	1.4	1000	0.2	30	1000	0.2	0	0
1.351	43.8984	1.4	1000	0.2	30	1000	0.2	0	0
1.352	43.7968	1.4	1000	0.2	30	1000	0.2	0	0
1.353	43.6953	1.4	1000	0.2	30	1000	0.2	0	0
1.354	43.5937	1.4	1000	0.2	30	1000	0.2	0	0
1.355	43.4922	1.4	1000	0.2	30	1000	0.2	0	0
1.356	43.3906	1.4	1000	0.2	30	1000	0.2	0	0
1.357	43.289	1.4	1000	0.2	30	1000	0.2	0	0
1.358	43.1875	1.4	1000	0.2	30	1000	0.2	0	0
1.359	43.0859	1.4	1000	0.2	30	1000	0.2	0	0
1.36	42.9844	1.4	1000	0.2	30	1000	0.2	0	0
1.361	42.8828	1.4	1000	0.2	30	1000	0.2	0	0
1.362	42.7812	1.4	1000	0.2	30	1000	0.2	0	0
1.363	42.6797	1.4	1000	0.2	30	1000	0.2	0	0
1.364	42.5781	1.4	1000	0.2	30	1000	0.2	0	0
1.365	42.4766	1.4	1000	0.2	30	1000	0.2	0	0
1.366	42.375	1.4	1000	0.2	30	1000	0.2	0	0
1.367	42.2734	1.4	1000	0.2	30	1000	0.2	0	0
1.368	42.1719	1.4	1000	0.2	30	1000	0.2	0	0
1.369	42.0703	1.4	1000	0.2	30	1000	0.2	0	0
1.37	41.9688	1.4	1000	0.2	30	1000	0.2	0	0
1.371	41.8672	1.4	1000	0.2	30	1000	0.2	0	0
1.372	41.7656	1.4	1000	0.2	30	1000	0.2	0	0
1.373	41.6641	1.4	1000	0.2	30	1000	0.2	0	0
1.374	41.5625	1.4	1000	0.2	30	1000	0.2	0	0
1.375	41.461	1.4	1000	0.2	30	1000	0.2	0	0
1.376	41.3594	1.4	1000	0.2	30	1000	0.2	0	0
1.377	41.2578	1.4	1000	0.2	30	1000	0.2	0	0
1.378	41.1563	1.4	1000	0.2	30	1000	0.2	0	0
1.379	41.0547	1.4	1000	0.2	30	1000	0.2	0	0
1.38	40.9532	1.4	1000	0.2	30	1000	0.2	0	0
1.381	40.8516	1.4	1000	0.2	30	1000	0.2	0	0
1.382	40.75	1.4	1000	0.2	30	1000	0.2	0	0
1.383	40.6485	1.4	1000	0.2	30	1000	0.2	0	0
1.384	40.5469	1.4	1000	0.2	30	1000	0.2	0	0
1.385	40.4454	1.4	1000	0.2	30	1000	0.2	0	0
1.386	40.3438	1.4	1000	0.2	30	1000	0.2	0	0
1.387	40.2422	1.4	1000	0.2	30	1000	0.2	0	0
1.388	40.1407	1.4	1000	0.2	30	1000	0.2	0	0
1.389	40.0391	1.4	1000	0.2	30	1000	0.2	0	0
1.39	39.9376	1.4	1000	0.2	30	1000	0.2	0	0
1.391	39.836	1.4	1000	0.2	30	1000	0.2	0	0
1.392	39.7344	1.4	1000	0.2	30	1000	0.2	0	0
1.393	39.6329	1.4	1000	0.2	30	1000	0.2	0	0
1.394	39.5313	1.4	1000	0.2	30	1000	0.2	0	0
1.395	39.4298	1.4	1000	0.2	30	1000	0.2	0	0
1.396	39.3282	1.4	1000	0.2	30	1000	0.2	0	0
1.397	39.2266	1.4	1000	0.2	30	1000	0.2	0	0
1.398	39.1251	1.4	1000	0.2	30	1000	0.2	0	0
1.399	39.0235	1.4	1000	0.2	30	1000	0.2	0	0
1.4	38.9219	1.4	1000	0.2	30	1000	0.2	0	0
1.401	38.8204	1.4	1000	0.2	30	1000	0.2	0	0
1.402	38.7187	1.4	1000	0.2	30	1000	0.2	0	0
1.403	38.6171	1.4	1000	0.2	30	1000	0.2	0	0
1.404	38.5154	1.4	1000	0.2	30	1000	0.2	0	0
1.405	38.4138	1.4	1000	0.2	30	1000	0.2	0	0
1.406	38.3121	1.4	1000	0.2	30	1000	0.2	0	0
1.407	38.2104	1.4	1000	0.2	30	1000	0.2	0	0
1.408	38.1087	1.4	1000	0.2	30	1000	0.2	0	0
1.409	38.007	1.4	1000	0.2	30	1000	0.2	0	0
1.41	37.9053	1.4	1000	0.2	30	1000	0.2	0	0
1.411	37.8036	1.4	1000	0.2	30	1000	0.2	0	0
1.412	37.7019	1.4	1000	0.2	30	1000	0.2	0	0
1.413	37.6002	1.4	1000	0.2	30	1000	0.2	0	0
1.414	37.4985	1.4	1000	0.2	30	1000	0.2	0	0
1.415	37.3969	1.4	1000	0.2	30	1000	0.2	0	0
1.416	37.2952	1.4	1000	0.2	30	1000	0.2	0	0
1.417	37.2062	1.4	1000	0.2	30	1000	0.2	0	0
1.418	37.1275	1.4	1000	0.2	30	1000	0.2	0	0
1.419	37.0563	1.4	1000	0.2	30	1000	0.2	0	0
1.42	36.9978	1.4	1000	0.2	30	1000	0.2	0	0
1.421	36.9522	1.4	1000	0.2	30	1000	0.2	0	0
1.422	36.9219	1.4	1000	0.2	30	1000	0.2	0	0
1.423	36.9146	1.4	1000	0.2	30	1000	0.2	0	0
1.424	36.9105	1.4	1000	0.2	30	1000	0.2	0	0
1.425	36.9097	1.4	1000	0.2	30	1000	0.2	0	0
1.426	36.9135	1.4	1000	0.2	30	1000	0.2	0	0
1.427	36.9106	1.4	1000	0.2	30	1000	0.2	0	0
1.428	36.9049	1.4	1000	0.2	30	1000	0.2	0	0
1.429	36.8961	1.4	1000	0.2	30	1000	0.2	0	0
1.43	36.8767	1.4	1000	0.2	30	1000	0.2	0	0
1.431	36.8485	1.4	1000	0.2	30	1000	0.2	0	0
1.432	36.8199	1.4	1000	0.2	30	1000	0.2	0	0
1.433	36.787	1.4	1000	0.2	30	1000	0.2	0	0
1.434	36.7575	1.4	1000	0.2	30	1000	0.2	0	0
1.435	36.7364	1.4	1000	0.2	30	1000	0.2	0	0
1.436	36.7145	1.4	1000	0.2	30	1000	0.2	0	0
1.437	36.6953	1.4	1000	0.2	30	1000	0.2	0	0
1.438	36.6875	1.4	1000	0.2	30	1000	0.2	0	0
1.439	36.682	1.4	1000	0.2	30	1000	0.2	0	0
1.44	36.6888	1.4	1000	0.2	30	1000	0.2	0	0
1.441	36.7036	1.4	1000	0.2	30	1000	0.2	0	0
1.442	36.7173	1.4	1000	0.2	30	1000	0.2	0	0
1.443	36.7367	1.4	1000	0.2	30	1000	0.2	0	0
1.444	36.7563	1.4	1000	0.2	30	1000	0.2	0	0
1.445	36.7764	1.4	1000	0.2	30	1000	0.2	0	0
1.446	36.8006	1.4	1000	0.2	30	1000	0.2	0	0
1.447	36.8251	1.4	1000	0.2	30	1000	0.2	0	0
1.448	36.8549	1.4	1000	0.2	30	1000	0.2	0	0
1.449	36.8867	1.4	1000	0.2	30	1000	0.2	0	0
1.45	36.9201	1.4	1000	0.2	30	1000	0.2	0	0
1.451	36.9553	1.4	1000	0.2	30	1000	0.2	0	0
1.452	36.9873	1.4	1000	0.2	30	1000	0.2	0	0
1.453	37.0161	1.4	1000	0.2	30	1000	0.2	0	0
1.454	37.0415	1.4	1000	0.2	30	1000	0.2	0	0
1.455	37.0597	1.4	1000	0.2	30	1000	0.2	0	0
1.456	37.0738	1.4	1000	0.2	30	1000	0.2	0	0
1.457	37.0846	1.4	1000	0.2	30	1000	0.2	0	0
1.458	37.0925	1.4	1000	0.2	30	1000	0.2	0	0
1.459	37.1002	1.4	1000	0.2	30	1000	0.2	0	0
1.46	37.1079	1.4	1000	0.2	30	1000	0.2	0	0
1.461	37.1154	1.4	1000	0.2	30	1000	0.2	0	0
1.462	37.1245	1.4	1000	0.2	30	1000	0.2	0	0
1.463	37.137	1.4	1000	0.2	30	1000	0.2	0	0
1.464	37.1549	1.4	1000	0.2	30	1000	0.2	0	0
1.465	37.1779	1.4	1000	0.2	30	1000	0.2	0	0
1.466	37.204	1.4	1000	0.2	30	1000	0.2	0	0
1.467	37.2337	1.4	1000	0.2	30	1000	0.2	0	0
1.468	37.2651	1.4	1000	0.2	30	1000	0.2	0	0
1.469	37.2997	1.4	1000	0.2	30	1000	0.2	0	0
1.47	37.3386	1.4	1000	0.2	30	1000	0.2	0	0
1.471	37.3779	1.4	1000	0.2	30	1000	0.2	0	0
1.472	37.4172	1.4	1000	0.2	30	1000	0.2	0	0
1.473	37.4597	1.4	1000	0.2	30	1000	0.2	0	0
1.474	37.5038	1.4	1000	0.2	30	1000	0.2	0	0
1.475	37.5519	1.4	1000	0.2	30	1000	0.2	0	0
1.476	37.6041	1.4	1000	0.2	30	1000	0.2	0	0
1.477	37.6572	1.4	1000	0.2	30	1000	0.2	0	0
1.478	37.7122	1.4	1000	0.2	30	1000	0.2	0	0
1.479	37.7707	1.4	1000	0.2	30	1000	0.2	0	0
1.48	37.8306	1.4	1000	0.2	30	1000	0.2	0	0
1.481	37.8929	1.4	1000	0.2	30	1000	0.2	0	0
1.482	37.9561	1.4	1000	0.2	30	1000	0.2	0	0
1.483	38.0187	1.4	1000	0.2	30	1000	0.2	0	0
1.484	38.0818	1.4	1000	0.2	30	1000	0.2	0	0
1.485	38.1447	1.4	1000	0.2	30	1000	0.2	0	0
1.486	38.207	1.4	1000	0.2	30	1000	0.2	0	0
1.487	38.2689	1.4	1000	0.2	30	1000	0.2	0	0
1.488	38.3285	1.4	1000	0.2	30	1000	0.2	0	0
1.489	38.3866	1.4	1000	0.2	30	1000	0.2	0	0
1.49	38.4428	1.4	1000	0.2	30	1000	0.2	0	0
1.491	38.4961	1.4	1000	0.2	30	1000	0.2	0	0
1.492	38.5485	1.4	1000	0.2	30	1000	0.2	0	0
1.493	38.5999	1.4	1000	0.2	30	1000	0.2	0	0
1.494	38.65	1.4	1000	0.2	30	1000	0.2	0	0
1.495	38.6999	1.4	1000	0.2	30	1000	0.2	0	0
1.496	38.7495	1.4	1000	0.2	30	1000	0.2	0	0
1.497	38.7991	1.4	1000	0.2	30	1000	0.2	0	0
1.498	38.8493	1.4	1000	0.2	30	1000	0.2	0	0
1.499	38.8999	1.4	1000	0.2	30	1000	0.2	0	0
1.5	38.9513	1.4	1000	0.2	30	1000	0.2	0	0
1.501	39.0038	1.4	1000	0.2	30	1000	0.2	0	0
1.502	39.0574	1.4	1000	0.2	30	1000	0.2	0	0
1.503	39.1127	1.4	1000	0.2	30	1000	0.2	0	0
1.504	39.1686	1.4	1000	0.2	30	1000	0.2	0	0
1.505	39.225	1.4	1000	0.2	30	1000	0.2	0	0
1.506	39.2816	1.4	1000	0.2	30	1000	0.2	0	0
1.507	39.3377	1.4	1000	0.2	30	1000	0.2	0	0
1.508	39.3935	1.4	1000	0.2	30	1000	0.2	0	0
1.509	39.4485	1.4	1000	0.2	30	1000	0.2	0	0
1.51	39.502	1.4	1000	0.2	30	1000	0.2	0	0
1.511	39.5543	1.4	1000	0.2	30	1000	0.2	0	0
1.512	39.6054	1.4	1000	0.2	30	1000	0.2	0	0
1.513	39.6556	1.4	1000	0.2	30	1000	0.2	0	0
1.514	39.7052	1.4	1000	0.2	30	1000	0.2	0	0
1.515	39.7547	1.4	1000	0.2	30	1000	0.2	0	0
1.516	39.8038	1.4	1000	0.2	30	1000	0.2	0	0
1.517	39.8529	1.4	1000	0.2	30	1000	0.2	0	0
1.518	39.9018	1.4	1000	0.2	30	1000	0.2	0	0
1.519	39.9504	1.4	1000	0.2	30	1000	0.2	0	0
1.52	39.9986	1.4	1000	0.2	30	1000	0.2	0	0
1.521	40.0458	1.4	1000	0.2	30	1000	0.2	0	0
1.522	40.0922	1.4	1000	0.2	30	1000	0.2	0	0
1.523	40.138	1.4	1000	0.2	30	1000	0.2	0	0
1.524	40.183	1.4	1000	0.2	30	1000	0.2	0	0
1.525	40.2276	1.4	1000	0.2	30	1000	0.2	0	0
1.526	40.2718	1.4	1000	0.2	30	1000	0.2	0	0
1.527	40.3155	1.4	1000	0.2	30	1000	0.2	0	0
1.528	40.3591	1.4	1000	0.2	30	1000	0.2	0	0
1.529	40.4021	1.4	1000	0.2	30	1000	0.2	0	0
1.53	40.4442	1.4	1000	0.2	30	1000	0.2	0	0
1.531	40.4852	1.4	1000	0.2	30	1000	0.2	0	0
1.532	40.5253	1.4	1000	0.2	30	1000	0.2	0	0
1.533	40.5646	1.4	1000	0.2	30	1000	0.2	0	0
1.534	40.6032	1.4	1000	0.2	30	1000	0.2	0	0
1.535	40.6419	1.4	1000	0.2	30	1000	0.2	0	0
1.536	40.6801	1.4	1000	0.2	30	1000	0.2	0	0
1.537	40.718	1.4	1000	0.2	30	1000	0.2	0	0
1.538	40.7561	1.4	1000	0.2	30	1000	0.2	0	0
1.539	40.7937	1.4	1000	0.2	30	1000	0.2	0	0
1.54	40.8312	1.4	1000	0.2	30	1000	0.2	0	0
1.541	40.8682	1.4	1000	0.2	30	1000	0.2	0	0
1.542	40.9046	1.4	1000	0.2	30	1000	0.2	0	0
1.543	40.9407	1.4	1000	0.2	30	1000	0.2	0	0
1.544	40.977	1.4	1000	0.2	30	1000	0.2	0	0
1.545	41.0141	1.4	1000	0.2	30	1000	0.2	0	0
1.546	41.0515	1.4	1000	0.2	30	1000	0.2	0	0
1.547	41.0885	1.4	1000	0.2	30	1000	0.2	0	0
1.548	41.1255	1.4	1000	0.2	30	1000	0.2	0	0
1.549	41.1621	1.4	1000	0.2	30	1000	0.2	0	0
1.55	41.1983	1.4	1000	0.2	30	1000	0.2	0	0
1.551	41.2344	1.4	1000	0.2	30	1000	0.2	0	0
1.552	41.2694	1.4	1000	0.2	30	1000	0.2	0	0
1.553	41.3039	1.4	1000	0.2	30	1000	0.2	0	0
1.554	41.3383	1.4	1000	0.2	30	1000	0.2	0	0
1.555	41.3721	1.4	1000	0.2	30	1000	0.2	0	0
1.556	41.4055	1.4	1000	0.2	30	1000	0.2	0	0
1.557	41.4385	1.4	1000	0.2	30	1000	0.2	0	0
1.558	41.4705	1.4	1000	0.2	30	1000	0.2	0	0
1.559	41.5019	1.4	1000	0.2	30	1000	0.2	0	0
1.56	41.5329	1.4	1000	0.2	30	1000	0.2	0	0
1.561	41.5634	1.4	1000	0.2	30	1000	0.2	0	0
1.562	41.5936	1.4	1000	0.2	30	1000	0.2	0	0
1.563	41.6231	1.4	1000	0.2	30	1000	0.2	0	0
1.564	41.6523	1.4	1000	0.2	30	1000	0.2	0	0
1.565	41.6812	1.4	1000	0.2	30	1000	0.2	0	0
1.566	41.7095	1.4	1000	0.2	30	1000	0.2	0	0
1.567	41.7379	1.4	1000	0.2	30	1000	0.2	0	0
1.568	41.766	1.4	1000	0.2	30	1000	0.2	0	0
1.569	41.794	1.4	1000	0.2	30	1000	0.2	0	0
1.57	41.8227	1.4	1000	0.2	30	1000	0.2	0	0
1.571	41.8518	1.4	1000	0.2	30	1000	0.2	0	0
1.572	41.8816	1.4	1000	0.2	30	1000	0.2	0	0
1.573	41.9125	1.4	1000	0.2	30	1000	0.2	0	0
1.574	41.9434	1.4	1000	0.2	30	1000	0.2	0	0
1.575	41.9748	1.4	1000	0.2	30	1000	0.2	0	0
1.576	42.0068	1.4	1000	0.2	30	1000	0.2	0	0
1.577	42.0387	1.4	1000	0.2	30	1000	0.2	0	0
1.578	42.0709	1.4	1000	0.2	30	1000	0.2	0	0
1.579	42.1025	1.4	1000	0.2	30	1000	0.2	0	0
1.58	42.1334	1.4	1000	0.2	30	1000	0.2	0	0
1.581	42.1641	1.4	1000	0.2	30	1000	0.2	0	0
1.582	42.1945	1.4	1000	0.2	30	1000	0.2	0	0
1.583	42.2252	1.4	1000	0.2	30	1000	0.2	0	0
1.584	42.2565	1.4	1000	0.2	30	1000	0.2	0	0
1.585	42.2878	1.4	1000	0.2	30	1000	0.2	0	0
1.586	42.3196	1.4	1000	0.2	30	1000	0.2	0	0
1.587	42.352	1.4	1000	0.2	30	1000	0.2	0	0
1.588	42.3853	1.4	1000	0.2	30	1000	0.2	0	0
1.589	42.4195	1.4	1000	0.2	30	1000	0.2	0	0
1.59	42.4538	1.4	1000	0.2	30	1000	0.2	0	0
1.591	42.4886	1.4	1000	0.2	30	1000	0.2	0	0
1.592	42.5237	1.4	1000	0.2	30	1000	0.2	0	0
1.593	42.5589	1.4	1000	0.2	30	1000	0.2	0	0
1.594	42.5944	1.4	1000	0.2	30	1000	0.2	0	0
1.595	42.6297	1.4	1000	0.2	30	1000	0.2	0	0
1.596	42.6644	1.4	1000	0.2	30	1000	0.2	0	0
1.597	42.6991	1.4	1000	0.2	30	1000	0.2	0	0
1.598	42.7339	1.4	1000	0.2	30	1000	0.2	0	0
1.599	42.7688	1.4	1000	0.2	30	1000	0.2	0	0
1.6	42.8041	1.4	1000	0.2	30	1000	0.2	0	0
1.601	42.8395	1.4	1000	0.2	30	1000	0.2	0	0
1.602	42.8749	1.4	1000	0.2	30	1000	0.2	0	0
1.603	42.9104	1.4	1000	0.2	30	1000	0.2	0	0
1.604	42.9461	1.4	1000	0.2	30	1000	0.2	0	0
1.605	42.9813	1.4	1000	0.2	30	1000	0.2	0	0
1.606	43.0159	1.4	1000	0.2	30	1000	0.2	0	0
1.607	43.0504	1.4	1000	0.2	30	1000	0.2	0	0
1.608	43.0841	1.4	1000	0.2	30	1000	0.2	0	0
1.609	43.1171	1.4	1000	0.2	30	1000	0.2	0	0
1.61	43.1503	1.4	1000	0.2	30	1000	0.2	0	0
1.611	43.1826	1.4	1000	0.2	30	1000	0.2	0	0
1.612	43.2143	1.4	1000	0.2	30	1000	0.2	0	0
1.613	43.2458	1.4	1000	0.2	30	1000	0.2	0	0
1.614	43.2761	1.4	1000	0.2	30	1000	0.2	0	0
1.615	43.306	1.4	1000	0.2	30	1000	0.2	0	0
1.616	43.3354	1.4	1000	0.2	30	1000	0.2	0	0
1.617	43.3635	1.4	1000	0.2	30	1000	0.2	0	0
1.618	43.3913	1.4	1000	0.2	30	1000	0.2	0	0
1.619	43.4185	1.4	1000	0.2	30	1000	0.2	0	0
1.62	43.4448	1.4	1000	0.2	30	1000	0.2	0	0
1.621	43.4708	1.4	1000	0.2	30	1000	0.2	0	0
1.622	43.4958	1.4	1000	0.2	30	1000	0.2	0	0
1.623	43.5202	1.4	1000	0.2	30	1000	0.2	0	0
1.624	43.5439	1.4	1000	0.2	30	1000	0.2	0	0
1.625	43.5662	1.4	1000	0.2	30	1000	0.2	0	0
1.626	43.5875	1.4	1000	0.2	30	1000	0.2	0	0
1.627	43.6079	1.4	1000	0.2	30	1000	0.2	0	0
1.628	43.6277	1.4	1000	0.2	30	1000	0.2	0	0
1.629	43.6472	1.4	1000	0.2	30	1000	0.2	0	0
1.63	43.666	1.4	1000	0.2	30	1000	0.2	0	0
1.631	43.6836	1.4	1000	0.2	30	1000	0.2	0	0
1.632	43.7001	1.4	1000	0.2	30	1000	0.2	0	0
1.633	43.715	1.4	1000	0.2	30	1000	0.2	0	0
1.634	43.7288	1.4	1000	0.2	30	1000	0.2	0	0
1.635	43.7421	1.4	1000	0.2	30	1000	0.2	0	0
1.636	43.7545	1.4	1000	0.2	30	1000	0.2	0	0
1.637	43.7668	1.4	1000	0.2	30	1000	0.2	0	0
1.638	43.7791	1.4	1000	0.2	30	1000	0.2	0	0
1.639	43.7906	1.4	1000	0.2	30	1000	0.2	0	0
1.64	43.8012	1.4	1000	0.2	30	1000	0.2	0	0
1.641	43.8105	1.4	1000	0.2	30	1000	0.2	0	0
1.642	43.8177	1.4	1000	0.2	30	1000	0.2	0	0
1.643	43.8223	1.4	1000	0.2	30	1000	0.2	0	0
1.644	43.8239	1.4	1000	0.2	30	1000	0.2	0	0
1.645	43.8226	1.4	1000	0.2	30	1000	0.2	0	0
1.646	43.8189	1.4	1000	0.2	30	1000	0.2	0	0
1.647	43.8132	1.4	1000	0.2	30	1000	0.2	0	0
1.648	43.8056	1.4	1000	0.2	30	1000	0.2	0	0
1.649	43.7954	1.4	1000	0.2	30	1000	0.2	0	0
1.65	43.7831	1.4	1000	0.2	30	1000	0.2	0	0
1.651	43.7689	1.4	1000	0.2	30	1000	0.2	0	0
1.652	43.7526	1.4	1000	0.2	30	1000	0.2	0	0
1.653	43.7348	1.4	1000	0.2	30	1000	0.2	0	0
1.654	43.7145	1.4	1000	0.2	30	1000	0.2	0	0
1.655	43.6919	1.4	1000	0.2	30	1000	0.2	0	0
1.656	43.6673	1.4	1000	0.2	30	1000	0.2	0	0
1.657	43.6409	1.4	1000	0.2	30	1000	0.2	0	0
1.658	43.614	1.4	1000	0.2	30	1000	0.2	0	0
1.659	43.5861	1.4	1000	0.2	30	1000	0.2	0	0
1.66	43.5572	1.4	1000	0.2	30	1000	0.2	0	0
1.661	43.5286	1.4	1000	0.2	30	1000	0.2	0	0
1.662	43.5	1.4	1000	0.2	30	1000	0.2	0	0
1.663	43.4722	1.4	1000	0.2	30	1000	0.2	0	0
1.664	43.4451	1.4	1000	0.2	30	1000	0.2	0	0
1.665	43.4175	1.4	1000	0.2	30	1000	0.2	0	0
1.666	43.3904	1.4	1000	0.2	30	1000	0.2	0	0
1.667	43.3645	1.4	1000	0.2	30	1000	0.2	0	0
1.668	43.339	1.4	1000	0.2	30	1000	0.2	0	0
1.669	43.3143	1.4	1000	0.2	30	1000	0.2	0	0
1.67	43.2898	1.4	1000	0.2	30	1000	0.2	0	0
1.671	43.2654	1.4	1000	0.2	30	1000	0.2	0	0
1.672	43.2418	1.4	1000	0.2	30	1000	0.2	0	0
1.673	43.2184	1.4	1000	0.2	30	1000	0.2	0	0
1.674	43.1947	1.4	1000	0.2	30	1000	0.2	0	0
1.675	43.1712	1.4	1000	0.2	30	1000	0.2	0	0
1.676	43.1477	1.4	1000	0.2	30	1000	0.2	0	0
1.677	43.1242	1.4	1000	0.2	30	1000	0.2	0	0
1.678	43.1009	1.4	1000	0.2	30	1000	0.2	0	0
1.679	43.0774	1.4	1000	0.2	30	1000	0.2	0	0
1.68	43.0535	1.4	1000	0.2	30	1000	0.2	0	0
1.681	43.0292	1.4	1000	0.2	30	1000	0.2	0	0
1.682	43.0038	1.4	1000	0.2	30	1000	0.2	0	0
1.683	42.9768	1.4	1000	0.2	30	1000	0.2	0	0
1.684	42.9484	1.4	1000	0.2	30	1000	0.2	0	0
1.685	42.9185	1.4	1000	0.2	30	1000	0.2	0	0
1.686	42.8873	1.4	1000	0.2	30	1000	0.2	0	0
1.687	42.8553	1.4	1000	0.2	30	1000	0.2	0	0
1.688	42.8219	1.4	1000	0.2	30	1000	0.2	0	0
1.689	42.7878	1.4	1000	0.2	30	1000	0.2	0	0
1.69	42.7538	1.4	1000	0.2	30	1000	0.2	0	0
1.691	42.7204	1.4	1000	0.2	30	1000	0.2	0	0
1.692	42.6882	1.4	1000	0.2	30	1000	0.2	0	0
1.693	42.6567	1.4	1000	0.2	30	1000	0.2	0	0
1.694	42.6257	1.4	1000	0.2	30	1000	0.2	0	0
1.695	42.596	1.4	1000	0.2	30	1000	0.2	0	0
1.696	42.5667	1.4	1000	0.2	30	1000	0.2	0	0
1.697	42.5375	1.4	1000	0.2	30	1000	0.2	0	0
1.698	42.5075	1.4	1000	0.2	30	1000	0.2	0	0
1.699	42.4758	1.4	1000	0.2	30	1000	0.2	0	0
1.7	42.4428	1.4	1000	0.2	30	1000	0.2	0	0
1.701	42.4083	1.4	1000	0.2	30	1000	0.2	0	0
1.702	42.3729	1.4	1000	0.2	30	1000	0.2	0	0
1.703	42.3374	1.4	1000	0.2	30	1000	0.2	0	0
1.704	42.3012	1.4	1000	0.2	30	1000	0.2	0	0
1.705	42.265	1.4	1000	0.2	30	1000	0.2	0	0
1.706	42.2288	1.4	1000	0.2	30	1000	0.2	0	0
1.707	42.1916	1.4	1000	0.2	30	1000	0.2	0	0
1.708	42.1536	1.4	1000	0.2	30	1000	0.2	0	0
1.709	42.1136	1.4	1000	0.2	30	1000	0.2	0	0
1.71	42.0715	1.4	1000	0.2	30	1000	0.2	0	0
1.711	42.0279	1.4	1000	0.2	30	1000	0.2	0	0
1.712	41.9826	1.4	1000	0.2	30	1000	0.2	0	0
1.713	41.9371	1.4	1000	0.2	30	1000	0.2	0	0
1.714	41.8924	1.4	1000	0.2	30	1000	0.2	0	0
1.715	41.8484	1.4	1000	0.2	30	1000	0.2	0	0
1.716	41.8063	1.4	1000	0.2	30	1000	0.2	0	0
1.717	41.7655	1.4	1000	0.2	30	1000	0.2	0	0
1.718	41.726	1.4	1000	0.2	30	1000	0.2	0	0
1.719	41.688	1.4	1000	0.2	30	1000	0.2	0	0
1.72	41.6505	1.4	1000	0.2	30	1000	0.2	0	0
1.721	41.6146	1.4	1000	0.2	30	1000	0.2	0	0
1.722	41.5807	1.4	1000	0.2	30	1000	0.2	0	0
1.723	41.549	1.4	1000	0.2	30	1000	0.2	0	0
1.724	41.5206	1.4	1000	0.2	30	1000	0.2	0	0
1.725	41.495	1.4	1000	0.2	30	1000	0.2	0	0
1.726	41.4731	1.4	1000	0.2	30	1000	0.2	0	0
1.727	41.4553	1.4	1000	0.2	30	1000	0.2	0	0
1.728	41.4418	1.4	1000	0.2	30	1000	0.2	0	0
1.729	41.4338	1.4	1000	0.2	30	1000	0.2	0	0
1.73	41.4311	1.4	1000	0.2	30	1000	0.2	0	0
1.731	41.4346	1.4	1000	0.2	30	1000	0.2	0	0
1.732	41.4436	1.4	1000	0.2	30	1000	0.2	0	0
1.733	41.4575	1.4	1000	0.2	30	1000	0.2	0	0
1.734	41.4753	1.4	1000	0.2	30	1000	0.2	0	0
1.735	41.4949	1.4	1000	0.2	30	1000	0.2	0	0
1.736	41.515	1.4	1000	0.2	30	1000	0.2	0	0
1.737	41.5351	1.4	1000	0.2	30	1000	0.2	0	0
1.738	41.5532	1.4	1000	0.2	30	1000	0.2	0	0
1.739	41.5703	1.4	1000	0.2	30	1000	0.2	0	0
1.74	41.5851	1.4	1000	0.2	30	1000	0.2	0	0
1.741	41.5976	1.4	1000	0.2	30	1000	0.2	0	0
1.742	41.609	1.4	1000	0.2	30	1000	0.2	0	0
1.743	41.6178	1.4	1000	0.2	30	1000	0.2	0	0
1.744	41.624	1.4	1000	0.2	30	1000	0.2	0	0
1.745	41.6278	1.4	1000	0.2	30	1000	0.2	0	0
1.746	41.6283	1.4	1000	0.2	30	1000	0.2	0	0
1.747	41.6271	1.4	1000	0.2	30	1000	0.2	0	0
1.748	41.6249	1.4	1000	0.2	30	1000	0.2	0	0
1.749	41.6209	1.4	1000	0.2	30	1000	0.2	0	0
1.75	41.6162	1.4	1000	0.2	30	1000	0.2	0	0
1.751	41.6102	1.4	1000	0.2	30	1000	0.2	0	0
1.752	41.6045	1.4	1000	0.2	30	1000	0.2	0	0
1.753	41.6	1.4	1000	0.2	30	1000	0.2	0	0
1.754	41.5957	1.4	1000	0.2	30	1000	0.2	0	0
1.755	41.5919	1.4	1000	0.2	30	1000	0.2	0	0
1.756	41.5884	1.4	1000	0.2	30	1000	0.2	0	0
1.757	41.5861	1.4	1000	0.2	30	1000	0.2	0	0
1.758	41.5864	1.4	1000	0.2	30	1000	0.2	0	0
1.759	41.5884	1.4	1000	0.2	30	1000	0.2	0	0
1.76	41.5922	1.4	1000	0.2	30	1000	0.2	0	0
1.761	41.5974	1.4	1000	0.2	30	1000	0.2	0	0
1.762	41.6041	1.4	1000	0.2	30	1000	0.2	0	0
1.763	41.613	1.4	1000	0.2	30	1000	0.2	0	0
1.764	41.6235	1.4	1000	0.2	30	1000	0.2	0	0
1.765	41.635	1.4	1000	0.2	30	1000	0.2	0	0
1.766	41.647	1.4	1000	0.2	30	1000	0.2	0	0
1.767	41.6596	1.4	1000	0.2	30	1000	0.2	0	0
1.768	41.6743	1.4	1000	0.2	30	1000	0.2	0	0
1.769	41.6897	1.4	1000	0.2	30	1000	0.2	0	0
1.77	41.7056	1.4	1000	0.2	30	1000	0.2	0	0
1.771	41.7215	1.4	1000	0.2	30	1000	0.2	0	0
1.772	41.7369	1.4	1000	0.2	30	1000	0.2	0	0
1.773	41.7512	1.4	1000	0.2	30	1000	0.2	0	0
1.774	41.7627	1.4	1000	0.2	30	1000	0.2	0	0
1.775	41.7727	1.4	1000	0.2	30	1000	0.2	0	0
1.776	41.7821	1.4	1000	0.2	30	1000	0.2	0	0
1.777	41.7912	1.4	1000	0.2	30	1000	0.2	0	0
1.778	41.8023	1.4	1000	0.2	30	1000	0.2	0	0
1.779	41.8137	1.4	1000	0.2	30	1000	0.2	0	0
1.78	41.8251	1.4	1000	0.2	30	1000	0.2	0	0
1.781	41.8373	1.4	1000	0.2	30	1000	0.2	0	0
1.782	41.8475	1.4	1000	0.2	30	1000	0.2	0	0
1.783	41.8556	1.4	1000	0.2	30	1000	0.2	0	0
1.784	41.8609	1.4	1000	0.2	30	1000	0.2	0	0
1.785	41.8627	1.4	1000	0.2	30	1000	0.2	0	0
1.786	41.8647	1.4	1000	0.2	30	1000	0.2	0	0
1.787	41.8667	1.4	1000	0.2	30	1000	0.2	0	0
1.788	41.868	1.4	1000	0.2	30	1000	0.2	0	0
1.789	41.8683	1.4	1000	0.2	30	1000	0.2	0	0
1.79	41.865	1.4	1000	0.2	30	1000	0.2	0	0
1.791	41.8614	1.4	1000	0.2	30	1000	0.2	0	0
1.792	41.8558	1.4	1000	0.2	30	1000	0.2	0	0
1.793	41.8475	1.4	1000	0.2	30	1000	0.2	0	0
1.794	41.8389	1.4	1000	0.2	30	1000	0.2	0	0
1.795	41.825	1.4	1000	0.2	30	1000	0.2	0	0
1.796	41.8075	1.4	1000	0.2	30	1000	0.2	0	0
1.797	41.7787	1.4	1000	0.2	30	1000	0.2	0	0
1.798	41.7513	1.4	1000	0.2	30	1000	0.2	0	0
1.799	41.7107	1.4	1000	0.2	30	1000	0.2	0	0
1.8	41.6557	1.4	1000	0.2	30	1000	0.2	0	0
1.801	41.585	1.4	1000	0.2	30	1000	0.2	0	0
1.802	41.5051	1.4	1000	0.2	30	1000	0.2	0	0
1.803	41.4157	1.4	1000	0.2	30	1000	0.2	0	0
1.804	41.3263	1.4	1000	0.2	30	1000	0.2	0	0
1.805	41.222	1.4	1000	0.2	30	1000	0.2	0	0
1.806	41.1177	1.4	1000	0.2	30	1000	0.2	0	0
1.807	41.0134	1.4	1000	0.2	30	1000	0.2	0	0
1.808	40.9091	1.4	1000	0.2	30	1000	0.2	0	0
1.809	40.8048	1.4	1000	0.2	30	1000	0.2	0	0
1.81	40.7005	1.4	1000	0.2	30	1000	0.2	0	0
1.811	40.5962	1.4	1000	0.2	30	1000	0.2	0	0
1.812	40.4919	1.4	1000	0.2	30	1000	0.2	0	0
1.813	40.3875	1.4	1000	0.2	30	1000	0.2	0	0
1.814	40.2832	1.4	1000	0.2	30	1000	0.2	0	0
1.815	40.1789	1.4	1000	0.2	30	1000	0.2	0	0
1.816	40.0746	1.4	1000	0.2	30	1000	0.2	0	0
1.817	39.9703	1.4	1000	0.2	30	1000	0.2	0	0
1.818	39.866	1.4	1000	0.2	30	1000	0.2	0	0
1.819	39.7617	1.4	1000	0.2	30	1000	0.2	0	0
1.82	39.6574	1.4	1000	0.2	30	1000	0.2	0	0
1.821	39.5531	1.4	1000	0.2	30	1000	0.2	0	0
1.822	39.4488	1.4	1000	0.2	30	1000	0.2	0	0
1.823	39.3445	1.4	1000	0.2	30	1000	0.2	0	0
1.824	39.2402	1.4	1000	0.2	30	1000	0.2	0	0
1.825	39.1358	1.4	1000	0.2	30	1000	0.2	0	0
1.826	39.0315	1.4	1000	0.2	30	1000	0.2	0	0
1.827	38.9272	1.4	1000	0.2	30	1000	0.2	0	0
1.828	38.8229	1.4	1000	0.2	30	1000	0.2	0	0
1.829	38.7186	1.4	1000	0.2	30	1000	0.2	0	0
1.83	38.6143	1.4	1000	0.2	30	1000	0.2	0	0
1.831	38.51	1.4	1000	0.2	30	1000	0.2	0	0
1.832	38.4057	1.4	1000	0.2	30	1000	0.2	0	0
1.833	38.3014	1.4	1000	0.2	30	1000	0.2	0	0
1.834	38.1971	1.4	1000	0.2	30	1000	0.2	0	0
1.835	38.0928	1.4	1000	0.2	30	1000	0.2	0	0
1.836	37.9885	1.4	1000	0.2	30	1000	0.2	0	0
1.837	37.8841	1.4	1000	0.2	30	1000	0.2	0	0
1.838	37.7798	1.4	1000	0.2	30	1000	0.2	0	0
1.839	37.6755	1.4	1000	0.2	30	1000	0.2	0	0
1.84	37.5712	1.4	1000	0.2	30	1000	0.2	0	0
1.841	37.4669	1.4	1000	0.2	30	1000	0.2	0	0
1.842	37.3626	1.4	1000	0.2	30	1000	0.2	0	0
1.843	37.2583	1.4	1000	0.2	30	1000	0.2	0	0
1.844	37.154	1.4	1000	0.2	30	1000	0.2	0	0
1.845	37.0497	1.4	1000	0.2	30	1000	0.2	0	0
1.846	36.9454	1.4	1000	0.2	30	1000	0.2	0	0
1.847	36.8411	1.4	1000	0.2	30	1000	0.2	0	0
1.848	36.7368	1.4	1000	0.2	30	1000	0.2	0	0
1.849	36.6324	1.4	1000	0.2	30	1000	0.2	0	0
1.85	36.5281	1.4	1000	0.2	30	1000	0.2	0	0
1.851	36.4238	1.4	1000	0.2	30	1000	0.2	0	0
1.852	36.3195	1.4	1000	0.2	30	1000	0.2	0	0
1.853	36.2152	1.4	1000	0.2	30	1000	0.2	0	0
1.854	36.1109	1.4	1000	0.2	30	1000	0.2	0	0
1.855	36.0066	1.4	1000	0.2	30	1000	0.2	0	0
1.856	35.9023	1.4	1000	0.2	30	1000	0.2	0	0
1.857	35.798	1.4	1000	0.2	30	1000	0.2	0	0
1.858	35.6937	1.4	1000	0.2	30	1000	0.2	0	0
1.859	35.5894	1.4	1000	0.2	30	1000	0.2	0	0
1.86	35.4851	1.4	1000	0.2	30	1000	0.2	0	0
1.861	35.3807	1.4	1000	0.2	30	1000	0.2	0	0
1.862	35.2764	1.4	1000	0.2	30	1000	0.2	0	0
1.863	35.1721	1.4	1000	0.2	30	1000	0.2	0	0
1.864	35.0678	1.4	1000	0.2	30	1000	0.2	0	0
1.865	34.9635	1.4	1000	0.2	30	1000	0.2	0	0
1.866	34.8592	1.4	1000	0.2	30	1000	0.2	0	0
1.867	34.7549	1.4	1000	0.2	30	1000	0.2	0	0
1.868	34.6506	1.4	1000	0.2	30	1000	0.2	0	0
1.869	34.5463	1.4	1000	0.2	30	1000	0.2	0	0
1.87	34.442	1.4	1000	0.2	30	1000	0.2	0	0
1.871	34.3377	1.4	1000	0.2	30	1000	0.2	0	0
1.872	34.2334	1.4	1000	0.2	30	1000	0.2	0	0
1.873	34.1291	1.4	1000	0.2	30	1000	0.2	0	0
1.874	34.0247	1.4	1000	0.2	30	1000	0.2	0	0
1.875	33.9204	1.4	1000	0.2	30	1000	0.2	0	0
1.876	33.8161	1.4	1000	0.2	30	1000	0.2	0	0
1.877	33.7118	1.4	1000	0.2	30	1000	0.2	0	0
1.878	33.6075	1.4	1000	0.2	30	1000	0.2	0	0
1.879	33.5032	1.4	1000	0.2	30	1000	0.2	0	0
1.88	33.3989	1.4	1000	0.2	30	1000	0.2	0	0
1.881	33.2946	1.4	1000	0.2	30	1000	0.2	0	0
1.882	33.1903	1.4	1000	0.2	30	1000	0.2	0	0
1.883	33.086	1.4	1000	0.2	30	1000	0.2	0	0
1.884	32.9817	1.4	1000	0.2	30	1000	0.2	0	0
1.885	32.8773	1.4	1000	0.2	30	1000	0.2	0	0
1.886	32.773	1.4	1000	0.2	30	1000	0.2	0	0
1.887	32.6687	1.4	1000	0.2	30	1000	0.2	0	0
1.888	32.5644	1.4	1000	0.2	30	1000	0.2	0	0
1.889	32.4601	1.4	1000	0.2	30	1000	0.2	0	0
1.89	32.3558	1.4	1000	0.2	30	1000	0.2	0	0
1.891	32.2515	1.4	1000	0.2	30	1000	0.2	0	0
1.892	32.1472	1.4	1000	0.2	30	1000	0.2	0	0
1.893	32.0429	1.4	1000	0.2	30	1000	0.2	0	0
1.894	31.9386	1.4	1000	0.2	30	1000	0.2	0	0
1.895	31.8343	1.4	1000	0.2	30	1000	0.2	0	0
1.896	31.73	1.4	1000	0.2	30	1000	0.2	0	0
1.897	31.6256	1.4	1000	0.2	30	1000	0.2	0	0
1.898	31.5213	1.4	1000	0.2	30	1000	0.2	0	0
1.899	31.417	1.4	1000	0.2	30	1000	0.2	0	0
1.9	31.3127	1.4	1000	0.2	30	1000	0.2	0	0
1.901	31.2084	1.4	1000	0.2	30	1000	0.2	0	0
1.902	31.1041	1.4	1000	0.2	30	1000	0.2	0	0
1.903	30.9998	1.4	1000	0.2	30	1000	0.2	0	0
1.904	30.8955	1.4	1000	0.2	30	1000	0.2	0	0
1.905	30.7912	1.4	1000	0.2	30	1000	0.2	0	0
1.906	30.6869	1.4	1000	0.2	30	1000	0.2	0	0
1.907	30.5826	1.4	1000	0.2	30	1000	0.2	0	0
1.908	30.4783	1.4	1000	0.2	30	1000	0.2	0	0
1.909	30.374	1.4	1000	0.2	30	1000	0.2	0	0
1.91	30.2696	1.4	1000	0.2	30	1000	0.2	0	0
1.911	30.1653	1.4	1000	0.2	30	1000	0.2	0	0
1.912	30.061	1.4	1000	0.2	30	1000	0.2	0	0
1.913	29.9567	1.4	1000	0.2	30	1000	0.2	0	0
1.914	29.8524	1.4	1000	0.2	30	1000	0.2	0	0
1.915	29.7481	1.4	1000	0.2	30	1000	0.2	0	0
1.916	29.6438	1.4	1000	0.2	30	1000	0.2	0	0
1.917	29.5395	1.4	1000	0.2	30	1000	0.2	0	0
1.918	29.4352	1.4	1000	0.2	30	1000	0.2	0	0
1.919	29.3309	1.4	1000	0.2	30	1000	0.2	0	0
1.92	29.2266	1.4	1000	0.2	30	1000	0.2	0	0
1.921	29.1223	1.4	1000	0.2	30	1000	0.2	0	0
1.922	29.0179	1.4	1000	0.2	30	1000	0.2	0	0
1.923	28.9136	1.4	1000	0.2	30	1000	0.2	0	0
1.924	28.8093	1.4	1000	0.2	30	1000	0.2	0	0
1.925	28.705	1.4	1000	0.2	30	1000	0.2	0	0
1.926	28.6007	1.4	1000	0.2	30	1000	0.2	0	0
1.927	28.4964	1.4	1000	0.2	30	1000	0.2	0	0
1.928	28.3921	1.4	1000	0.2	30	1000	0.2	0	0
1.929	28.2878	1.4	1000	0.2	30	1000	0.2	0	0
1.93	28.1835	1.4	1000	0.2	30	1000	0.2	0	0
1.931	28.0792	1.4	1000	0.2	30	1000	0.2	0	0
1.932	27.9749	1.4	1000	0.2	30	1000	0.2	0	0
1.933	27.8706	1.4	1000	0.2	30	1000	0.2	0	0
1.934	27.7662	1.4	1000	0.2	30	1000	0.2	0	0
1.935	27.6619	1.4	1000	0.2	30	1000	0.2	0	0
1.936	27.5576	1.4	1000	0.2	30	1000	0.2	0	0
1.937	27.4533	1.4	1000	0.2	30	1000	0.2	0	0
1.938	27.349	1.4	1000	0.2	30	1000	0.2	0	0
1.939	27.2447	1.4	1000	0.2	30	1000	0.2	0	0
1.94	27.1404	1.4	1000	0.2	30	1000	0.2	0	0
1.941	27.0361	1.4	1000	0.2	30	1000	0.2	0	0
1.942	26.9318	1.4	1000	0.2	30	1000	0.2	0	0
1.943	26.8275	1.4	1000	0.2	30	1000	0.2	0	0
1.944	26.7232	1.4	1000	0.2	30	1000	0.2	0	0
1.945	26.6189	1.4	1000	0.2	30	1000	0.2	0	0
1.946	26.5145	1.4	1000	0.2	30	1000	0.2	0	0
1.947	26.414	1.4	1000	0.2	30	1000	0.2	0	0
1.948	26.317	1.4	1000	0.2	30	1000	0.2	0	0
1.949	26.2511	1.4	1000	0.2	30	1000	0.2	0	0
1.95	26.2261	1.4	1000	0.2	30	1000	0.2	0	0
1.951	26.2317	1.4	1000	0.2	30	1000	0.2	0	0
1.952	26.2719	1.4	1000	0.2	30	1000	0.2	0	0
1.953	26.3805	1.4	1000	0.2	30	1000	0.2	0	0
1.954	26.5354	1.4	1000	0.2	30	1000	0.2	0	0
1.955	26.718	1.4	1000	0.2	30	1000	0.2	0	0
1.956	26.9167	1.4	1000	0.2	30	1000	0.2	0	0
1.957	27.1299	1.4	1000	0.2	30	1000	0.2	0	0
1.958	27.3512	1.4	1000	0.2	30	1000	0.2	0	0
1.959	27.5671	1.4	1000	0.2	30	1000	0.2	0	0
1.96	27.7499	1.4	1000	0.2	30	1000	0.2	0	0
1.961	27.919	1.4	1000	0.2	30	1000	0.2	0	0
1.962	28.0833	1.4	1000	0.2	30	1000	0.2	0	0
1.963	28.2279	1.4	1000	0.2	30	1000	0.2	0	0
1.964	28.3458	1.4	1000	0.2	30	1000	0.2	0	0
1.965	28.4544	1.4	1000	0.2	30	1000	0.2	0	0
1.966	28.5606	1.4	1000	0.2	30	1000	0.2	0	0
1.967	28.6607	1.4	1000	0.2	30	1000	0.2	0	0
1.968	28.7582	1.4	1000	0.2	30	1000	0.2	0	0
1.969	28.8594	1.4	1000	0.2	30	1000	0.2	0	0
1.97	28.963	1.4	1000	0.2	30	1000	0.2	0	0
1.971	29.0664	1.4	1000	0.2	30	1000	0.2	0	0
1.972	29.1672	1.4	1000	0.2	30	1000	0.2	0	0
1.973	29.2705	1.4	1000	0.2	30	1000	0.2	0	0
1.974	29.375	1.4	1000	0.2	30	1000	0.2	0	0
1.975	29.4747	1.4	1000	0.2	30	1000	0.2	0	0
1.976	29.574	1.4	1000	0.2	30	1000	0.2	0	0
1.977	29.6771	1.4	1000	0.2	30	1000	0.2	0	0
1.978	29.7807	1.4	1000	0.2	30	1000	0.2	0	0
1.979	29.8843	1.4	1000	0.2	30	1000	0.2	0	0
1.98	29.9865	1.4	1000	0.2	30	1000	0.2	0	0
1.981	30.0857	1.4	1000	0.2	30	1000	0.2	0	0
1.982	30.1835	1.4	1000	0.2	30	1000	0.2	0	0
1.983	30.2802	1.4	1000	0.2	30	1000	0.2	0	0
1.984	30.3706	1.4	1000	0.2	30	1000	0.2	0	0
1.985	30.4598	1.4	1000	0.2	30	1000	0.2	0	0
1.986	30.548	1.4	1000	0.2	30	1000	0.2	0	0
1.987	30.6332	1.4	1000	0.2	30	1000	0.2	0	0
1.988	30.7155	1.4	1000	0.2	30	1000	0.2	0	0
1.989	30.7948	1.4	1000	0.2	30	1000	0.2	0	0
1.99	30.8692	1.4	1000	0.2	30	1000	0.2	0	0
1.991	30.9398	1.4	1000	0.2	30	1000	0.2	0	0
1.992	31.008	1.4	1000	0.2	30	1000	0.2	0	0
1.993	31.0726	1.4	1000	0.2	30	1000	0.2	0	0
1.994	31.1294	1.4	1000	0.2	30	1000	0.2	0	0
1.995	31.1829	1.4	1000	0.2	30	1000	0.2	0	0
1.996	31.2328	1.4	1000	0.2	30	1000	0.2	0	0
1.997	31.2806	1.4	1000	0.2	30	1000	0.2	0	0
1.998	31.3307	1.4	1000	0.2	30	1000	0.2	0	0
1.999	31.3822	1.4	1000	0.2	30	1000	0.2	0	0
2	31.4384	1.4	1000	0.2	30	1000	0.2	0	0
2.001	31.5017	1.4	1000	0.2	30	1000	0.2	0	0
2.002	31.5728	1.4	1000	0.2	30	1000	0.2	0	0
2.003	31.6538	1.4	1000	0.2	30	1000	0.2	0	0
2.004	31.7418	1.4	1000	0.2	30	1000	0.2	0	0
2.005	31.8299	1.4	1000	0.2	30	1000	0.2	0	0
2.006	31.9196	1.4	1000	0.2	30	1000	0.2	0	0
2.007	32.0095	1.4	1000	0.2	30	1000	0.2	0	0
2.008	32.102	1.4	1000	0.2	30	1000	0.2	0	0
2.009	32.1953	1.4	1000	0.2	30	1000	0.2	0	0
2.01	32.2835	1.4	1000	0.2	30	1000	0.2	0	0
2.011	32.3591	1.4	1000	0.2	30	1000	0.2	0	0
2.012	32.4326	1.4	1000	0.2	30	1000	0.2	0	0
2.013	32.5025	1.4	1000	0.2	30	1000	0.2	0	0
2.014	32.5711	1.4	1000	0.2	30	1000	0.2	0	0
2.015	32.6354	1.4	1000	0.2	30	1000	0.2	0	0
2.016	32.6913	1.4	1000	0.2	30	1000	0.2	0	0
2.017	32.7457	1.4	1000	0.2	30	1000	0.2	0	0
2.018	32.8078	1.4	1000	0.2	30	1000	0.2	0	0
2.019	32.8665	1.4	1000	0.2	30	1000	0.2	0	0
2.02	32.9218	1.4	1000	0.2	30	1000	0.2	0	0
2.021	32.9702	1.4	1000	0.2	30	1000	0.2	0	0
2.022	33.0088	1.4	1000	0.2	30	1000	0.2	0	0
2.023	33.0427	1.4	1000	0.2	30	1000	0.2	0	0
2.024	33.0721	1.4	1000	0.2	30	1000	0.2	0	0
2.025	33.0971	1.4	1000	0.2	30	1000	0.2	0	0
2.026	33.1186	1.4	1000	0.2	30	1000	0.2	0	0
2.027	33.1353	1.4	1000	0.2	30	1000	0.2	0	0
2.028	33.1477	1.4	1000	0.2	30	1000	0.2	0	0
2.029	33.1585	1.4	1000	0.2	30	1000	0.2	0	0
2.03	33.166	1.4	1000	0.2	30	1000	0.2	0	0
2.031	33.1687	1.4	1000	0.2	30	1000	0.2	0	0
2.032	33.1644	1.4	1000	0.2	30	1000	0.2	0	0
2.033	33.1553	1.4	1000	0.2	30	1000	0.2	0	0
2.034	33.1418	1.4	1000	0.2	30	1000	0.2	0	0
2.035	33.1254	1.4	1000	0.2	30	1000	0.2	0	0
2.036	33.1098	1.4	1000	0.2	30	1000	0.2	0	0
2.037	33.094	1.4	1000	0.2	30	1000	0.2	0	0
2.038	33.0751	1.4	1000	0.2	30	1000	0.2	0	0
2.039	33.0556	1.4	1000	0.2	30	1000	0.2	0	0
2.04	33.0357	1.4	1000	0.2	30	1000	0.2	0	0
2.041	33.015	1.4	1000	0.2	30	1000	0.2	0	0
2.042	32.9945	1.4	1000	0.2	30	1000	0.2	0	0
2.043	32.9742	1.4	1000	0.2	30	1000	0.2	0	0
2.044	32.9531	1.4	1000	0.2	30	1000	0.2	0	0
2.045	32.9313	1.4	1000	0.2	30	1000	0.2	0	0
2.046	32.9079	1.4	1000	0.2	30	1000	0.2	0	0
2.047	32.8838	1.4	1000	0.2	30	1000	0.2	0	0
2.048	32.8563	1.4	1000	0.2	30	1000	0.2	0	0
2.049	32.8271	1.4	1000	0.2	30	1000	0.2	0	0
2.05	32.7975	1.4	1000	0.2	30	1000	0.2	0	0
2.051	32.7673	1.4	1000	0.2	30	1000	0.2	0	0
2.052	32.7382	1.4	1000	0.2	30	1000	0.2	0	0
2.053	32.7118	1.4	1000	0.2	30	1000	0.2	0	0
2.054	32.6877	1.4	1000	0.2	30	1000	0.2	0	0
2.055	32.6676	1.4	1000	0.2	30	1000	0.2	0	0
2.056	32.6526	1.4	1000	0.2	30	1000	0.2	0	0
2.057	32.6443	1.4	1000	0.2	30	1000	0.2	0	0
2.058	32.639	1.4	1000	0.2	30	1000	0.2	0	0
2.059	32.6372	1.4	1000	0.2	30	1000	0.2	0	0
2.06	32.6358	1.4	1000	0.2	30	1000	0.2	0	0
2.061	32.6283	1.4	1000	0.2	30	1000	0.2	0	0
2.062	32.6223	1.4	1000	0.2	30	1000	0.2	0	0
2.063	32.6201	1.4	1000	0.2	30	1000	0.2	0	0
2.064	32.6151	1.4	1000	0.2	30	1000	0.2	0	0
2.065	32.6123	1.4	1000	0.2	30	1000	0.2	0	0
2.066	32.6105	1.4	1000	0.2	30	1000	0.2	0	0
2.067	32.6112	1.4	1000	0.2	30	1000	0.2	0	0
2.068	32.618	1.4	1000	0.2	30	1000	0.2	0	0
2.069	32.6268	1.4	1000	0.2	30	1000	0.2	0	0
2.07	32.6346	1.4	1000	0.2	30	1000	0.2	0	0
2.071	32.642	1.4	1000	0.2	30	1000	0.2	0	0
2.072	32.6461	1.4	1000	0.2	30	1000	0.2	0	0
2.073	32.6479	1.4	1000	0.2	30	1000	0.2	0	0
2.074	32.6465	1.4	1000	0.2	30	1000	0.2	0	0
2.075	32.6466	1.4	1000	0.2	30	1000	0.2	0	0
2.076	32.6472	1.4	1000	0.2	30	1000	0.2	0	0
2.077	32.6448	1.4	1000	0.2	30	1000	0.2	0	0
2.078	32.6427	1.4	1000	0.2	30	1000	0.2	0	0
2.079	32.6422	1.4	1000	0.2	30	1000	0.2	0	0
2.08	32.6425	1.4	1000	0.2	30	1000	0.2	0	0
2.081	32.6441	1.4	1000	0.2	30	1000	0.2	0	0
2.082	32.6469	1.4	1000	0.2	30	1000	0.2	0	0
2.083	32.6511	1.4	1000	0.2	30	1000	0.2	0	0
2.084	32.6555	1.4	1000	0.2	30	1000	0.2	0	0
2.085	32.6599	1.4	1000	0.2	30	1000	0.2	0	0
2.086	32.6638	1.4	1000	0.2	30	1000	0.2	0	0
2.087	32.6651	1.4	1000	0.2	30	1000	0.2	0	0
2.088	32.6672	1.4	1000	0.2	30	1000	0.2	0	0
2.089	32.6698	1.4	1000	0.2	30	1000	0.2	0	0
2.09	32.6707	1.4	1000	0.2	30	1000	0.2	0	0
2.091	32.6732	1.4	1000	0.2	30	1000	0.2	0	0
2.092	32.6757	1.4	1000	0.2	30	1000	0.2	0	0
2.093	32.6769	1.4	1000	0.2	30	1000	0.2	0	0
2.094	32.6802	1.4	1000	0.2	30	1000	0.2	0	0
2.095	32.6817	1.4	1000	0.2	30	1000	0.2	0	0
2.096	32.6818	1.4	1000	0.2	30	1000	0.2	0	0
2.097	32.6822	1.4	1000	0.2	30	1000	0.2	0	0
2.098	32.6835	1.4	1000	0.2	30	1000	0.2	0	0
2.099	32.6851	1.4	1000	0.2	30	1000	0.2	0	0
2.1	32.6889	1.4	1000	0.2	30	1000	0.2	0	0
2.101	32.6942	1.4	1000	0.2	30	1000	0.2	0	0
2.102	32.7014	1.4	1000	0.2	30	1000	0.2	0	0
2.103	32.7095	1.4	1000	0.2	30	1000	0.2	0	0
2.104	32.7191	1.4	1000	0.2	30	1000	0.2	0	0
2.105	32.7273	1.4	1000	0.2	30	1000	0.2	0	0
2.106	32.7367	1.4	1000	0.2	30	1000	0.2	0	0
2.107	32.7454	1.4	1000	0.2	30	1000	0.2	0	0
2.108	32.7505	1.4	1000	0.2	30	1000	0.2	0	0
2.109	32.756	1.4	1000	0.2	30	1000	0.2	0	0
2.11	32.7614	1.4	1000	0.2	30	1000	0.2	0	0
2.111	32.7649	1.4	1000	0.2	30	1000	0.2	0	0
2.112	32.7686	1.4	1000	0.2	30	1000	0.2	0	0
2.113	32.7727	1.4	1000	0.2	30	1000	0.2	0	0
2.114	32.7785	1.4	1000	0.2	30	1000	0.2	0	0
2.115	32.7868	1.4	1000	0.2	30	1000	0.2	0	0
2.116	32.797	1.4	1000	0.2	30	1000	0.2	0	0
2.117	32.8109	1.4	1000	0.2	30	1000	0.2	0	0
2.118	32.8269	1.4	1000	0.2	30	1000	0.2	0	0
2.119	32.8434	1.4	1000	0.2	30	1000	0.2	0	0
2.12	32.8592	1.4	1000	0.2	30	1000	0.2	0	0
2.121	32.8735	1.4	1000	0.2	30	1000	0.2	0	0
2.122	32.8893	1.4	1000	0.2	30	1000	0.2	0	0
2.123	32.9059	1.4	1000	0.2	30	1000	0.2	0	0
2.124	32.9187	1.4	1000	0.2	30	1000	0.2	0	0
2.125	32.9285	1.4	1000	0.2	30	1000	0.2	0	0
2.126	32.9372	1.4	1000	0.2	30	1000	0.2	0	0
2.127	32.9458	1.4	1000	0.2	30	1000	0.2	0	0
2.128	32.9541	1.4	1000	0.2	30	1000	0.2	0	0
2.129	32.9608	1.4	1000	0.2	30	1000	0.2	0	0
2.13	32.9651	1.4	1000	0.2	30	1000	0.2	0	0
2.131	32.9673	1.4	1000	0.2	30	1000	0.2	0	0
2.132	32.9656	1.4	1000	0.2	30	1000	0.2	0	0
2.133	32.9624	1.4	1000	0.2	30	1000	0.2	0	0
2.134	32.9594	1.4	1000	0.2	30	1000	0.2	0	0
2.135	32.9565	1.4	1000	0.2	30	1000	0.2	0	0
2.136	32.9542	1.4	1000	0.2	30	1000	0.2	0	0
2.137	32.9519	1.4	1000	0.2	30	1000	0.2	0	0
2.138	32.9505	1.4	1000	0.2	30	1000	0.2	0	0
2.139	32.9538	1.4	1000	0.2	30	1000	0.2	0	0
2.14	32.9578	1.4	1000	0.2	30	1000	0.2	0	0
2.141	32.9607	1.4	1000	0.2	30	1000	0.2	0	0
2.142	32.964	1.4	1000	0.2	30	1000	0.2	0	0
2.143	32.967	1.4	1000	0.2	30	1000	0.2	0	0
2.144	32.9703	1.4	1000	0.2	30	1000	0.2	0	0
2.145	32.9741	1.4	1000	0.2	30	1000	0.2	0	0
2.146	32.9766	1.4	1000	0.2	30	1000	0.2	0	0
2.147	32.9777	1.4	1000	0.2	30	1000	0.2	0	0
2.148	32.9795	1.4	1000	0.2	30	1000	0.2	0	0
2.149	32.9834	1.4	1000	0.2	30	1000	0.2	0	0
2.15	32.9894	1.4	1000	0.2	30	1000	0.2	0	0
2.151	32.9998	1.4	1000	0.2	30	1000	0.2	0	0
2.152	33.011	1.4	1000	0.2	30	1000	0.2	0	0
2.153	33.0215	1.4	1000	0.2	30	1000	0.2	0	0
2.154	33.0335	1.4	1000	0.2	30	1000	0.2	0	0
2.155	33.044	1.4	1000	0.2	30	1000	0.2	0	0
2.156	33.0516	1.4	1000	0.2	30	1000	0.2	0	0
2.157	33.0574	1.4	1000	0.2	30	1000	0.2	0	0
2.158	33.0588	1.4	1000	0.2	30	1000	0.2	0	0
2.159	33.0599	1.4	1000	0.2	30	1000	0.2	0	0
2.16	33.0632	1.4	1000	0.2	30	1000	0.2	0	0
2.161	33.0671	1.4	1000	0.2	30	1000	0.2	0	0
2.162	33.072	1.4	1000	0.2	30	1000	0.2	0	0
2.163	33.0766	1.4	1000	0.2	30	1000	0.2	0	0
2.164	33.081	1.4	1000	0.2	30	1000	0.2	0	0
2.165	33.0842	1.4	1000	0.2	30	1000	0.2	0	0
2.166	33.0883	1.4	1000	0.2	30	1000	0.2	0	0
2.167	33.0945	1.4	1000	0.2	30	1000	0.2	0	0
2.168	33.1021	1.4	1000	0.2	30	1000	0.2	0	0
2.169	33.1119	1.4	1000	0.2	30	1000	0.2	0	0
2.17	33.1278	1.4	1000	0.2	30	1000	0.2	0	0
2.171	33.1459	1.4	1000	0.2	30	1000	0.2	0	0
2.172	33.1649	1.4	1000	0.2	30	1000	0.2	0	0
2.173	33.1837	1.4	1000	0.2	30	1000	0.2	0	0
2.174	33.2002	1.4	1000	0.2	30	1000	0.2	0	0
2.175	33.2162	1.4	1000	0.2	30	1000	0.2	0	0
2.176	33.2333	1.4	1000	0.2	30	1000	0.2	0	0
2.177	33.2473	1.4	1000	0.2	30	1000	0.2	0	0
2.178	33.2614	1.4	1000	0.2	30	1000	0.2	0	0
2.179	33.2776	1.4	1000	0.2	30	1000	0.2	0	0
2.18	33.2958	1.4	1000	0.2	30	1000	0.2	0	0
2.181	33.3149	1.4	1000	0.2	30	1000	0.2	0	0
2.182	33.3293	1.4	1000	0.2	30	1000	0.2	0	0
2.183	33.3403	1.4	1000	0.2	30	1000	0.2	0	0
2.184	33.3492	1.4	1000	0.2	30	1000	0.2	0	0
2.185	33.3566	1.4	1000	0.2	30	1000	0.2	0	0
2.186	33.3651	1.4	1000	0.2	30	1000	0.2	0	0
2.187	33.3748	1.4	1000	0.2	30	1000	0.2	0	0
2.188	33.3872	1.4	1000	0.2	30	1000	0.2	0	0
2.189	33.405	1.4	1000	0.2	30	1000	0.2	0	0
2.19	33.4241	1.4	1000	0.2	30	1000	0.2	0	0
2.191	33.445	1.4	1000	0.2	30	1000	0.2	0	0
2.192	33.467	1.4	1000	0.2	30	1000	0.2	0	0
2.193	33.4857	1.4	1000	0.2	30	1000	0.2	0	0
2.194	33.5014	1.4	1000	0.2	30	1000	0.2	0	0
2.195	33.5166	1.4	1000	0.2	30	1000	0.2	0	0
2.196	33.5319	1.4	1000	0.2	30	1000	0.2	0	0
2.197	33.5477	1.4	1000	0.2	30	1000	0.2	0	0
2.198	33.5637	1.4	1000	0.2	30	1000	0.2	0	0
2.199	33.5803	1.4	1000	0.2	30	1000	0.2	0	0
2.2	33.5982	1.4	1000	0.2	30	1000	0.2	0	0
2.201	33.6141	1.4	1000	0.2	30	1000	0.2	0	0
2.202	33.6282	1.4	1000	0.2	30	1000	0.2	0	0
2.203	33.6415	1.4	1000	0.2	30	1000	0.2	0	0
2.204	33.6534	1.4	1000	0.2	30	1000	0.2	0	0
2.205	33.6651	1.4	1000	0.2	30	1000	0.2	0	0
2.206	33.6758	1.4	1000	0.2	30	1000	0.2	0	0
2.207	33.6846	1.4	1000	0.2	30	1000	0.2	0	0
2.208	33.6949	1.4	1000	0.2	30	1000	0.2	0	0
2.209	33.7058	1.4	1000	0.2	30	1000	0.2	0	0
2.21	33.7179	1.4	1000	0.2	30	1000	0.2	0	0
2.211	33.7301	1.4	1000	0.2	30	1000	0.2	0	0
2.212	33.7413	1.4	1000	0.2	30	1000	0.2	0	0
2.213	33.7534	1.4	1000	0.2	30	1000	0.2	0	0
2.214	33.7685	1.4	1000	0.2	30	1000	0.2	0	0
2.215	33.783	1.4	1000	0.2	30	1000	0.2	0	0
2.216	33.7974	1.4	1000	0.2	30	1000	0.2	0	0
2.217	33.8086	1.4	1000	0.2	30	1000	0.2	0	0
2.218	33.8143	1.4	1000	0.2	30	1000	0.2	0	0
2.219	33.8164	1.4	1000	0.2	30	1000	0.2	0	0
2.22	33.8146	1.4	1000	0.2	30	1000	0.2	0	0
2.221	33.807	1.4	1000	0.2	30	1000	0.2	0	0
2.222	33.7967	1.4	1000	0.2	30	1000	0.2	0	0
2.223	33.7787	1.4	1000	0.2	30	1000	0.2	0	0
2.224	33.7514	1.4	1000	0.2	30	1000	0.2	0	0
2.225	33.7201	1.4	1000	0.2	30	1000	0.2	0	0
2.226	33.6789	1.4	1000	0.2	30	1000	0.2	0	0
2.227	33.6309	1.4	1000	0.2	30	1000	0.2	0	0
2.228	33.5835	1.4	1000	0.2	30	1000	0.2	0	0
2.229	33.5309	1.4	1000	0.2	30	1000	0.2	0	0
2.23	33.4753	1.4	1000	0.2	30	1000	0.2	0	0
2.231	33.4206	1.4	1000	0.2	30	1000	0.2	0	0
2.232	33.3639	1.4	1000	0.2	30	1000	0.2	0	0
2.233	33.3067	1.4	1000	0.2	30	1000	0.2	0	0
2.234	33.2438	1.4	1000	0.2	30	1000	0.2	0	0
2.235	33.1694	1.4	1000	0.2	30	1000	0.2	0	0
2.236	33.087	1.4	1000	0.2	30	1000	0.2	0	0
2.237	32.994	1.4	1000	0.2	30	1000	0.2	0	0
2.238	32.8941	1.4	1000	0.2	30	1000	0.2	0	0
2.239	32.7912	1.4	1000	0.2	30	1000	0.2	0	0
2.24	32.6846	1.4	1000	0.2	30	1000	0.2	0	0
2.241	32.5732	1.4	1000	0.2	30	1000	0.2	0	0
2.242	32.4599	1.4	1000	0.2	30	1000	0.2	0	0
2.243	32.3463	1.4	1000	0.2	30	1000	0.2	0	0
2.244	32.2359	1.4	1000	0.2	30	1000	0.2	0	0
2.245	32.1279	1.4	1000	0.2	30	1000	0.2	0	0
2.246	32.0167	1.4	1000	0.2	30	1000	0.2	0	0
2.247	31.9019	1.4	1000	0.2	30	1000	0.2	0	0
2.248	31.7885	1.4	1000	0.2	30	1000	0.2	0	0
2.249	31.6749	1.4	1000	0.2	30	1000	0.2	0	0
2.25	31.5596	1.4	1000	0.2	30	1000	0.2	0	0
2.251	31.4443	1.4	1000	0.2	30	1000	0.2	0	0
2.252	31.3246	1.4	1000	0.2	30	1000	0.2	0	0
2.253	31.2008	1.4	1000	0.2	30	1000	0.2	0	0
2.254	31.0778	1.4	1000	0.2	30	1000	0.2	0	0
2.255	30.9509	1.4	1000	0.2	30	1000	0.2	0	0
2.256	30.8213	1.4	1000	0.2	30	1000	0.2	0	0
2.257	30.6909	1.4	1000	0.2	30	1000	0.2	0	0
2.258	30.5608	1.4	1000	0.2	30	1000	0.2	0	0
2.259	30.4359	1.4	1000	0.2	30	1000	0.2	0	0
2.26	30.3192	1.4	1000	0.2	30	1000	0.2	0	0
2.261	30.2111	1.4	1000	0.2	30	1000	0.2	0	0
2.262	30.1166	1.4	1000	0.2	30	1000	0.2	0	0
2.263	30.0295	1.4	1000	0.2	30	1000	0.2	0	0
2.264	29.9494	1.4	1000	0.2	30	1000	0.2	0	0
2.265	29.8719	1.4	1000	0.2	30	1000	0.2	0	0
2.266	29.7893	1.4	1000	0.2	30	1000	0.2	0	0
2.267	29.708	1.4	1000	0.2	30	1000	0.2	0	0
2.268	29.6292	1.4	1000	0.2	30	1000	0.2	0	0
2.269	29.549	1.4	1000	0.2	30	1000	0.2	0	0
2.27	29.4734	1.4	1000	0.2	30	1000	0.2	0	0
2.271	29.4032	1.4	1000	0.2	30	1000	0.2	0	0
2.272	29.3393	1.4	1000	0.2	30	1000	0.2	0	0
2.273	29.2893	1.4	1000	0.2	30	1000	0.2	0	0
2.274	29.2528	1.4	1000	0.2	30	1000	0.2	0	0
2.275	29.2207	1.4	1000	0.2	30	1000	0.2	0	0
2.276	29.1906	1.4	1000	0.2	30	1000	0.2	0	0
2.277	29.1616	1.4	1000	0.2	30	1000	0.2	0	0
2.278	29.1284	1.4	1000	0.2	30	1000	0.2	0	0
2.279	29.0973	1.4	1000	0.2	30	1000	0.2	0	0
2.28	29.0714	1.4	1000	0.2	30	1000	0.2	0	0
2.281	29.0393	1.4	1000	0.2	30	1000	0.2	0	0
2.282	29.0076	1.4	1000	0.2	30	1000	0.2	0	0
2.283	28.9783	1.4	1000	0.2	30	1000	0.2	0	0
2.284	28.9442	1.4	1000	0.2	30	1000	0.2	0	0
2.285	28.9139	1.4	1000	0.2	30	1000	0.2	0	0
2.286	28.8861	1.4	1000	0.2	30	1000	0.2	0	0
2.287	28.8519	1.4	1000	0.2	30	1000	0.2	0	0
2.288	28.8157	1.4	1000	0.2	30	1000	0.2	0	0
2.289	28.7774	1.4	1000	0.2	30	1000	0.2	0	0
2.29	28.7385	1.4	1000	0.2	30	1000	0.2	0	0
2.291	28.7015	1.4	1000	0.2	30	1000	0.2	0	0
2.292	28.6618	1.4	1000	0.2	30	1000	0.2	0	0
2.293	28.6122	1.4	1000	0.2	30	1000	0.2	0	0
2.294	28.5582	1.4	1000	0.2	30	1000	0.2	0	0
2.295	28.4969	1.4	1000	0.2	30	1000	0.2	0	0
2.296	28.434	1.4	1000	0.2	30	1000	0.2	0	0
2.297	28.3741	1.4	1000	0.2	30	1000	0.2	0	0
2.298	28.317	1.4	1000	0.2	30	1000	0.2	0	0
2.299	28.2641	1.4	1000	0.2	30	1000	0.2	0	0
2.3	28.2168	1.4	1000	0.2	30	1000	0.2	0	0
2.301	28.1703	1.4	1000	0.2	30	1000	0.2	0	0
2.302	28.1318	1.4	1000	0.2	30	1000	0.2	0	0
2.303	28.0957	1.4	1000	0.2	30	1000	0.2	0	0
2.304	28.0598	1.4	1000	0.2	30	1000	0.2	0	0
2.305	28.0304	1.4	1000	0.2	30	1000	0.2	0	0
2.306	28.0069	1.4	1000	0.2	30	1000	0.2	0	0
2.307	27.9943	1.4	1000	0.2	30	1000	0.2	0	0
2.308	27.99	1.4	1000	0.2	30	1000	0.2	0	0
2.309	27.9875	1.4	1000	0.2	30	1000	0.2	0	0
2.31	27.9892	1.4	1000	0.2	30	1000	0.2	0	0
2.311	27.9892	1.4	1000	0.2	30	1000	0.2	0	0
2.312	27.9878	1.4	1000	0.2	30	1000	0.2	0	0
2.313	27.9876	1.4	1000	0.2	30	1000	0.2	0	0
2.314	27.9877	1.4	1000	0.2	30	1000	0.2	0	0
2.315	27.9962	1.4	1000	0.2	30	1000	0.2	0	0
2.316	28.0136	1.4	1000	0.2	30	1000	0.2	0	0
2.317	28.043	1.4	1000	0.2	30	1000	0.2	0	0
2.318	28.0805	1.4	1000	0.2	30	1000	0.2	0	0
2.319	28.1133	1.4	1000	0.2	30	1000	0.2	0	0
2.32	28.1459	1.4	1000	0.2	30	1000	0.2	0	0
2.321	28.1787	1.4	1000	0.2	30	1000	0.2	0	0
2.322	28.205	1.4	1000	0.2	30	1000	0.2	0	0
2.323	28.2313	1.4	1000	0.2	30	1000	0.2	0	0
2.324	28.2465	1.4	1000	0.2	30	1000	0.2	0	0
2.325	28.2483	1.4	1000	0.2	30	1000	0.2	0	0
2.326	28.251	1.4	1000	0.2	30	1000	0.2	0	0
2.327	28.2472	1.4	1000	0.2	30	1000	0.2	0	0
2.328	28.2354	1.4	1000	0.2	30	1000	0.2	0	0
2.329	28.2254	1.4	1000	0.2	30	1000	0.2	0	0
2.33	28.2059	1.4	1000	0.2	30	1000	0.2	0	0
2.331	28.1794	1.4	1000	0.2	30	1000	0.2	0	0
2.332	28.1519	1.4	1000	0.2	30	1000	0.2	0	0
2.333	28.1156	1.4	1000	0.2	30	1000	0.2	0	0
2.334	28.0762	1.4	1000	0.2	30	1000	0.2	0	0
2.335	28.0327	1.4	1000	0.2	30	1000	0.2	0	0
2.336	27.9836	1.4	1000	0.2	30	1000	0.2	0	0
2.337	27.9425	1.4	1000	0.2	30	1000	0.2	0	0
2.338	27.9044	1.4	1000	0.2	30	1000	0.2	0	0
2.339	27.8716	1.4	1000	0.2	30	1000	0.2	0	0
2.34	27.846	1.4	1000	0.2	30	1000	0.2	0	0
2.341	27.8256	1.4	1000	0.2	30	1000	0.2	0	0
2.342	27.8105	1.4	1000	0.2	30	1000	0.2	0	0
2.343	27.789	1.4	1000	0.2	30	1000	0.2	0	0
2.344	27.7532	1.4	1000	0.2	30	1000	0.2	0	0
2.345	27.717	1.4	1000	0.2	30	1000	0.2	0	0
2.346	27.6729	1.4	1000	0.2	30	1000	0.2	0	0
2.347	27.6326	1.4	1000	0.2	30	1000	0.2	0	0
2.348	27.6088	1.4	1000	0.2	30	1000	0.2	0	0
2.349	27.5893	1.4	1000	0.2	30	1000	0.2	0	0
2.35	27.574	1.4	1000	0.2	30	1000	0.2	0	0
2.351	27.569	1.4	1000	0.2	30	1000	0.2	0	0
2.352	27.5696	1.4	1000	0.2	30	1000	0.2	0	0
2.353	27.5851	1.4	1000	0.2	30	1000	0.2	0	0
2.354	27.6047	1.4	1000	0.2	30	1000	0.2	0	0
2.355	27.6166	1.4	1000	0.2	30	1000	0.2	0	0
2.356	27.6386	1.4	1000	0.2	30	1000	0.2	0	0
2.357	27.6704	1.4	1000	0.2	30	1000	0.2	0	0
2.358	27.7097	1.4	1000	0.2	30	1000	0.2	0	0
2.359	27.7489	1.4	1000	0.2	30	1000	0.2	0	0
2.36	27.7788	1.4	1000	0.2	30	1000	0.2	0	0
2.361	27.8024	1.4	1000	0.2	30	1000	0.2	0	0
2.362	27.813	1.4	1000	0.2	30	1000	0.2	0	0
2.363	27.8054	1.4	1000	0.2	30	1000	0.2	0	0
2.364	27.7854	1.4	1000	0.2	30	1000	0.2	0	0
2.365	27.7511	1.4	1000	0.2	30	1000	0.2	0	0
2.366	27.7077	1.4	1000	0.2	30	1000	0.2	0	0
2.367	27.6675	1.4	1000	0.2	30	1000	0.2	0	0
2.368	27.6311	1.4	1000	0.2	30	1000	0.2	0	0
2.369	27.6014	1.4	1000	0.2	30	1000	0.2	0	0
2.37	27.5853	1.4	1000	0.2	30	1000	0.2	0	0
2.371	27.5744	1.4	1000	0.2	30	1000	0.2	0	0
2.372	27.5607	1.4	1000	0.2	30	1000	0.2	0	0
2.373	27.5507	1.4	1000	0.2	30	1000	0.2	0	0
2.374	27.5373	1.4	1000	0.2	30	1000	0.2	0	0
2.375	27.519	1.4	1000	0.2	30	1000	0.2	0	0
2.376	27.5002	1.4	1000	0.2	30	1000	0.2	0	0
2.377	27.4687	1.4	1000	0.2	30	1000	0.2	0	0
2.378	27.4298	1.4	1000	0.2	30	1000	0.2	0	0
2.379	27.3919	1.4	1000	0.2	30	1000	0.2	0	0
2.38	27.352	1.4	1000	0.2	30	1000	0.2	0	0
2.381	27.3117	1.4	1000	0.2	30	1000	0.2	0	0
2.382	27.2642	1.4	1000	0.2	30	1000	0.2	0	0
2.383	27.2077	1.4	1000	0.2	30	1000	0.2	0	0
2.384	27.1456	1.4	1000	0.2	30	1000	0.2	0	0
2.385	27.0914	1.4	1000	0.2	30	1000	0.2	0	0
2.386	27.0535	1.4	1000	0.2	30	1000	0.2	0	0
2.387	27.0261	1.4	1000	0.2	30	1000	0.2	0	0
2.388	27.0214	1.4	1000	0.2	30	1000	0.2	0	0
2.389	27.0297	1.4	1000	0.2	30	1000	0.2	0	0
2.39	27.0253	1.4	1000	0.2	30	1000	0.2	0	0
2.391	27.0277	1.4	1000	0.2	30	1000	0.2	0	0
2.392	27.0381	1.4	1000	0.2	30	1000	0.2	0	0
2.393	27.0353	1.4	1000	0.2	30	1000	0.2	0	0
2.394	27.0223	1.4	1000	0.2	30	1000	0.2	0	0
2.395	27.001	1.4	1000	0.2	30	1000	0.2	0	0
2.396	26.9716	1.4	1000	0.2	30	1000	0.2	0	0
2.397	26.946	1.4	1000	0.2	30	1000	0.2	0	0
2.398	26.9207	1.4	1000	0.2	30	1000	0.2	0	0
2.399	26.8873	1.4	1000	0.2	30	1000	0.2	0	0
2.4	26.8574	1.4	1000	0.2	30	1000	0.2	0	0
2.401	26.8339	1.4	1000	0.2	30	1000	0.2	0	0
2.402	26.7896	1.4	1000	0.2	30	1000	0.2	0	0
2.403	26.746	1.4	1000	0.2	30	1000	0.2	0	0
2.404	26.7126	1.4	1000	0.2	30	1000	0.2	0	0
2.405	26.664	1.4	1000	0.2	30	1000	0.2	0	0
2.406	26.6061	1.4	1000	0.2	30	1000	0.2	0	0
2.407	26.5382	1.4	1000	0.2	30	1000	0.2	0	0
2.408	26.4653	1.4	1000	0.2	30	1000	0.2	0	0
2.409	26.3962	1.4	1000	0.2	30	1000	0.2	0	0
2.41	26.3204	1.4	1000	0.2	30	1000	0.2	0	0
2.411	26.2614	1.4	1000	0.2	30	1000	0.2	0	0
2.412	26.2117	1.4	1000	0.2	30	1000	0.2	0	0
2.413	26.1443	1.4	1000	0.2	30	1000	0.2	0	0
2.414	26.0827	1.4	1000	0.2	30	1000	0.2	0	0
2.415	26.0146	1.4	1000	0.2	30	1000	0.2	0	0
2.416	25.9505	1.4	1000	0.2	30	1000	0.2	0	0
2.417	25.9005	1.4	1000	0.2	30	1000	0.2	0	0
2.418	25.8281	1.4	1000	0.2	30	1000	0.2	0	0
2.419	25.7577	1.4	1000	0.2	30	1000	0.2	0	0
2.42	25.6854	1.4	1000	0.2	30	1000	0.2	0	0
2.421	25.5996	1.4	1000	0.2	30	1000	0.2	0	0
2.422	25.5432	1.4	1000	0.2	30	1000	0.2	0	0
2.423	25.5001	1.4	1000	0.2	30	1000	0.2	0	0
2.424	25.4545	1.4	1000	0.2	30	1000	0.2	0	0
2.425	25.4167	1.4	1000	0.2	30	1000	0.2	0	0
2.426	25.3754	1.4	1000	0.2	30	1000	0.2	0	0
2.427	25.353	1.4	1000	0.2	30	1000	0.2	0	0
2.428	25.3441	1.4	1000	0.2	30	1000	0.2	0	0
2.429	25.321	1.4	1000	0.2	30	1000	0.2	0	0
2.43	25.2839	1.4	1000	0.2	30	1000	0.2	0	0
2.431	25.2127	1.4	1000	0.2	30	1000	0.2	0	0
2.432	25.1074	1.4	1000	0.2	30	1000	0.2	0	0
2.433	24.9939	1.4	1000	0.2	30	1000	0.2	0	0
2.434	24.8728	1.4	1000	0.2	30	1000	0.2	0	0
2.435	24.7456	1.4	1000	0.2	30	1000	0.2	0	0
2.436	24.6007	1.4	1000	0.2	30	1000	0.2	0	0
2.437	24.4408	1.4	1000	0.2	30	1000	0.2	0	0
2.438	24.3036	1.4	1000	0.2	30	1000	0.2	0	0
2.439	24.1858	1.4	1000	0.2	30	1000	0.2	0	0
2.44	24.0939	1.4	1000	0.2	30	1000	0.2	0	0
2.441	24.0344	1.4	1000	0.2	30	1000	0.2	0	0
2.442	23.9579	1.4	1000	0.2	30	1000	0.2	0	0
2.443	23.8745	1.4	1000	0.2	30	1000	0.2	0	0
2.444	23.8074	1.4	1000	0.2	30	1000	0.2	0	0
2.445	23.764	1.4	1000	0.2	30	1000	0.2	0	0
2.446	23.7581	1.4	1000	0.2	30	1000	0.2	0	0
2.447	23.7452	1.4	1000	0.2	30	1000	0.2	0	0
2.448	23.7187	1.4	1000	0.2	30	1000	0.2	0	0
2.449	23.7205	1.4	1000	0.2	30	1000	0.2	0	0
2.45	23.7426	1.4	1000	0.2	30	1000	0.2	0	0
