*Name: Understory vegLitter
Type: Understory vegetation 0-50cm and leaf litter
Particle Size: Solid
Wavelength Range: All

Origin: Remote Sensing Laboratories, University of Zurich

Description: linear spectral mix of 70% understory vegetation 0-50cm and 30% leaf litter

Measurement: Hemispherical Conical Reflectance Factor HCRF

First Column:  X Wavelength (micrometers)
Second Column:  Y Reflectance (percent)
First X Value: 0.354
Last X Value: 2.45
Number of X Values: 2097
Additional Information:  None*

*Number of Lambda pertinent values : *  2097
*Lambda_min - Lambda_max : *  0.354 2.45
*Hapke parameters : Bo - h - b1 - c1 - b2 - c2 *  1 1 1 1 1 1
*Lambda - Ro - Refraction index - A - Alpha - w_Hapke - A_Hapke_spec - Alpha_Hapke_spec - T_Direct - T_Diffus*
0.354	2.0509	1.4	1000	0.2	30	1000	0.2	0	0
0.355	2.0575	1.4	1000	0.2	30	1000	0.2	0	0
0.356	2.064	1.4	1000	0.2	30	1000	0.2	0	0
0.357	2.0702	1.4	1000	0.2	30	1000	0.2	0	0
0.358	2.0771	1.4	1000	0.2	30	1000	0.2	0	0
0.359	2.0847	1.4	1000	0.2	30	1000	0.2	0	0
0.36	2.0912	1.4	1000	0.2	30	1000	0.2	0	0
0.361	2.0975	1.4	1000	0.2	30	1000	0.2	0	0
0.362	2.1042	1.4	1000	0.2	30	1000	0.2	0	0
0.363	2.1112	1.4	1000	0.2	30	1000	0.2	0	0
0.364	2.1179	1.4	1000	0.2	30	1000	0.2	0	0
0.365	2.1245	1.4	1000	0.2	30	1000	0.2	0	0
0.366	2.1304	1.4	1000	0.2	30	1000	0.2	0	0
0.367	2.1365	1.4	1000	0.2	30	1000	0.2	0	0
0.368	2.1436	1.4	1000	0.2	30	1000	0.2	0	0
0.369	2.1501	1.4	1000	0.2	30	1000	0.2	0	0
0.37	2.1557	1.4	1000	0.2	30	1000	0.2	0	0
0.371	2.164	1.4	1000	0.2	30	1000	0.2	0	0
0.372	2.1725	1.4	1000	0.2	30	1000	0.2	0	0
0.373	2.1804	1.4	1000	0.2	30	1000	0.2	0	0
0.374	2.189	1.4	1000	0.2	30	1000	0.2	0	0
0.375	2.1973	1.4	1000	0.2	30	1000	0.2	0	0
0.376	2.2058	1.4	1000	0.2	30	1000	0.2	0	0
0.377	2.2154	1.4	1000	0.2	30	1000	0.2	0	0
0.378	2.2254	1.4	1000	0.2	30	1000	0.2	0	0
0.379	2.2353	1.4	1000	0.2	30	1000	0.2	0	0
0.38	2.2462	1.4	1000	0.2	30	1000	0.2	0	0
0.381	2.2585	1.4	1000	0.2	30	1000	0.2	0	0
0.382	2.2703	1.4	1000	0.2	30	1000	0.2	0	0
0.383	2.2826	1.4	1000	0.2	30	1000	0.2	0	0
0.384	2.2962	1.4	1000	0.2	30	1000	0.2	0	0
0.385	2.3099	1.4	1000	0.2	30	1000	0.2	0	0
0.386	2.3226	1.4	1000	0.2	30	1000	0.2	0	0
0.387	2.335	1.4	1000	0.2	30	1000	0.2	0	0
0.388	2.3477	1.4	1000	0.2	30	1000	0.2	0	0
0.389	2.3604	1.4	1000	0.2	30	1000	0.2	0	0
0.39	2.3738	1.4	1000	0.2	30	1000	0.2	0	0
0.391	2.3867	1.4	1000	0.2	30	1000	0.2	0	0
0.392	2.3973	1.4	1000	0.2	30	1000	0.2	0	0
0.393	2.4095	1.4	1000	0.2	30	1000	0.2	0	0
0.394	2.4223	1.4	1000	0.2	30	1000	0.2	0	0
0.395	2.4344	1.4	1000	0.2	30	1000	0.2	0	0
0.396	2.4475	1.4	1000	0.2	30	1000	0.2	0	0
0.397	2.4596	1.4	1000	0.2	30	1000	0.2	0	0
0.398	2.4707	1.4	1000	0.2	30	1000	0.2	0	0
0.399	2.4818	1.4	1000	0.2	30	1000	0.2	0	0
0.4	2.4923	1.4	1000	0.2	30	1000	0.2	0	0
0.401	2.5025	1.4	1000	0.2	30	1000	0.2	0	0
0.402	2.5128	1.4	1000	0.2	30	1000	0.2	0	0
0.403	2.5227	1.4	1000	0.2	30	1000	0.2	0	0
0.404	2.533	1.4	1000	0.2	30	1000	0.2	0	0
0.405	2.5443	1.4	1000	0.2	30	1000	0.2	0	0
0.406	2.557	1.4	1000	0.2	30	1000	0.2	0	0
0.407	2.5705	1.4	1000	0.2	30	1000	0.2	0	0
0.408	2.5844	1.4	1000	0.2	30	1000	0.2	0	0
0.409	2.5987	1.4	1000	0.2	30	1000	0.2	0	0
0.41	2.6133	1.4	1000	0.2	30	1000	0.2	0	0
0.411	2.6283	1.4	1000	0.2	30	1000	0.2	0	0
0.412	2.6437	1.4	1000	0.2	30	1000	0.2	0	0
0.413	2.6595	1.4	1000	0.2	30	1000	0.2	0	0
0.414	2.6754	1.4	1000	0.2	30	1000	0.2	0	0
0.415	2.6916	1.4	1000	0.2	30	1000	0.2	0	0
0.416	2.708	1.4	1000	0.2	30	1000	0.2	0	0
0.417	2.7248	1.4	1000	0.2	30	1000	0.2	0	0
0.418	2.7419	1.4	1000	0.2	30	1000	0.2	0	0
0.419	2.7586	1.4	1000	0.2	30	1000	0.2	0	0
0.42	2.7749	1.4	1000	0.2	30	1000	0.2	0	0
0.421	2.7913	1.4	1000	0.2	30	1000	0.2	0	0
0.422	2.8077	1.4	1000	0.2	30	1000	0.2	0	0
0.423	2.8239	1.4	1000	0.2	30	1000	0.2	0	0
0.424	2.8398	1.4	1000	0.2	30	1000	0.2	0	0
0.425	2.8558	1.4	1000	0.2	30	1000	0.2	0	0
0.426	2.8721	1.4	1000	0.2	30	1000	0.2	0	0
0.427	2.8883	1.4	1000	0.2	30	1000	0.2	0	0
0.428	2.904	1.4	1000	0.2	30	1000	0.2	0	0
0.429	2.9193	1.4	1000	0.2	30	1000	0.2	0	0
0.43	2.9342	1.4	1000	0.2	30	1000	0.2	0	0
0.431	2.9485	1.4	1000	0.2	30	1000	0.2	0	0
0.432	2.9619	1.4	1000	0.2	30	1000	0.2	0	0
0.433	2.9745	1.4	1000	0.2	30	1000	0.2	0	0
0.434	2.9863	1.4	1000	0.2	30	1000	0.2	0	0
0.435	2.9978	1.4	1000	0.2	30	1000	0.2	0	0
0.436	3.0089	1.4	1000	0.2	30	1000	0.2	0	0
0.437	3.0199	1.4	1000	0.2	30	1000	0.2	0	0
0.438	3.0314	1.4	1000	0.2	30	1000	0.2	0	0
0.439	3.0429	1.4	1000	0.2	30	1000	0.2	0	0
0.44	3.0547	1.4	1000	0.2	30	1000	0.2	0	0
0.441	3.0673	1.4	1000	0.2	30	1000	0.2	0	0
0.442	3.0803	1.4	1000	0.2	30	1000	0.2	0	0
0.443	3.0936	1.4	1000	0.2	30	1000	0.2	0	0
0.444	3.1073	1.4	1000	0.2	30	1000	0.2	0	0
0.445	3.1212	1.4	1000	0.2	30	1000	0.2	0	0
0.446	3.1355	1.4	1000	0.2	30	1000	0.2	0	0
0.447	3.1503	1.4	1000	0.2	30	1000	0.2	0	0
0.448	3.1655	1.4	1000	0.2	30	1000	0.2	0	0
0.449	3.1808	1.4	1000	0.2	30	1000	0.2	0	0
0.45	3.1962	1.4	1000	0.2	30	1000	0.2	0	0
0.451	3.2117	1.4	1000	0.2	30	1000	0.2	0	0
0.452	3.2272	1.4	1000	0.2	30	1000	0.2	0	0
0.453	3.2427	1.4	1000	0.2	30	1000	0.2	0	0
0.454	3.258	1.4	1000	0.2	30	1000	0.2	0	0
0.455	3.2725	1.4	1000	0.2	30	1000	0.2	0	0
0.456	3.2864	1.4	1000	0.2	30	1000	0.2	0	0
0.457	3.2996	1.4	1000	0.2	30	1000	0.2	0	0
0.458	3.3122	1.4	1000	0.2	30	1000	0.2	0	0
0.459	3.3239	1.4	1000	0.2	30	1000	0.2	0	0
0.46	3.335	1.4	1000	0.2	30	1000	0.2	0	0
0.461	3.3455	1.4	1000	0.2	30	1000	0.2	0	0
0.462	3.3553	1.4	1000	0.2	30	1000	0.2	0	0
0.463	3.3649	1.4	1000	0.2	30	1000	0.2	0	0
0.464	3.3746	1.4	1000	0.2	30	1000	0.2	0	0
0.465	3.3843	1.4	1000	0.2	30	1000	0.2	0	0
0.466	3.3938	1.4	1000	0.2	30	1000	0.2	0	0
0.467	3.403	1.4	1000	0.2	30	1000	0.2	0	0
0.468	3.4124	1.4	1000	0.2	30	1000	0.2	0	0
0.469	3.4215	1.4	1000	0.2	30	1000	0.2	0	0
0.47	3.4308	1.4	1000	0.2	30	1000	0.2	0	0
0.471	3.4403	1.4	1000	0.2	30	1000	0.2	0	0
0.472	3.4494	1.4	1000	0.2	30	1000	0.2	0	0
0.473	3.4592	1.4	1000	0.2	30	1000	0.2	0	0
0.474	3.4694	1.4	1000	0.2	30	1000	0.2	0	0
0.475	3.4796	1.4	1000	0.2	30	1000	0.2	0	0
0.476	3.4904	1.4	1000	0.2	30	1000	0.2	0	0
0.477	3.5014	1.4	1000	0.2	30	1000	0.2	0	0
0.478	3.5127	1.4	1000	0.2	30	1000	0.2	0	0
0.479	3.5244	1.4	1000	0.2	30	1000	0.2	0	0
0.48	3.5367	1.4	1000	0.2	30	1000	0.2	0	0
0.481	3.5497	1.4	1000	0.2	30	1000	0.2	0	0
0.482	3.5633	1.4	1000	0.2	30	1000	0.2	0	0
0.483	3.5775	1.4	1000	0.2	30	1000	0.2	0	0
0.484	3.5924	1.4	1000	0.2	30	1000	0.2	0	0
0.485	3.6082	1.4	1000	0.2	30	1000	0.2	0	0
0.486	3.6248	1.4	1000	0.2	30	1000	0.2	0	0
0.487	3.6417	1.4	1000	0.2	30	1000	0.2	0	0
0.488	3.6585	1.4	1000	0.2	30	1000	0.2	0	0
0.489	3.676	1.4	1000	0.2	30	1000	0.2	0	0
0.49	3.6946	1.4	1000	0.2	30	1000	0.2	0	0
0.491	3.7143	1.4	1000	0.2	30	1000	0.2	0	0
0.492	3.7352	1.4	1000	0.2	30	1000	0.2	0	0
0.493	3.7574	1.4	1000	0.2	30	1000	0.2	0	0
0.494	3.7817	1.4	1000	0.2	30	1000	0.2	0	0
0.495	3.8082	1.4	1000	0.2	30	1000	0.2	0	0
0.496	3.8373	1.4	1000	0.2	30	1000	0.2	0	0
0.497	3.8687	1.4	1000	0.2	30	1000	0.2	0	0
0.498	3.9025	1.4	1000	0.2	30	1000	0.2	0	0
0.499	3.939	1.4	1000	0.2	30	1000	0.2	0	0
0.5	3.9783	1.4	1000	0.2	30	1000	0.2	0	0
0.501	4.0204	1.4	1000	0.2	30	1000	0.2	0	0
0.502	4.0656	1.4	1000	0.2	30	1000	0.2	0	0
0.503	4.1136	1.4	1000	0.2	30	1000	0.2	0	0
0.504	4.1647	1.4	1000	0.2	30	1000	0.2	0	0
0.505	4.219	1.4	1000	0.2	30	1000	0.2	0	0
0.506	4.277	1.4	1000	0.2	30	1000	0.2	0	0
0.507	4.3389	1.4	1000	0.2	30	1000	0.2	0	0
0.508	4.4047	1.4	1000	0.2	30	1000	0.2	0	0
0.509	4.475	1.4	1000	0.2	30	1000	0.2	0	0
0.51	4.5501	1.4	1000	0.2	30	1000	0.2	0	0
0.511	4.6301	1.4	1000	0.2	30	1000	0.2	0	0
0.512	4.7152	1.4	1000	0.2	30	1000	0.2	0	0
0.513	4.8056	1.4	1000	0.2	30	1000	0.2	0	0
0.514	4.9018	1.4	1000	0.2	30	1000	0.2	0	0
0.515	5.0034	1.4	1000	0.2	30	1000	0.2	0	0
0.516	5.11	1.4	1000	0.2	30	1000	0.2	0	0
0.517	5.2206	1.4	1000	0.2	30	1000	0.2	0	0
0.518	5.3342	1.4	1000	0.2	30	1000	0.2	0	0
0.519	5.4498	1.4	1000	0.2	30	1000	0.2	0	0
0.52	5.566	1.4	1000	0.2	30	1000	0.2	0	0
0.521	5.6821	1.4	1000	0.2	30	1000	0.2	0	0
0.522	5.7975	1.4	1000	0.2	30	1000	0.2	0	0
0.523	5.9117	1.4	1000	0.2	30	1000	0.2	0	0
0.524	6.0244	1.4	1000	0.2	30	1000	0.2	0	0
0.525	6.135	1.4	1000	0.2	30	1000	0.2	0	0
0.526	6.2432	1.4	1000	0.2	30	1000	0.2	0	0
0.527	6.348	1.4	1000	0.2	30	1000	0.2	0	0
0.528	6.4483	1.4	1000	0.2	30	1000	0.2	0	0
0.529	6.5438	1.4	1000	0.2	30	1000	0.2	0	0
0.53	6.6336	1.4	1000	0.2	30	1000	0.2	0	0
0.531	6.7178	1.4	1000	0.2	30	1000	0.2	0	0
0.532	6.7967	1.4	1000	0.2	30	1000	0.2	0	0
0.533	6.8704	1.4	1000	0.2	30	1000	0.2	0	0
0.534	6.9393	1.4	1000	0.2	30	1000	0.2	0	0
0.535	7.0038	1.4	1000	0.2	30	1000	0.2	0	0
0.536	7.0644	1.4	1000	0.2	30	1000	0.2	0	0
0.537	7.1216	1.4	1000	0.2	30	1000	0.2	0	0
0.538	7.1757	1.4	1000	0.2	30	1000	0.2	0	0
0.539	7.2271	1.4	1000	0.2	30	1000	0.2	0	0
0.54	7.2762	1.4	1000	0.2	30	1000	0.2	0	0
0.541	7.3236	1.4	1000	0.2	30	1000	0.2	0	0
0.542	7.3696	1.4	1000	0.2	30	1000	0.2	0	0
0.543	7.4146	1.4	1000	0.2	30	1000	0.2	0	0
0.544	7.4585	1.4	1000	0.2	30	1000	0.2	0	0
0.545	7.5017	1.4	1000	0.2	30	1000	0.2	0	0
0.546	7.5441	1.4	1000	0.2	30	1000	0.2	0	0
0.547	7.5857	1.4	1000	0.2	30	1000	0.2	0	0
0.548	7.6262	1.4	1000	0.2	30	1000	0.2	0	0
0.549	7.6651	1.4	1000	0.2	30	1000	0.2	0	0
0.55	7.7016	1.4	1000	0.2	30	1000	0.2	0	0
0.551	7.7354	1.4	1000	0.2	30	1000	0.2	0	0
0.552	7.7662	1.4	1000	0.2	30	1000	0.2	0	0
0.553	7.7928	1.4	1000	0.2	30	1000	0.2	0	0
0.554	7.8146	1.4	1000	0.2	30	1000	0.2	0	0
0.555	7.8314	1.4	1000	0.2	30	1000	0.2	0	0
0.556	7.8429	1.4	1000	0.2	30	1000	0.2	0	0
0.557	7.8489	1.4	1000	0.2	30	1000	0.2	0	0
0.558	7.849	1.4	1000	0.2	30	1000	0.2	0	0
0.559	7.843	1.4	1000	0.2	30	1000	0.2	0	0
0.56	7.8311	1.4	1000	0.2	30	1000	0.2	0	0
0.561	7.8138	1.4	1000	0.2	30	1000	0.2	0	0
0.562	7.7911	1.4	1000	0.2	30	1000	0.2	0	0
0.563	7.7635	1.4	1000	0.2	30	1000	0.2	0	0
0.564	7.7313	1.4	1000	0.2	30	1000	0.2	0	0
0.565	7.6948	1.4	1000	0.2	30	1000	0.2	0	0
0.566	7.655	1.4	1000	0.2	30	1000	0.2	0	0
0.567	7.6123	1.4	1000	0.2	30	1000	0.2	0	0
0.568	7.5674	1.4	1000	0.2	30	1000	0.2	0	0
0.569	7.5213	1.4	1000	0.2	30	1000	0.2	0	0
0.57	7.4748	1.4	1000	0.2	30	1000	0.2	0	0
0.571	7.4289	1.4	1000	0.2	30	1000	0.2	0	0
0.572	7.3846	1.4	1000	0.2	30	1000	0.2	0	0
0.573	7.3424	1.4	1000	0.2	30	1000	0.2	0	0
0.574	7.3029	1.4	1000	0.2	30	1000	0.2	0	0
0.575	7.2664	1.4	1000	0.2	30	1000	0.2	0	0
0.576	7.2326	1.4	1000	0.2	30	1000	0.2	0	0
0.577	7.2016	1.4	1000	0.2	30	1000	0.2	0	0
0.578	7.1734	1.4	1000	0.2	30	1000	0.2	0	0
0.579	7.1479	1.4	1000	0.2	30	1000	0.2	0	0
0.58	7.125	1.4	1000	0.2	30	1000	0.2	0	0
0.581	7.1045	1.4	1000	0.2	30	1000	0.2	0	0
0.582	7.0868	1.4	1000	0.2	30	1000	0.2	0	0
0.583	7.0719	1.4	1000	0.2	30	1000	0.2	0	0
0.584	7.06	1.4	1000	0.2	30	1000	0.2	0	0
0.585	7.0506	1.4	1000	0.2	30	1000	0.2	0	0
0.586	7.0435	1.4	1000	0.2	30	1000	0.2	0	0
0.587	7.0383	1.4	1000	0.2	30	1000	0.2	0	0
0.588	7.0348	1.4	1000	0.2	30	1000	0.2	0	0
0.589	7.0325	1.4	1000	0.2	30	1000	0.2	0	0
0.59	7.0311	1.4	1000	0.2	30	1000	0.2	0	0
0.591	7.031	1.4	1000	0.2	30	1000	0.2	0	0
0.592	7.0321	1.4	1000	0.2	30	1000	0.2	0	0
0.593	7.0342	1.4	1000	0.2	30	1000	0.2	0	0
0.594	7.0376	1.4	1000	0.2	30	1000	0.2	0	0
0.595	7.0424	1.4	1000	0.2	30	1000	0.2	0	0
0.596	7.0483	1.4	1000	0.2	30	1000	0.2	0	0
0.597	7.0549	1.4	1000	0.2	30	1000	0.2	0	0
0.598	7.0618	1.4	1000	0.2	30	1000	0.2	0	0
0.599	7.0686	1.4	1000	0.2	30	1000	0.2	0	0
0.6	7.0749	1.4	1000	0.2	30	1000	0.2	0	0
0.601	7.0805	1.4	1000	0.2	30	1000	0.2	0	0
0.602	7.0851	1.4	1000	0.2	30	1000	0.2	0	0
0.603	7.0887	1.4	1000	0.2	30	1000	0.2	0	0
0.604	7.0913	1.4	1000	0.2	30	1000	0.2	0	0
0.605	7.0926	1.4	1000	0.2	30	1000	0.2	0	0
0.606	7.093	1.4	1000	0.2	30	1000	0.2	0	0
0.607	7.0924	1.4	1000	0.2	30	1000	0.2	0	0
0.608	7.091	1.4	1000	0.2	30	1000	0.2	0	0
0.609	7.0887	1.4	1000	0.2	30	1000	0.2	0	0
0.61	7.0856	1.4	1000	0.2	30	1000	0.2	0	0
0.611	7.0823	1.4	1000	0.2	30	1000	0.2	0	0
0.612	7.0786	1.4	1000	0.2	30	1000	0.2	0	0
0.613	7.0747	1.4	1000	0.2	30	1000	0.2	0	0
0.614	7.0713	1.4	1000	0.2	30	1000	0.2	0	0
0.615	7.0683	1.4	1000	0.2	30	1000	0.2	0	0
0.616	7.066	1.4	1000	0.2	30	1000	0.2	0	0
0.617	7.0649	1.4	1000	0.2	30	1000	0.2	0	0
0.618	7.065	1.4	1000	0.2	30	1000	0.2	0	0
0.619	7.0668	1.4	1000	0.2	30	1000	0.2	0	0
0.62	7.0706	1.4	1000	0.2	30	1000	0.2	0	0
0.621	7.0763	1.4	1000	0.2	30	1000	0.2	0	0
0.622	7.0842	1.4	1000	0.2	30	1000	0.2	0	0
0.623	7.0941	1.4	1000	0.2	30	1000	0.2	0	0
0.624	7.1059	1.4	1000	0.2	30	1000	0.2	0	0
0.625	7.1193	1.4	1000	0.2	30	1000	0.2	0	0
0.626	7.134	1.4	1000	0.2	30	1000	0.2	0	0
0.627	7.1498	1.4	1000	0.2	30	1000	0.2	0	0
0.628	7.1659	1.4	1000	0.2	30	1000	0.2	0	0
0.629	7.1814	1.4	1000	0.2	30	1000	0.2	0	0
0.63	7.1961	1.4	1000	0.2	30	1000	0.2	0	0
0.631	7.2092	1.4	1000	0.2	30	1000	0.2	0	0
0.632	7.2201	1.4	1000	0.2	30	1000	0.2	0	0
0.633	7.2283	1.4	1000	0.2	30	1000	0.2	0	0
0.634	7.2332	1.4	1000	0.2	30	1000	0.2	0	0
0.635	7.2348	1.4	1000	0.2	30	1000	0.2	0	0
0.636	7.2328	1.4	1000	0.2	30	1000	0.2	0	0
0.637	7.2274	1.4	1000	0.2	30	1000	0.2	0	0
0.638	7.2188	1.4	1000	0.2	30	1000	0.2	0	0
0.639	7.2072	1.4	1000	0.2	30	1000	0.2	0	0
0.64	7.1932	1.4	1000	0.2	30	1000	0.2	0	0
0.641	7.1772	1.4	1000	0.2	30	1000	0.2	0	0
0.642	7.1599	1.4	1000	0.2	30	1000	0.2	0	0
0.643	7.1426	1.4	1000	0.2	30	1000	0.2	0	0
0.644	7.1261	1.4	1000	0.2	30	1000	0.2	0	0
0.645	7.111	1.4	1000	0.2	30	1000	0.2	0	0
0.646	7.0978	1.4	1000	0.2	30	1000	0.2	0	0
0.647	7.0871	1.4	1000	0.2	30	1000	0.2	0	0
0.648	7.0794	1.4	1000	0.2	30	1000	0.2	0	0
0.649	7.0747	1.4	1000	0.2	30	1000	0.2	0	0
0.65	7.0738	1.4	1000	0.2	30	1000	0.2	0	0
0.651	7.0765	1.4	1000	0.2	30	1000	0.2	0	0
0.652	7.0823	1.4	1000	0.2	30	1000	0.2	0	0
0.653	7.0907	1.4	1000	0.2	30	1000	0.2	0	0
0.654	7.0992	1.4	1000	0.2	30	1000	0.2	0	0
0.655	7.1061	1.4	1000	0.2	30	1000	0.2	0	0
0.656	7.1111	1.4	1000	0.2	30	1000	0.2	0	0
0.657	7.1132	1.4	1000	0.2	30	1000	0.2	0	0
0.658	7.1121	1.4	1000	0.2	30	1000	0.2	0	0
0.659	7.108	1.4	1000	0.2	30	1000	0.2	0	0
0.66	7.1019	1.4	1000	0.2	30	1000	0.2	0	0
0.661	7.0954	1.4	1000	0.2	30	1000	0.2	0	0
0.662	7.0899	1.4	1000	0.2	30	1000	0.2	0	0
0.663	7.0864	1.4	1000	0.2	30	1000	0.2	0	0
0.664	7.0851	1.4	1000	0.2	30	1000	0.2	0	0
0.665	7.0858	1.4	1000	0.2	30	1000	0.2	0	0
0.666	7.0893	1.4	1000	0.2	30	1000	0.2	0	0
0.667	7.0957	1.4	1000	0.2	30	1000	0.2	0	0
0.668	7.1055	1.4	1000	0.2	30	1000	0.2	0	0
0.669	7.1192	1.4	1000	0.2	30	1000	0.2	0	0
0.67	7.1362	1.4	1000	0.2	30	1000	0.2	0	0
0.671	7.1565	1.4	1000	0.2	30	1000	0.2	0	0
0.672	7.1804	1.4	1000	0.2	30	1000	0.2	0	0
0.673	7.2077	1.4	1000	0.2	30	1000	0.2	0	0
0.674	7.2382	1.4	1000	0.2	30	1000	0.2	0	0
0.675	7.2718	1.4	1000	0.2	30	1000	0.2	0	0
0.676	7.3088	1.4	1000	0.2	30	1000	0.2	0	0
0.677	7.3496	1.4	1000	0.2	30	1000	0.2	0	0
0.678	7.3946	1.4	1000	0.2	30	1000	0.2	0	0
0.679	7.4446	1.4	1000	0.2	30	1000	0.2	0	0
0.68	7.5007	1.4	1000	0.2	30	1000	0.2	0	0
0.681	7.5644	1.4	1000	0.2	30	1000	0.2	0	0
0.682	7.6384	1.4	1000	0.2	30	1000	0.2	0	0
0.683	7.7262	1.4	1000	0.2	30	1000	0.2	0	0
0.684	7.8302	1.4	1000	0.2	30	1000	0.2	0	0
0.685	7.9493	1.4	1000	0.2	30	1000	0.2	0	0
0.686	8.0824	1.4	1000	0.2	30	1000	0.2	0	0
0.687	8.2294	1.4	1000	0.2	30	1000	0.2	0	0
0.688	8.3923	1.4	1000	0.2	30	1000	0.2	0	0
0.689	8.573	1.4	1000	0.2	30	1000	0.2	0	0
0.69	8.7729	1.4	1000	0.2	30	1000	0.2	0	0
0.691	8.9944	1.4	1000	0.2	30	1000	0.2	0	0
0.692	9.2409	1.4	1000	0.2	30	1000	0.2	0	0
0.693	9.5154	1.4	1000	0.2	30	1000	0.2	0	0
0.694	9.8203	1.4	1000	0.2	30	1000	0.2	0	0
0.695	10.1561	1.4	1000	0.2	30	1000	0.2	0	0
0.696	10.5232	1.4	1000	0.2	30	1000	0.2	0	0
0.697	10.9205	1.4	1000	0.2	30	1000	0.2	0	0
0.698	11.3446	1.4	1000	0.2	30	1000	0.2	0	0
0.699	11.7933	1.4	1000	0.2	30	1000	0.2	0	0
0.7	12.264	1.4	1000	0.2	30	1000	0.2	0	0
0.701	12.7537	1.4	1000	0.2	30	1000	0.2	0	0
0.702	13.2584	1.4	1000	0.2	30	1000	0.2	0	0
0.703	13.7743	1.4	1000	0.2	30	1000	0.2	0	0
0.704	14.2981	1.4	1000	0.2	30	1000	0.2	0	0
0.705	14.8285	1.4	1000	0.2	30	1000	0.2	0	0
0.706	15.3653	1.4	1000	0.2	30	1000	0.2	0	0
0.707	15.9091	1.4	1000	0.2	30	1000	0.2	0	0
0.708	16.4603	1.4	1000	0.2	30	1000	0.2	0	0
0.709	17.0194	1.4	1000	0.2	30	1000	0.2	0	0
0.71	17.5859	1.4	1000	0.2	30	1000	0.2	0	0
0.711	18.159	1.4	1000	0.2	30	1000	0.2	0	0
0.712	18.7382	1.4	1000	0.2	30	1000	0.2	0	0
0.713	19.3254	1.4	1000	0.2	30	1000	0.2	0	0
0.714	19.9265	1.4	1000	0.2	30	1000	0.2	0	0
0.715	20.546	1.4	1000	0.2	30	1000	0.2	0	0
0.716	21.1848	1.4	1000	0.2	30	1000	0.2	0	0
0.717	21.8335	1.4	1000	0.2	30	1000	0.2	0	0
0.718	22.4823	1.4	1000	0.2	30	1000	0.2	0	0
0.719	23.1263	1.4	1000	0.2	30	1000	0.2	0	0
0.72	23.769	1.4	1000	0.2	30	1000	0.2	0	0
0.721	24.4113	1.4	1000	0.2	30	1000	0.2	0	0
0.722	25.0483	1.4	1000	0.2	30	1000	0.2	0	0
0.723	25.6719	1.4	1000	0.2	30	1000	0.2	0	0
0.724	26.2881	1.4	1000	0.2	30	1000	0.2	0	0
0.725	26.9047	1.4	1000	0.2	30	1000	0.2	0	0
0.726	27.5254	1.4	1000	0.2	30	1000	0.2	0	0
0.727	28.1413	1.4	1000	0.2	30	1000	0.2	0	0
0.728	28.7423	1.4	1000	0.2	30	1000	0.2	0	0
0.729	29.3237	1.4	1000	0.2	30	1000	0.2	0	0
0.73	29.8869	1.4	1000	0.2	30	1000	0.2	0	0
0.731	30.4327	1.4	1000	0.2	30	1000	0.2	0	0
0.732	30.962	1.4	1000	0.2	30	1000	0.2	0	0
0.733	31.4755	1.4	1000	0.2	30	1000	0.2	0	0
0.734	31.9729	1.4	1000	0.2	30	1000	0.2	0	0
0.735	32.4535	1.4	1000	0.2	30	1000	0.2	0	0
0.736	32.9189	1.4	1000	0.2	30	1000	0.2	0	0
0.737	33.3707	1.4	1000	0.2	30	1000	0.2	0	0
0.738	33.8079	1.4	1000	0.2	30	1000	0.2	0	0
0.739	34.2282	1.4	1000	0.2	30	1000	0.2	0	0
0.74	34.629	1.4	1000	0.2	30	1000	0.2	0	0
0.741	35.0106	1.4	1000	0.2	30	1000	0.2	0	0
0.742	35.3739	1.4	1000	0.2	30	1000	0.2	0	0
0.743	35.7193	1.4	1000	0.2	30	1000	0.2	0	0
0.744	36.0469	1.4	1000	0.2	30	1000	0.2	0	0
0.745	36.3573	1.4	1000	0.2	30	1000	0.2	0	0
0.746	36.6515	1.4	1000	0.2	30	1000	0.2	0	0
0.747	36.9307	1.4	1000	0.2	30	1000	0.2	0	0
0.748	37.195	1.4	1000	0.2	30	1000	0.2	0	0
0.749	37.4444	1.4	1000	0.2	30	1000	0.2	0	0
0.75	37.6791	1.4	1000	0.2	30	1000	0.2	0	0
0.751	37.9002	1.4	1000	0.2	30	1000	0.2	0	0
0.752	38.1086	1.4	1000	0.2	30	1000	0.2	0	0
0.753	38.3051	1.4	1000	0.2	30	1000	0.2	0	0
0.754	38.4909	1.4	1000	0.2	30	1000	0.2	0	0
0.755	38.6681	1.4	1000	0.2	30	1000	0.2	0	0
0.756	38.8454	1.4	1000	0.2	30	1000	0.2	0	0
0.757	39.0458	1.4	1000	0.2	30	1000	0.2	0	0
0.758	39.27	1.4	1000	0.2	30	1000	0.2	0	0
0.759	39.4758	1.4	1000	0.2	30	1000	0.2	0	0
0.76	39.6613	1.4	1000	0.2	30	1000	0.2	0	0
0.761	39.8274	1.4	1000	0.2	30	1000	0.2	0	0
0.762	39.9744	1.4	1000	0.2	30	1000	0.2	0	0
0.763	40.0949	1.4	1000	0.2	30	1000	0.2	0	0
0.764	40.1711	1.4	1000	0.2	30	1000	0.2	0	0
0.765	40.2063	1.4	1000	0.2	30	1000	0.2	0	0
0.766	40.2456	1.4	1000	0.2	30	1000	0.2	0	0
0.767	40.2929	1.4	1000	0.2	30	1000	0.2	0	0
0.768	40.3482	1.4	1000	0.2	30	1000	0.2	0	0
0.769	40.4111	1.4	1000	0.2	30	1000	0.2	0	0
0.77	40.4823	1.4	1000	0.2	30	1000	0.2	0	0
0.771	40.5588	1.4	1000	0.2	30	1000	0.2	0	0
0.772	40.6384	1.4	1000	0.2	30	1000	0.2	0	0
0.773	40.7188	1.4	1000	0.2	30	1000	0.2	0	0
0.774	40.7991	1.4	1000	0.2	30	1000	0.2	0	0
0.775	40.8789	1.4	1000	0.2	30	1000	0.2	0	0
0.776	40.958	1.4	1000	0.2	30	1000	0.2	0	0
0.777	41.0367	1.4	1000	0.2	30	1000	0.2	0	0
0.778	41.1148	1.4	1000	0.2	30	1000	0.2	0	0
0.779	41.1921	1.4	1000	0.2	30	1000	0.2	0	0
0.78	41.2687	1.4	1000	0.2	30	1000	0.2	0	0
0.781	41.3447	1.4	1000	0.2	30	1000	0.2	0	0
0.782	41.4203	1.4	1000	0.2	30	1000	0.2	0	0
0.783	41.4955	1.4	1000	0.2	30	1000	0.2	0	0
0.784	41.5702	1.4	1000	0.2	30	1000	0.2	0	0
0.785	41.6446	1.4	1000	0.2	30	1000	0.2	0	0
0.786	41.7189	1.4	1000	0.2	30	1000	0.2	0	0
0.787	41.7934	1.4	1000	0.2	30	1000	0.2	0	0
0.788	41.8678	1.4	1000	0.2	30	1000	0.2	0	0
0.789	41.9423	1.4	1000	0.2	30	1000	0.2	0	0
0.79	42.0168	1.4	1000	0.2	30	1000	0.2	0	0
0.791	42.0911	1.4	1000	0.2	30	1000	0.2	0	0
0.792	42.1649	1.4	1000	0.2	30	1000	0.2	0	0
0.793	42.2378	1.4	1000	0.2	30	1000	0.2	0	0
0.794	42.3104	1.4	1000	0.2	30	1000	0.2	0	0
0.795	42.3827	1.4	1000	0.2	30	1000	0.2	0	0
0.796	42.4546	1.4	1000	0.2	30	1000	0.2	0	0
0.797	42.5262	1.4	1000	0.2	30	1000	0.2	0	0
0.798	42.5977	1.4	1000	0.2	30	1000	0.2	0	0
0.799	42.6694	1.4	1000	0.2	30	1000	0.2	0	0
0.8	42.7415	1.4	1000	0.2	30	1000	0.2	0	0
0.801	42.8135	1.4	1000	0.2	30	1000	0.2	0	0
0.802	42.8857	1.4	1000	0.2	30	1000	0.2	0	0
0.803	42.9576	1.4	1000	0.2	30	1000	0.2	0	0
0.804	43.0294	1.4	1000	0.2	30	1000	0.2	0	0
0.805	43.101	1.4	1000	0.2	30	1000	0.2	0	0
0.806	43.1727	1.4	1000	0.2	30	1000	0.2	0	0
0.807	43.2444	1.4	1000	0.2	30	1000	0.2	0	0
0.808	43.3158	1.4	1000	0.2	30	1000	0.2	0	0
0.809	43.3869	1.4	1000	0.2	30	1000	0.2	0	0
0.81	43.4582	1.4	1000	0.2	30	1000	0.2	0	0
0.811	43.5303	1.4	1000	0.2	30	1000	0.2	0	0
0.812	43.6036	1.4	1000	0.2	30	1000	0.2	0	0
0.813	43.6776	1.4	1000	0.2	30	1000	0.2	0	0
0.814	43.7523	1.4	1000	0.2	30	1000	0.2	0	0
0.815	43.8272	1.4	1000	0.2	30	1000	0.2	0	0
0.816	43.9021	1.4	1000	0.2	30	1000	0.2	0	0
0.817	43.9774	1.4	1000	0.2	30	1000	0.2	0	0
0.818	44.0517	1.4	1000	0.2	30	1000	0.2	0	0
0.819	44.1246	1.4	1000	0.2	30	1000	0.2	0	0
0.82	44.1974	1.4	1000	0.2	30	1000	0.2	0	0
0.821	44.2701	1.4	1000	0.2	30	1000	0.2	0	0
0.822	44.3412	1.4	1000	0.2	30	1000	0.2	0	0
0.823	44.4112	1.4	1000	0.2	30	1000	0.2	0	0
0.824	44.4797	1.4	1000	0.2	30	1000	0.2	0	0
0.825	44.5486	1.4	1000	0.2	30	1000	0.2	0	0
0.826	44.6178	1.4	1000	0.2	30	1000	0.2	0	0
0.827	44.686	1.4	1000	0.2	30	1000	0.2	0	0
0.828	44.7528	1.4	1000	0.2	30	1000	0.2	0	0
0.829	44.8202	1.4	1000	0.2	30	1000	0.2	0	0
0.83	44.8883	1.4	1000	0.2	30	1000	0.2	0	0
0.831	44.957	1.4	1000	0.2	30	1000	0.2	0	0
0.832	45.0254	1.4	1000	0.2	30	1000	0.2	0	0
0.833	45.0935	1.4	1000	0.2	30	1000	0.2	0	0
0.834	45.1617	1.4	1000	0.2	30	1000	0.2	0	0
0.835	45.2304	1.4	1000	0.2	30	1000	0.2	0	0
0.836	45.2995	1.4	1000	0.2	30	1000	0.2	0	0
0.837	45.3691	1.4	1000	0.2	30	1000	0.2	0	0
0.838	45.4388	1.4	1000	0.2	30	1000	0.2	0	0
0.839	45.5086	1.4	1000	0.2	30	1000	0.2	0	0
0.84	45.5785	1.4	1000	0.2	30	1000	0.2	0	0
0.841	45.6487	1.4	1000	0.2	30	1000	0.2	0	0
0.842	45.7189	1.4	1000	0.2	30	1000	0.2	0	0
0.843	45.7889	1.4	1000	0.2	30	1000	0.2	0	0
0.844	45.8589	1.4	1000	0.2	30	1000	0.2	0	0
0.845	45.9284	1.4	1000	0.2	30	1000	0.2	0	0
0.846	45.9975	1.4	1000	0.2	30	1000	0.2	0	0
0.847	46.0665	1.4	1000	0.2	30	1000	0.2	0	0
0.848	46.135	1.4	1000	0.2	30	1000	0.2	0	0
0.849	46.2026	1.4	1000	0.2	30	1000	0.2	0	0
0.85	46.27	1.4	1000	0.2	30	1000	0.2	0	0
0.851	46.3372	1.4	1000	0.2	30	1000	0.2	0	0
0.852	46.4045	1.4	1000	0.2	30	1000	0.2	0	0
0.853	46.4708	1.4	1000	0.2	30	1000	0.2	0	0
0.854	46.5355	1.4	1000	0.2	30	1000	0.2	0	0
0.855	46.5985	1.4	1000	0.2	30	1000	0.2	0	0
0.856	46.6606	1.4	1000	0.2	30	1000	0.2	0	0
0.857	46.7224	1.4	1000	0.2	30	1000	0.2	0	0
0.858	46.7831	1.4	1000	0.2	30	1000	0.2	0	0
0.859	46.8427	1.4	1000	0.2	30	1000	0.2	0	0
0.86	46.9023	1.4	1000	0.2	30	1000	0.2	0	0
0.861	46.9625	1.4	1000	0.2	30	1000	0.2	0	0
0.862	47.0231	1.4	1000	0.2	30	1000	0.2	0	0
0.863	47.084	1.4	1000	0.2	30	1000	0.2	0	0
0.864	47.1447	1.4	1000	0.2	30	1000	0.2	0	0
0.865	47.2047	1.4	1000	0.2	30	1000	0.2	0	0
0.866	47.2639	1.4	1000	0.2	30	1000	0.2	0	0
0.867	47.3221	1.4	1000	0.2	30	1000	0.2	0	0
0.868	47.3796	1.4	1000	0.2	30	1000	0.2	0	0
0.869	47.4369	1.4	1000	0.2	30	1000	0.2	0	0
0.87	47.4939	1.4	1000	0.2	30	1000	0.2	0	0
0.871	47.5508	1.4	1000	0.2	30	1000	0.2	0	0
0.872	47.6081	1.4	1000	0.2	30	1000	0.2	0	0
0.873	47.6661	1.4	1000	0.2	30	1000	0.2	0	0
0.874	47.7248	1.4	1000	0.2	30	1000	0.2	0	0
0.875	47.7839	1.4	1000	0.2	30	1000	0.2	0	0
0.876	47.843	1.4	1000	0.2	30	1000	0.2	0	0
0.877	47.9021	1.4	1000	0.2	30	1000	0.2	0	0
0.878	47.961	1.4	1000	0.2	30	1000	0.2	0	0
0.879	48.0203	1.4	1000	0.2	30	1000	0.2	0	0
0.88	48.08	1.4	1000	0.2	30	1000	0.2	0	0
0.881	48.1391	1.4	1000	0.2	30	1000	0.2	0	0
0.882	48.1981	1.4	1000	0.2	30	1000	0.2	0	0
0.883	48.2572	1.4	1000	0.2	30	1000	0.2	0	0
0.884	48.3166	1.4	1000	0.2	30	1000	0.2	0	0
0.885	48.3762	1.4	1000	0.2	30	1000	0.2	0	0
0.886	48.4352	1.4	1000	0.2	30	1000	0.2	0	0
0.887	48.4935	1.4	1000	0.2	30	1000	0.2	0	0
0.888	48.552	1.4	1000	0.2	30	1000	0.2	0	0
0.889	48.6105	1.4	1000	0.2	30	1000	0.2	0	0
0.89	48.6683	1.4	1000	0.2	30	1000	0.2	0	0
0.891	48.7246	1.4	1000	0.2	30	1000	0.2	0	0
0.892	48.7795	1.4	1000	0.2	30	1000	0.2	0	0
0.893	48.8337	1.4	1000	0.2	30	1000	0.2	0	0
0.894	48.8877	1.4	1000	0.2	30	1000	0.2	0	0
0.895	48.9415	1.4	1000	0.2	30	1000	0.2	0	0
0.896	48.9946	1.4	1000	0.2	30	1000	0.2	0	0
0.897	49.048	1.4	1000	0.2	30	1000	0.2	0	0
0.898	49.1027	1.4	1000	0.2	30	1000	0.2	0	0
0.899	49.1587	1.4	1000	0.2	30	1000	0.2	0	0
0.9	49.2153	1.4	1000	0.2	30	1000	0.2	0	0
0.901	49.2716	1.4	1000	0.2	30	1000	0.2	0	0
0.902	49.327	1.4	1000	0.2	30	1000	0.2	0	0
0.903	49.3805	1.4	1000	0.2	30	1000	0.2	0	0
0.904	49.4319	1.4	1000	0.2	30	1000	0.2	0	0
0.905	49.4817	1.4	1000	0.2	30	1000	0.2	0	0
0.906	49.5295	1.4	1000	0.2	30	1000	0.2	0	0
0.907	49.5766	1.4	1000	0.2	30	1000	0.2	0	0
0.908	49.6232	1.4	1000	0.2	30	1000	0.2	0	0
0.909	49.6686	1.4	1000	0.2	30	1000	0.2	0	0
0.91	49.7145	1.4	1000	0.2	30	1000	0.2	0	0
0.911	49.7612	1.4	1000	0.2	30	1000	0.2	0	0
0.912	49.8082	1.4	1000	0.2	30	1000	0.2	0	0
0.913	49.8548	1.4	1000	0.2	30	1000	0.2	0	0
0.914	49.9005	1.4	1000	0.2	30	1000	0.2	0	0
0.915	49.9455	1.4	1000	0.2	30	1000	0.2	0	0
0.916	49.9902	1.4	1000	0.2	30	1000	0.2	0	0
0.917	50.0338	1.4	1000	0.2	30	1000	0.2	0	0
0.918	50.0757	1.4	1000	0.2	30	1000	0.2	0	0
0.919	50.1154	1.4	1000	0.2	30	1000	0.2	0	0
0.92	50.1531	1.4	1000	0.2	30	1000	0.2	0	0
0.921	50.1874	1.4	1000	0.2	30	1000	0.2	0	0
0.922	50.218	1.4	1000	0.2	30	1000	0.2	0	0
0.923	50.2457	1.4	1000	0.2	30	1000	0.2	0	0
0.924	50.2704	1.4	1000	0.2	30	1000	0.2	0	0
0.925	50.2911	1.4	1000	0.2	30	1000	0.2	0	0
0.926	50.3069	1.4	1000	0.2	30	1000	0.2	0	0
0.927	50.318	1.4	1000	0.2	30	1000	0.2	0	0
0.928	50.3253	1.4	1000	0.2	30	1000	0.2	0	0
0.929	50.3272	1.4	1000	0.2	30	1000	0.2	0	0
0.93	50.3229	1.4	1000	0.2	30	1000	0.2	0	0
0.931	50.3177	1.4	1000	0.2	30	1000	0.2	0	0
0.932	50.3118	1.4	1000	0.2	30	1000	0.2	0	0
0.933	50.3081	1.4	1000	0.2	30	1000	0.2	0	0
0.934	50.3094	1.4	1000	0.2	30	1000	0.2	0	0
0.935	50.3115	1.4	1000	0.2	30	1000	0.2	0	0
0.936	50.3186	1.4	1000	0.2	30	1000	0.2	0	0
0.937	50.3311	1.4	1000	0.2	30	1000	0.2	0	0
0.938	50.3395	1.4	1000	0.2	30	1000	0.2	0	0
0.939	50.3456	1.4	1000	0.2	30	1000	0.2	0	0
0.94	50.3477	1.4	1000	0.2	30	1000	0.2	0	0
0.941	50.3433	1.4	1000	0.2	30	1000	0.2	0	0
0.942	50.3351	1.4	1000	0.2	30	1000	0.2	0	0
0.943	50.3215	1.4	1000	0.2	30	1000	0.2	0	0
0.944	50.3023	1.4	1000	0.2	30	1000	0.2	0	0
0.945	50.2809	1.4	1000	0.2	30	1000	0.2	0	0
0.946	50.2571	1.4	1000	0.2	30	1000	0.2	0	0
0.947	50.2294	1.4	1000	0.2	30	1000	0.2	0	0
0.948	50.197	1.4	1000	0.2	30	1000	0.2	0	0
0.949	50.1609	1.4	1000	0.2	30	1000	0.2	0	0
0.95	50.1215	1.4	1000	0.2	30	1000	0.2	0	0
0.951	50.079	1.4	1000	0.2	30	1000	0.2	0	0
0.952	50.0348	1.4	1000	0.2	30	1000	0.2	0	0
0.953	49.9897	1.4	1000	0.2	30	1000	0.2	0	0
0.954	49.9459	1.4	1000	0.2	30	1000	0.2	0	0
0.955	49.9046	1.4	1000	0.2	30	1000	0.2	0	0
0.956	49.8669	1.4	1000	0.2	30	1000	0.2	0	0
0.957	49.8342	1.4	1000	0.2	30	1000	0.2	0	0
0.958	49.8084	1.4	1000	0.2	30	1000	0.2	0	0
0.959	49.7899	1.4	1000	0.2	30	1000	0.2	0	0
0.96	49.7773	1.4	1000	0.2	30	1000	0.2	0	0
0.961	49.7734	1.4	1000	0.2	30	1000	0.2	0	0
0.962	49.7771	1.4	1000	0.2	30	1000	0.2	0	0
0.963	49.7867	1.4	1000	0.2	30	1000	0.2	0	0
0.964	49.7999	1.4	1000	0.2	30	1000	0.2	0	0
0.965	49.8161	1.4	1000	0.2	30	1000	0.2	0	0
0.966	49.8348	1.4	1000	0.2	30	1000	0.2	0	0
0.967	49.8561	1.4	1000	0.2	30	1000	0.2	0	0
0.968	49.877	1.4	1000	0.2	30	1000	0.2	0	0
0.969	49.8976	1.4	1000	0.2	30	1000	0.2	0	0
0.97	49.919	1.4	1000	0.2	30	1000	0.2	0	0
0.971	49.9417	1.4	1000	0.2	30	1000	0.2	0	0
0.972	49.9652	1.4	1000	0.2	30	1000	0.2	0	0
0.973	49.9917	1.4	1000	0.2	30	1000	0.2	0	0
0.974	50.0212	1.4	1000	0.2	30	1000	0.2	0	0
0.975	50.0512	1.4	1000	0.2	30	1000	0.2	0	0
0.976	50.0831	1.4	1000	0.2	30	1000	0.2	0	0
0.977	50.1193	1.4	1000	0.2	30	1000	0.2	0	0
0.978	50.1594	1.4	1000	0.2	30	1000	0.2	0	0
0.979	50.201	1.4	1000	0.2	30	1000	0.2	0	0
0.98	50.2457	1.4	1000	0.2	30	1000	0.2	0	0
0.981	50.2907	1.4	1000	0.2	30	1000	0.2	0	0
0.982	50.3361	1.4	1000	0.2	30	1000	0.2	0	0
0.983	50.3853	1.4	1000	0.2	30	1000	0.2	0	0
0.984	50.4344	1.4	1000	0.2	30	1000	0.2	0	0
0.985	50.4836	1.4	1000	0.2	30	1000	0.2	0	0
0.986	50.5354	1.4	1000	0.2	30	1000	0.2	0	0
0.987	50.5858	1.4	1000	0.2	30	1000	0.2	0	0
0.988	50.6373	1.4	1000	0.2	30	1000	0.2	0	0
0.989	50.6911	1.4	1000	0.2	30	1000	0.2	0	0
0.99	50.7432	1.4	1000	0.2	30	1000	0.2	0	0
0.991	50.7963	1.4	1000	0.2	30	1000	0.2	0	0
0.992	50.8492	1.4	1000	0.2	30	1000	0.2	0	0
0.993	50.9024	1.4	1000	0.2	30	1000	0.2	0	0
0.994	50.9574	1.4	1000	0.2	30	1000	0.2	0	0
0.995	51.0124	1.4	1000	0.2	30	1000	0.2	0	0
0.996	51.0675	1.4	1000	0.2	30	1000	0.2	0	0
0.997	51.1234	1.4	1000	0.2	30	1000	0.2	0	0
0.998	51.171	1.4	1000	0.2	30	1000	0.2	0	0
0.999	51.2209	1.4	1000	0.2	30	1000	0.2	0	0
1	51.2723	1.4	1000	0.2	30	1000	0.2	0	0
1.001	51.3237	1.4	1000	0.2	30	1000	0.2	0	0
1.002	51.3771	1.4	1000	0.2	30	1000	0.2	0	0
1.003	51.4329	1.4	1000	0.2	30	1000	0.2	0	0
1.004	51.4903	1.4	1000	0.2	30	1000	0.2	0	0
1.005	51.5574	1.4	1000	0.2	30	1000	0.2	0	0
1.006	51.6253	1.4	1000	0.2	30	1000	0.2	0	0
1.007	51.6939	1.4	1000	0.2	30	1000	0.2	0	0
1.008	51.7636	1.4	1000	0.2	30	1000	0.2	0	0
1.009	51.8341	1.4	1000	0.2	30	1000	0.2	0	0
1.01	51.9049	1.4	1000	0.2	30	1000	0.2	0	0
1.011	51.9766	1.4	1000	0.2	30	1000	0.2	0	0
1.012	52.0485	1.4	1000	0.2	30	1000	0.2	0	0
1.013	52.1201	1.4	1000	0.2	30	1000	0.2	0	0
1.014	52.1912	1.4	1000	0.2	30	1000	0.2	0	0
1.015	52.2616	1.4	1000	0.2	30	1000	0.2	0	0
1.016	52.3318	1.4	1000	0.2	30	1000	0.2	0	0
1.017	52.4019	1.4	1000	0.2	30	1000	0.2	0	0
1.018	52.4721	1.4	1000	0.2	30	1000	0.2	0	0
1.019	52.5419	1.4	1000	0.2	30	1000	0.2	0	0
1.02	52.6113	1.4	1000	0.2	30	1000	0.2	0	0
1.021	52.6801	1.4	1000	0.2	30	1000	0.2	0	0
1.022	52.7481	1.4	1000	0.2	30	1000	0.2	0	0
1.023	52.8154	1.4	1000	0.2	30	1000	0.2	0	0
1.024	52.8825	1.4	1000	0.2	30	1000	0.2	0	0
1.025	52.9491	1.4	1000	0.2	30	1000	0.2	0	0
1.026	53.0155	1.4	1000	0.2	30	1000	0.2	0	0
1.027	53.0816	1.4	1000	0.2	30	1000	0.2	0	0
1.028	53.1476	1.4	1000	0.2	30	1000	0.2	0	0
1.029	53.213	1.4	1000	0.2	30	1000	0.2	0	0
1.03	53.2779	1.4	1000	0.2	30	1000	0.2	0	0
1.031	53.3419	1.4	1000	0.2	30	1000	0.2	0	0
1.032	53.4052	1.4	1000	0.2	30	1000	0.2	0	0
1.033	53.4681	1.4	1000	0.2	30	1000	0.2	0	0
1.034	53.5302	1.4	1000	0.2	30	1000	0.2	0	0
1.035	53.5913	1.4	1000	0.2	30	1000	0.2	0	0
1.036	53.6521	1.4	1000	0.2	30	1000	0.2	0	0
1.037	53.712	1.4	1000	0.2	30	1000	0.2	0	0
1.038	53.7705	1.4	1000	0.2	30	1000	0.2	0	0
1.039	53.8283	1.4	1000	0.2	30	1000	0.2	0	0
1.04	53.885	1.4	1000	0.2	30	1000	0.2	0	0
1.041	53.941	1.4	1000	0.2	30	1000	0.2	0	0
1.042	53.9966	1.4	1000	0.2	30	1000	0.2	0	0
1.043	54.0513	1.4	1000	0.2	30	1000	0.2	0	0
1.044	54.1052	1.4	1000	0.2	30	1000	0.2	0	0
1.045	54.1584	1.4	1000	0.2	30	1000	0.2	0	0
1.046	54.21	1.4	1000	0.2	30	1000	0.2	0	0
1.047	54.2601	1.4	1000	0.2	30	1000	0.2	0	0
1.048	54.3089	1.4	1000	0.2	30	1000	0.2	0	0
1.049	54.3564	1.4	1000	0.2	30	1000	0.2	0	0
1.05	54.4029	1.4	1000	0.2	30	1000	0.2	0	0
1.051	54.4487	1.4	1000	0.2	30	1000	0.2	0	0
1.052	54.4938	1.4	1000	0.2	30	1000	0.2	0	0
1.053	54.5385	1.4	1000	0.2	30	1000	0.2	0	0
1.054	54.5826	1.4	1000	0.2	30	1000	0.2	0	0
1.055	54.6262	1.4	1000	0.2	30	1000	0.2	0	0
1.056	54.6691	1.4	1000	0.2	30	1000	0.2	0	0
1.057	54.711	1.4	1000	0.2	30	1000	0.2	0	0
1.058	54.7516	1.4	1000	0.2	30	1000	0.2	0	0
1.059	54.7914	1.4	1000	0.2	30	1000	0.2	0	0
1.06	54.8301	1.4	1000	0.2	30	1000	0.2	0	0
1.061	54.8679	1.4	1000	0.2	30	1000	0.2	0	0
1.062	54.9048	1.4	1000	0.2	30	1000	0.2	0	0
1.063	54.9411	1.4	1000	0.2	30	1000	0.2	0	0
1.064	54.9765	1.4	1000	0.2	30	1000	0.2	0	0
1.065	55.0109	1.4	1000	0.2	30	1000	0.2	0	0
1.066	55.0442	1.4	1000	0.2	30	1000	0.2	0	0
1.067	55.0765	1.4	1000	0.2	30	1000	0.2	0	0
1.068	55.1075	1.4	1000	0.2	30	1000	0.2	0	0
1.069	55.1375	1.4	1000	0.2	30	1000	0.2	0	0
1.07	55.1671	1.4	1000	0.2	30	1000	0.2	0	0
1.071	55.1961	1.4	1000	0.2	30	1000	0.2	0	0
1.072	55.2245	1.4	1000	0.2	30	1000	0.2	0	0
1.073	55.2527	1.4	1000	0.2	30	1000	0.2	0	0
1.074	55.2798	1.4	1000	0.2	30	1000	0.2	0	0
1.075	55.3059	1.4	1000	0.2	30	1000	0.2	0	0
1.076	55.3312	1.4	1000	0.2	30	1000	0.2	0	0
1.077	55.3546	1.4	1000	0.2	30	1000	0.2	0	0
1.078	55.3764	1.4	1000	0.2	30	1000	0.2	0	0
1.079	55.3971	1.4	1000	0.2	30	1000	0.2	0	0
1.08	55.4162	1.4	1000	0.2	30	1000	0.2	0	0
1.081	55.4346	1.4	1000	0.2	30	1000	0.2	0	0
1.082	55.4526	1.4	1000	0.2	30	1000	0.2	0	0
1.083	55.4695	1.4	1000	0.2	30	1000	0.2	0	0
1.084	55.4856	1.4	1000	0.2	30	1000	0.2	0	0
1.085	55.5012	1.4	1000	0.2	30	1000	0.2	0	0
1.086	55.5149	1.4	1000	0.2	30	1000	0.2	0	0
1.087	55.527	1.4	1000	0.2	30	1000	0.2	0	0
1.088	55.5377	1.4	1000	0.2	30	1000	0.2	0	0
1.089	55.5464	1.4	1000	0.2	30	1000	0.2	0	0
1.09	55.5544	1.4	1000	0.2	30	1000	0.2	0	0
1.091	55.5616	1.4	1000	0.2	30	1000	0.2	0	0
1.092	55.5678	1.4	1000	0.2	30	1000	0.2	0	0
1.093	55.574	1.4	1000	0.2	30	1000	0.2	0	0
1.094	55.5795	1.4	1000	0.2	30	1000	0.2	0	0
1.095	55.5841	1.4	1000	0.2	30	1000	0.2	0	0
1.096	55.588	1.4	1000	0.2	30	1000	0.2	0	0
1.097	55.5897	1.4	1000	0.2	30	1000	0.2	0	0
1.098	55.5896	1.4	1000	0.2	30	1000	0.2	0	0
1.099	55.5881	1.4	1000	0.2	30	1000	0.2	0	0
1.1	55.5851	1.4	1000	0.2	30	1000	0.2	0	0
1.101	55.5815	1.4	1000	0.2	30	1000	0.2	0	0
1.102	55.5769	1.4	1000	0.2	30	1000	0.2	0	0
1.103	55.5717	1.4	1000	0.2	30	1000	0.2	0	0
1.104	55.5663	1.4	1000	0.2	30	1000	0.2	0	0
1.105	55.5594	1.4	1000	0.2	30	1000	0.2	0	0
1.106	55.5505	1.4	1000	0.2	30	1000	0.2	0	0
1.107	55.5394	1.4	1000	0.2	30	1000	0.2	0	0
1.108	55.5245	1.4	1000	0.2	30	1000	0.2	0	0
1.109	55.5056	1.4	1000	0.2	30	1000	0.2	0	0
1.11	55.4821	1.4	1000	0.2	30	1000	0.2	0	0
1.111	55.4521	1.4	1000	0.2	30	1000	0.2	0	0
1.112	55.4171	1.4	1000	0.2	30	1000	0.2	0	0
1.113	55.376	1.4	1000	0.2	30	1000	0.2	0	0
1.114	55.3274	1.4	1000	0.2	30	1000	0.2	0	0
1.115	55.2721	1.4	1000	0.2	30	1000	0.2	0	0
1.116	55.2103	1.4	1000	0.2	30	1000	0.2	0	0
1.117	55.1397	1.4	1000	0.2	30	1000	0.2	0	0
1.118	55.062	1.4	1000	0.2	30	1000	0.2	0	0
1.119	54.9771	1.4	1000	0.2	30	1000	0.2	0	0
1.12	54.885	1.4	1000	0.2	30	1000	0.2	0	0
1.121	54.7882	1.4	1000	0.2	30	1000	0.2	0	0
1.122	54.6879	1.4	1000	0.2	30	1000	0.2	0	0
1.123	54.585	1.4	1000	0.2	30	1000	0.2	0	0
1.124	54.4844	1.4	1000	0.2	30	1000	0.2	0	0
1.125	54.385	1.4	1000	0.2	30	1000	0.2	0	0
1.126	54.2867	1.4	1000	0.2	30	1000	0.2	0	0
1.127	54.1897	1.4	1000	0.2	30	1000	0.2	0	0
1.128	54.0905	1.4	1000	0.2	30	1000	0.2	0	0
1.129	53.9908	1.4	1000	0.2	30	1000	0.2	0	0
1.13	53.8888	1.4	1000	0.2	30	1000	0.2	0	0
1.131	53.7819	1.4	1000	0.2	30	1000	0.2	0	0
1.132	53.6745	1.4	1000	0.2	30	1000	0.2	0	0
1.133	53.5643	1.4	1000	0.2	30	1000	0.2	0	0
1.134	53.4512	1.4	1000	0.2	30	1000	0.2	0	0
1.135	53.3378	1.4	1000	0.2	30	1000	0.2	0	0
1.136	53.2217	1.4	1000	0.2	30	1000	0.2	0	0
1.137	53.1	1.4	1000	0.2	30	1000	0.2	0	0
1.138	52.9726	1.4	1000	0.2	30	1000	0.2	0	0
1.139	52.8355	1.4	1000	0.2	30	1000	0.2	0	0
1.14	52.6882	1.4	1000	0.2	30	1000	0.2	0	0
1.141	52.5304	1.4	1000	0.2	30	1000	0.2	0	0
1.142	52.3617	1.4	1000	0.2	30	1000	0.2	0	0
1.143	52.1813	1.4	1000	0.2	30	1000	0.2	0	0
1.144	51.9937	1.4	1000	0.2	30	1000	0.2	0	0
1.145	51.8014	1.4	1000	0.2	30	1000	0.2	0	0
1.146	51.6077	1.4	1000	0.2	30	1000	0.2	0	0
1.147	51.4189	1.4	1000	0.2	30	1000	0.2	0	0
1.148	51.2389	1.4	1000	0.2	30	1000	0.2	0	0
1.149	51.0729	1.4	1000	0.2	30	1000	0.2	0	0
1.15	50.9253	1.4	1000	0.2	30	1000	0.2	0	0
1.151	50.7989	1.4	1000	0.2	30	1000	0.2	0	0
1.152	50.6933	1.4	1000	0.2	30	1000	0.2	0	0
1.153	50.6094	1.4	1000	0.2	30	1000	0.2	0	0
1.154	50.5441	1.4	1000	0.2	30	1000	0.2	0	0
1.155	50.4958	1.4	1000	0.2	30	1000	0.2	0	0
1.156	50.4604	1.4	1000	0.2	30	1000	0.2	0	0
1.157	50.4346	1.4	1000	0.2	30	1000	0.2	0	0
1.158	50.416	1.4	1000	0.2	30	1000	0.2	0	0
1.159	50.4029	1.4	1000	0.2	30	1000	0.2	0	0
1.16	50.3931	1.4	1000	0.2	30	1000	0.2	0	0
1.161	50.3869	1.4	1000	0.2	30	1000	0.2	0	0
1.162	50.3821	1.4	1000	0.2	30	1000	0.2	0	0
1.163	50.3788	1.4	1000	0.2	30	1000	0.2	0	0
1.164	50.377	1.4	1000	0.2	30	1000	0.2	0	0
1.165	50.3761	1.4	1000	0.2	30	1000	0.2	0	0
1.166	50.3768	1.4	1000	0.2	30	1000	0.2	0	0
1.167	50.3787	1.4	1000	0.2	30	1000	0.2	0	0
1.168	50.3808	1.4	1000	0.2	30	1000	0.2	0	0
1.169	50.384	1.4	1000	0.2	30	1000	0.2	0	0
1.17	50.3876	1.4	1000	0.2	30	1000	0.2	0	0
1.171	50.3916	1.4	1000	0.2	30	1000	0.2	0	0
1.172	50.3955	1.4	1000	0.2	30	1000	0.2	0	0
1.173	50.3985	1.4	1000	0.2	30	1000	0.2	0	0
1.174	50.4003	1.4	1000	0.2	30	1000	0.2	0	0
1.175	50.4012	1.4	1000	0.2	30	1000	0.2	0	0
1.176	50.4017	1.4	1000	0.2	30	1000	0.2	0	0
1.177	50.4022	1.4	1000	0.2	30	1000	0.2	0	0
1.178	50.4025	1.4	1000	0.2	30	1000	0.2	0	0
1.179	50.4029	1.4	1000	0.2	30	1000	0.2	0	0
1.18	50.4034	1.4	1000	0.2	30	1000	0.2	0	0
1.181	50.4041	1.4	1000	0.2	30	1000	0.2	0	0
1.182	50.4048	1.4	1000	0.2	30	1000	0.2	0	0
1.183	50.4056	1.4	1000	0.2	30	1000	0.2	0	0
1.184	50.4066	1.4	1000	0.2	30	1000	0.2	0	0
1.185	50.4086	1.4	1000	0.2	30	1000	0.2	0	0
1.186	50.4115	1.4	1000	0.2	30	1000	0.2	0	0
1.187	50.4152	1.4	1000	0.2	30	1000	0.2	0	0
1.188	50.4202	1.4	1000	0.2	30	1000	0.2	0	0
1.189	50.4263	1.4	1000	0.2	30	1000	0.2	0	0
1.19	50.4331	1.4	1000	0.2	30	1000	0.2	0	0
1.191	50.4412	1.4	1000	0.2	30	1000	0.2	0	0
1.192	50.4504	1.4	1000	0.2	30	1000	0.2	0	0
1.193	50.4606	1.4	1000	0.2	30	1000	0.2	0	0
1.194	50.4722	1.4	1000	0.2	30	1000	0.2	0	0
1.195	50.4854	1.4	1000	0.2	30	1000	0.2	0	0
1.196	50.5004	1.4	1000	0.2	30	1000	0.2	0	0
1.197	50.5174	1.4	1000	0.2	30	1000	0.2	0	0
1.198	50.5365	1.4	1000	0.2	30	1000	0.2	0	0
1.199	50.5578	1.4	1000	0.2	30	1000	0.2	0	0
1.2	50.5812	1.4	1000	0.2	30	1000	0.2	0	0
1.201	50.6068	1.4	1000	0.2	30	1000	0.2	0	0
1.202	50.6346	1.4	1000	0.2	30	1000	0.2	0	0
1.203	50.6645	1.4	1000	0.2	30	1000	0.2	0	0
1.204	50.6968	1.4	1000	0.2	30	1000	0.2	0	0
1.205	50.7306	1.4	1000	0.2	30	1000	0.2	0	0
1.206	50.7654	1.4	1000	0.2	30	1000	0.2	0	0
1.207	50.8012	1.4	1000	0.2	30	1000	0.2	0	0
1.208	50.8379	1.4	1000	0.2	30	1000	0.2	0	0
1.209	50.8755	1.4	1000	0.2	30	1000	0.2	0	0
1.21	50.9145	1.4	1000	0.2	30	1000	0.2	0	0
1.211	50.9548	1.4	1000	0.2	30	1000	0.2	0	0
1.212	50.9971	1.4	1000	0.2	30	1000	0.2	0	0
1.213	51.0413	1.4	1000	0.2	30	1000	0.2	0	0
1.214	51.0873	1.4	1000	0.2	30	1000	0.2	0	0
1.215	51.1348	1.4	1000	0.2	30	1000	0.2	0	0
1.216	51.183	1.4	1000	0.2	30	1000	0.2	0	0
1.217	51.2317	1.4	1000	0.2	30	1000	0.2	0	0
1.218	51.2809	1.4	1000	0.2	30	1000	0.2	0	0
1.219	51.3298	1.4	1000	0.2	30	1000	0.2	0	0
1.22	51.3791	1.4	1000	0.2	30	1000	0.2	0	0
1.221	51.4286	1.4	1000	0.2	30	1000	0.2	0	0
1.222	51.4786	1.4	1000	0.2	30	1000	0.2	0	0
1.223	51.5295	1.4	1000	0.2	30	1000	0.2	0	0
1.224	51.5811	1.4	1000	0.2	30	1000	0.2	0	0
1.225	51.633	1.4	1000	0.2	30	1000	0.2	0	0
1.226	51.6847	1.4	1000	0.2	30	1000	0.2	0	0
1.227	51.736	1.4	1000	0.2	30	1000	0.2	0	0
1.228	51.787	1.4	1000	0.2	30	1000	0.2	0	0
1.229	51.8372	1.4	1000	0.2	30	1000	0.2	0	0
1.23	51.8868	1.4	1000	0.2	30	1000	0.2	0	0
1.231	51.9358	1.4	1000	0.2	30	1000	0.2	0	0
1.232	51.9835	1.4	1000	0.2	30	1000	0.2	0	0
1.233	52.0307	1.4	1000	0.2	30	1000	0.2	0	0
1.234	52.0774	1.4	1000	0.2	30	1000	0.2	0	0
1.235	52.1231	1.4	1000	0.2	30	1000	0.2	0	0
1.236	52.1685	1.4	1000	0.2	30	1000	0.2	0	0
1.237	52.2131	1.4	1000	0.2	30	1000	0.2	0	0
1.238	52.2571	1.4	1000	0.2	30	1000	0.2	0	0
1.239	52.3012	1.4	1000	0.2	30	1000	0.2	0	0
1.24	52.345	1.4	1000	0.2	30	1000	0.2	0	0
1.241	52.3887	1.4	1000	0.2	30	1000	0.2	0	0
1.242	52.4324	1.4	1000	0.2	30	1000	0.2	0	0
1.243	52.4756	1.4	1000	0.2	30	1000	0.2	0	0
1.244	52.5178	1.4	1000	0.2	30	1000	0.2	0	0
1.245	52.5593	1.4	1000	0.2	30	1000	0.2	0	0
1.246	52.5996	1.4	1000	0.2	30	1000	0.2	0	0
1.247	52.639	1.4	1000	0.2	30	1000	0.2	0	0
1.248	52.6773	1.4	1000	0.2	30	1000	0.2	0	0
1.249	52.7145	1.4	1000	0.2	30	1000	0.2	0	0
1.25	52.7506	1.4	1000	0.2	30	1000	0.2	0	0
1.251	52.7853	1.4	1000	0.2	30	1000	0.2	0	0
1.252	52.8183	1.4	1000	0.2	30	1000	0.2	0	0
1.253	52.8497	1.4	1000	0.2	30	1000	0.2	0	0
1.254	52.8796	1.4	1000	0.2	30	1000	0.2	0	0
1.255	52.9079	1.4	1000	0.2	30	1000	0.2	0	0
1.256	52.9348	1.4	1000	0.2	30	1000	0.2	0	0
1.257	52.9603	1.4	1000	0.2	30	1000	0.2	0	0
1.258	52.9849	1.4	1000	0.2	30	1000	0.2	0	0
1.259	53.0084	1.4	1000	0.2	30	1000	0.2	0	0
1.26	53.0304	1.4	1000	0.2	30	1000	0.2	0	0
1.261	53.0513	1.4	1000	0.2	30	1000	0.2	0	0
1.262	53.0708	1.4	1000	0.2	30	1000	0.2	0	0
1.263	53.0893	1.4	1000	0.2	30	1000	0.2	0	0
1.264	53.1076	1.4	1000	0.2	30	1000	0.2	0	0
1.265	53.1252	1.4	1000	0.2	30	1000	0.2	0	0
1.266	53.1426	1.4	1000	0.2	30	1000	0.2	0	0
1.267	53.1597	1.4	1000	0.2	30	1000	0.2	0	0
1.268	53.1757	1.4	1000	0.2	30	1000	0.2	0	0
1.269	53.1906	1.4	1000	0.2	30	1000	0.2	0	0
1.27	53.204	1.4	1000	0.2	30	1000	0.2	0	0
1.271	53.2149	1.4	1000	0.2	30	1000	0.2	0	0
1.272	53.224	1.4	1000	0.2	30	1000	0.2	0	0
1.273	53.231	1.4	1000	0.2	30	1000	0.2	0	0
1.274	53.2361	1.4	1000	0.2	30	1000	0.2	0	0
1.275	53.2402	1.4	1000	0.2	30	1000	0.2	0	0
1.276	53.2425	1.4	1000	0.2	30	1000	0.2	0	0
1.277	53.2431	1.4	1000	0.2	30	1000	0.2	0	0
1.278	53.2427	1.4	1000	0.2	30	1000	0.2	0	0
1.279	53.2402	1.4	1000	0.2	30	1000	0.2	0	0
1.28	53.2358	1.4	1000	0.2	30	1000	0.2	0	0
1.281	53.2297	1.4	1000	0.2	30	1000	0.2	0	0
1.282	53.2214	1.4	1000	0.2	30	1000	0.2	0	0
1.283	53.2109	1.4	1000	0.2	30	1000	0.2	0	0
1.284	53.1987	1.4	1000	0.2	30	1000	0.2	0	0
1.285	53.1843	1.4	1000	0.2	30	1000	0.2	0	0
1.286	53.1682	1.4	1000	0.2	30	1000	0.2	0	0
1.287	53.15	1.4	1000	0.2	30	1000	0.2	0	0
1.288	53.1295	1.4	1000	0.2	30	1000	0.2	0	0
1.289	53.1067	1.4	1000	0.2	30	1000	0.2	0	0
1.29	53.0818	1.4	1000	0.2	30	1000	0.2	0	0
1.291	53.0544	1.4	1000	0.2	30	1000	0.2	0	0
1.292	53.0243	1.4	1000	0.2	30	1000	0.2	0	0
1.293	52.991	1.4	1000	0.2	30	1000	0.2	0	0
1.294	52.9548	1.4	1000	0.2	30	1000	0.2	0	0
1.295	52.9157	1.4	1000	0.2	30	1000	0.2	0	0
1.296	52.8732	1.4	1000	0.2	30	1000	0.2	0	0
1.297	52.8274	1.4	1000	0.2	30	1000	0.2	0	0
1.298	52.7787	1.4	1000	0.2	30	1000	0.2	0	0
1.299	52.7267	1.4	1000	0.2	30	1000	0.2	0	0
1.3	52.6722	1.4	1000	0.2	30	1000	0.2	0	0
1.301	52.6149	1.4	1000	0.2	30	1000	0.2	0	0
1.302	52.554	1.4	1000	0.2	30	1000	0.2	0	0
1.303	52.4901	1.4	1000	0.2	30	1000	0.2	0	0
1.304	52.4227	1.4	1000	0.2	30	1000	0.2	0	0
1.305	52.3515	1.4	1000	0.2	30	1000	0.2	0	0
1.306	52.2767	1.4	1000	0.2	30	1000	0.2	0	0
1.307	52.1978	1.4	1000	0.2	30	1000	0.2	0	0
1.308	52.1148	1.4	1000	0.2	30	1000	0.2	0	0
1.309	52.0282	1.4	1000	0.2	30	1000	0.2	0	0
1.31	51.9374	1.4	1000	0.2	30	1000	0.2	0	0
1.311	51.843	1.4	1000	0.2	30	1000	0.2	0	0
1.312	51.7451	1.4	1000	0.2	30	1000	0.2	0	0
1.313	51.6439	1.4	1000	0.2	30	1000	0.2	0	0
1.314	51.5396	1.4	1000	0.2	30	1000	0.2	0	0
1.315	51.4322	1.4	1000	0.2	30	1000	0.2	0	0
1.316	51.3215	1.4	1000	0.2	30	1000	0.2	0	0
1.317	51.2087	1.4	1000	0.2	30	1000	0.2	0	0
1.318	51.0933	1.4	1000	0.2	30	1000	0.2	0	0
1.319	50.976	1.4	1000	0.2	30	1000	0.2	0	0
1.32	50.8568	1.4	1000	0.2	30	1000	0.2	0	0
1.321	50.7357	1.4	1000	0.2	30	1000	0.2	0	0
1.322	50.6133	1.4	1000	0.2	30	1000	0.2	0	0
1.323	50.4891	1.4	1000	0.2	30	1000	0.2	0	0
1.324	50.3616	1.4	1000	0.2	30	1000	0.2	0	0
1.325	50.2303	1.4	1000	0.2	30	1000	0.2	0	0
1.326	50.0936	1.4	1000	0.2	30	1000	0.2	0	0
1.327	49.9516	1.4	1000	0.2	30	1000	0.2	0	0
1.328	49.804	1.4	1000	0.2	30	1000	0.2	0	0
1.329	49.6505	1.4	1000	0.2	30	1000	0.2	0	0
1.33	49.4926	1.4	1000	0.2	30	1000	0.2	0	0
1.331	49.3324	1.4	1000	0.2	30	1000	0.2	0	0
1.332	49.1723	1.4	1000	0.2	30	1000	0.2	0	0
1.333	49.0146	1.4	1000	0.2	30	1000	0.2	0	0
1.334	48.8603	1.4	1000	0.2	30	1000	0.2	0	0
1.335	48.7105	1.4	1000	0.2	30	1000	0.2	0	0
1.336	48.5664	1.4	1000	0.2	30	1000	0.2	0	0
1.337	48.4092	1.4	1000	0.2	30	1000	0.2	0	0
1.338	48.238	1.4	1000	0.2	30	1000	0.2	0	0
1.339	48.0515	1.4	1000	0.2	30	1000	0.2	0	0
1.34	47.8486	1.4	1000	0.2	30	1000	0.2	0	0
1.341	47.6288	1.4	1000	0.2	30	1000	0.2	0	0
1.342	47.3914	1.4	1000	0.2	30	1000	0.2	0	0
1.343	47.1351	1.4	1000	0.2	30	1000	0.2	0	0
1.344	46.8789	1.4	1000	0.2	30	1000	0.2	0	0
1.345	46.6227	1.4	1000	0.2	30	1000	0.2	0	0
1.346	46.3665	1.4	1000	0.2	30	1000	0.2	0	0
1.347	46.1103	1.4	1000	0.2	30	1000	0.2	0	0
1.348	45.8541	1.4	1000	0.2	30	1000	0.2	0	0
1.349	45.5979	1.4	1000	0.2	30	1000	0.2	0	0
1.35	45.3417	1.4	1000	0.2	30	1000	0.2	0	0
1.351	45.0855	1.4	1000	0.2	30	1000	0.2	0	0
1.352	44.8293	1.4	1000	0.2	30	1000	0.2	0	0
1.353	44.5731	1.4	1000	0.2	30	1000	0.2	0	0
1.354	44.3169	1.4	1000	0.2	30	1000	0.2	0	0
1.355	44.0607	1.4	1000	0.2	30	1000	0.2	0	0
1.356	43.8045	1.4	1000	0.2	30	1000	0.2	0	0
1.357	43.5483	1.4	1000	0.2	30	1000	0.2	0	0
1.358	43.2921	1.4	1000	0.2	30	1000	0.2	0	0
1.359	43.0359	1.4	1000	0.2	30	1000	0.2	0	0
1.36	42.7797	1.4	1000	0.2	30	1000	0.2	0	0
1.361	42.5235	1.4	1000	0.2	30	1000	0.2	0	0
1.362	42.2673	1.4	1000	0.2	30	1000	0.2	0	0
1.363	42.0111	1.4	1000	0.2	30	1000	0.2	0	0
1.364	41.7549	1.4	1000	0.2	30	1000	0.2	0	0
1.365	41.4987	1.4	1000	0.2	30	1000	0.2	0	0
1.366	41.2425	1.4	1000	0.2	30	1000	0.2	0	0
1.367	40.9863	1.4	1000	0.2	30	1000	0.2	0	0
1.368	40.73	1.4	1000	0.2	30	1000	0.2	0	0
1.369	40.4738	1.4	1000	0.2	30	1000	0.2	0	0
1.37	40.2176	1.4	1000	0.2	30	1000	0.2	0	0
1.371	39.9614	1.4	1000	0.2	30	1000	0.2	0	0
1.372	39.7052	1.4	1000	0.2	30	1000	0.2	0	0
1.373	39.449	1.4	1000	0.2	30	1000	0.2	0	0
1.374	39.1928	1.4	1000	0.2	30	1000	0.2	0	0
1.375	38.9366	1.4	1000	0.2	30	1000	0.2	0	0
1.376	38.6804	1.4	1000	0.2	30	1000	0.2	0	0
1.377	38.4242	1.4	1000	0.2	30	1000	0.2	0	0
1.378	38.168	1.4	1000	0.2	30	1000	0.2	0	0
1.379	37.9118	1.4	1000	0.2	30	1000	0.2	0	0
1.38	37.6556	1.4	1000	0.2	30	1000	0.2	0	0
1.381	37.3994	1.4	1000	0.2	30	1000	0.2	0	0
1.382	37.1432	1.4	1000	0.2	30	1000	0.2	0	0
1.383	36.887	1.4	1000	0.2	30	1000	0.2	0	0
1.384	36.6308	1.4	1000	0.2	30	1000	0.2	0	0
1.385	36.3746	1.4	1000	0.2	30	1000	0.2	0	0
1.386	36.1184	1.4	1000	0.2	30	1000	0.2	0	0
1.387	35.8622	1.4	1000	0.2	30	1000	0.2	0	0
1.388	35.606	1.4	1000	0.2	30	1000	0.2	0	0
1.389	35.3498	1.4	1000	0.2	30	1000	0.2	0	0
1.39	35.0936	1.4	1000	0.2	30	1000	0.2	0	0
1.391	34.8374	1.4	1000	0.2	30	1000	0.2	0	0
1.392	34.5812	1.4	1000	0.2	30	1000	0.2	0	0
1.393	34.325	1.4	1000	0.2	30	1000	0.2	0	0
1.394	34.0688	1.4	1000	0.2	30	1000	0.2	0	0
1.395	33.8126	1.4	1000	0.2	30	1000	0.2	0	0
1.396	33.5564	1.4	1000	0.2	30	1000	0.2	0	0
1.397	33.3002	1.4	1000	0.2	30	1000	0.2	0	0
1.398	33.0439	1.4	1000	0.2	30	1000	0.2	0	0
1.399	32.7877	1.4	1000	0.2	30	1000	0.2	0	0
1.4	32.5315	1.4	1000	0.2	30	1000	0.2	0	0
1.401	32.2753	1.4	1000	0.2	30	1000	0.2	0	0
1.402	32.019	1.4	1000	0.2	30	1000	0.2	0	0
1.403	31.7627	1.4	1000	0.2	30	1000	0.2	0	0
1.404	31.5064	1.4	1000	0.2	30	1000	0.2	0	0
1.405	31.25	1.4	1000	0.2	30	1000	0.2	0	0
1.406	30.9937	1.4	1000	0.2	30	1000	0.2	0	0
1.407	30.7373	1.4	1000	0.2	30	1000	0.2	0	0
1.408	30.4809	1.4	1000	0.2	30	1000	0.2	0	0
1.409	30.2246	1.4	1000	0.2	30	1000	0.2	0	0
1.41	29.9682	1.4	1000	0.2	30	1000	0.2	0	0
1.411	29.7118	1.4	1000	0.2	30	1000	0.2	0	0
1.412	29.4555	1.4	1000	0.2	30	1000	0.2	0	0
1.413	29.1991	1.4	1000	0.2	30	1000	0.2	0	0
1.414	28.9427	1.4	1000	0.2	30	1000	0.2	0	0
1.415	28.6863	1.4	1000	0.2	30	1000	0.2	0	0
1.416	28.43	1.4	1000	0.2	30	1000	0.2	0	0
1.417	28.1923	1.4	1000	0.2	30	1000	0.2	0	0
1.418	27.9829	1.4	1000	0.2	30	1000	0.2	0	0
1.419	27.7987	1.4	1000	0.2	30	1000	0.2	0	0
1.42	27.6444	1.4	1000	0.2	30	1000	0.2	0	0
1.421	27.5273	1.4	1000	0.2	30	1000	0.2	0	0
1.422	27.4402	1.4	1000	0.2	30	1000	0.2	0	0
1.423	27.3803	1.4	1000	0.2	30	1000	0.2	0	0
1.424	27.3305	1.4	1000	0.2	30	1000	0.2	0	0
1.425	27.2762	1.4	1000	0.2	30	1000	0.2	0	0
1.426	27.2269	1.4	1000	0.2	30	1000	0.2	0	0
1.427	27.1811	1.4	1000	0.2	30	1000	0.2	0	0
1.428	27.1302	1.4	1000	0.2	30	1000	0.2	0	0
1.429	27.0843	1.4	1000	0.2	30	1000	0.2	0	0
1.43	27.0437	1.4	1000	0.2	30	1000	0.2	0	0
1.431	27.0017	1.4	1000	0.2	30	1000	0.2	0	0
1.432	26.9703	1.4	1000	0.2	30	1000	0.2	0	0
1.433	26.939	1.4	1000	0.2	30	1000	0.2	0	0
1.434	26.9039	1.4	1000	0.2	30	1000	0.2	0	0
1.435	26.8729	1.4	1000	0.2	30	1000	0.2	0	0
1.436	26.8402	1.4	1000	0.2	30	1000	0.2	0	0
1.437	26.812	1.4	1000	0.2	30	1000	0.2	0	0
1.438	26.7964	1.4	1000	0.2	30	1000	0.2	0	0
1.439	26.7804	1.4	1000	0.2	30	1000	0.2	0	0
1.44	26.7703	1.4	1000	0.2	30	1000	0.2	0	0
1.441	26.7673	1.4	1000	0.2	30	1000	0.2	0	0
1.442	26.7632	1.4	1000	0.2	30	1000	0.2	0	0
1.443	26.7645	1.4	1000	0.2	30	1000	0.2	0	0
1.444	26.7693	1.4	1000	0.2	30	1000	0.2	0	0
1.445	26.7735	1.4	1000	0.2	30	1000	0.2	0	0
1.446	26.7826	1.4	1000	0.2	30	1000	0.2	0	0
1.447	26.7954	1.4	1000	0.2	30	1000	0.2	0	0
1.448	26.8116	1.4	1000	0.2	30	1000	0.2	0	0
1.449	26.8326	1.4	1000	0.2	30	1000	0.2	0	0
1.45	26.856	1.4	1000	0.2	30	1000	0.2	0	0
1.451	26.8779	1.4	1000	0.2	30	1000	0.2	0	0
1.452	26.8989	1.4	1000	0.2	30	1000	0.2	0	0
1.453	26.9197	1.4	1000	0.2	30	1000	0.2	0	0
1.454	26.9391	1.4	1000	0.2	30	1000	0.2	0	0
1.455	26.957	1.4	1000	0.2	30	1000	0.2	0	0
1.456	26.9739	1.4	1000	0.2	30	1000	0.2	0	0
1.457	26.9888	1.4	1000	0.2	30	1000	0.2	0	0
1.458	27.0032	1.4	1000	0.2	30	1000	0.2	0	0
1.459	27.0183	1.4	1000	0.2	30	1000	0.2	0	0
1.46	27.0332	1.4	1000	0.2	30	1000	0.2	0	0
1.461	27.0503	1.4	1000	0.2	30	1000	0.2	0	0
1.462	27.0711	1.4	1000	0.2	30	1000	0.2	0	0
1.463	27.0961	1.4	1000	0.2	30	1000	0.2	0	0
1.464	27.1288	1.4	1000	0.2	30	1000	0.2	0	0
1.465	27.1691	1.4	1000	0.2	30	1000	0.2	0	0
1.466	27.2164	1.4	1000	0.2	30	1000	0.2	0	0
1.467	27.2724	1.4	1000	0.2	30	1000	0.2	0	0
1.468	27.3336	1.4	1000	0.2	30	1000	0.2	0	0
1.469	27.4006	1.4	1000	0.2	30	1000	0.2	0	0
1.47	27.4724	1.4	1000	0.2	30	1000	0.2	0	0
1.471	27.5462	1.4	1000	0.2	30	1000	0.2	0	0
1.472	27.6228	1.4	1000	0.2	30	1000	0.2	0	0
1.473	27.7024	1.4	1000	0.2	30	1000	0.2	0	0
1.474	27.7823	1.4	1000	0.2	30	1000	0.2	0	0
1.475	27.8652	1.4	1000	0.2	30	1000	0.2	0	0
1.476	27.9487	1.4	1000	0.2	30	1000	0.2	0	0
1.477	28.034	1.4	1000	0.2	30	1000	0.2	0	0
1.478	28.1211	1.4	1000	0.2	30	1000	0.2	0	0
1.479	28.2109	1.4	1000	0.2	30	1000	0.2	0	0
1.48	28.3029	1.4	1000	0.2	30	1000	0.2	0	0
1.481	28.3989	1.4	1000	0.2	30	1000	0.2	0	0
1.482	28.4966	1.4	1000	0.2	30	1000	0.2	0	0
1.483	28.5962	1.4	1000	0.2	30	1000	0.2	0	0
1.484	28.6972	1.4	1000	0.2	30	1000	0.2	0	0
1.485	28.7986	1.4	1000	0.2	30	1000	0.2	0	0
1.486	28.8986	1.4	1000	0.2	30	1000	0.2	0	0
1.487	28.9981	1.4	1000	0.2	30	1000	0.2	0	0
1.488	29.0957	1.4	1000	0.2	30	1000	0.2	0	0
1.489	29.1926	1.4	1000	0.2	30	1000	0.2	0	0
1.49	29.2888	1.4	1000	0.2	30	1000	0.2	0	0
1.491	29.3827	1.4	1000	0.2	30	1000	0.2	0	0
1.492	29.4755	1.4	1000	0.2	30	1000	0.2	0	0
1.493	29.5672	1.4	1000	0.2	30	1000	0.2	0	0
1.494	29.6576	1.4	1000	0.2	30	1000	0.2	0	0
1.495	29.7487	1.4	1000	0.2	30	1000	0.2	0	0
1.496	29.8397	1.4	1000	0.2	30	1000	0.2	0	0
1.497	29.9308	1.4	1000	0.2	30	1000	0.2	0	0
1.498	30.0233	1.4	1000	0.2	30	1000	0.2	0	0
1.499	30.1168	1.4	1000	0.2	30	1000	0.2	0	0
1.5	30.2118	1.4	1000	0.2	30	1000	0.2	0	0
1.501	30.3088	1.4	1000	0.2	30	1000	0.2	0	0
1.502	30.4069	1.4	1000	0.2	30	1000	0.2	0	0
1.503	30.5066	1.4	1000	0.2	30	1000	0.2	0	0
1.504	30.6074	1.4	1000	0.2	30	1000	0.2	0	0
1.505	30.7088	1.4	1000	0.2	30	1000	0.2	0	0
1.506	30.8104	1.4	1000	0.2	30	1000	0.2	0	0
1.507	30.9117	1.4	1000	0.2	30	1000	0.2	0	0
1.508	31.0122	1.4	1000	0.2	30	1000	0.2	0	0
1.509	31.1122	1.4	1000	0.2	30	1000	0.2	0	0
1.51	31.2111	1.4	1000	0.2	30	1000	0.2	0	0
1.511	31.3093	1.4	1000	0.2	30	1000	0.2	0	0
1.512	31.4071	1.4	1000	0.2	30	1000	0.2	0	0
1.513	31.5049	1.4	1000	0.2	30	1000	0.2	0	0
1.514	31.6027	1.4	1000	0.2	30	1000	0.2	0	0
1.515	31.7007	1.4	1000	0.2	30	1000	0.2	0	0
1.516	31.7985	1.4	1000	0.2	30	1000	0.2	0	0
1.517	31.8961	1.4	1000	0.2	30	1000	0.2	0	0
1.518	31.9936	1.4	1000	0.2	30	1000	0.2	0	0
1.519	32.0907	1.4	1000	0.2	30	1000	0.2	0	0
1.52	32.1872	1.4	1000	0.2	30	1000	0.2	0	0
1.521	32.2832	1.4	1000	0.2	30	1000	0.2	0	0
1.522	32.3785	1.4	1000	0.2	30	1000	0.2	0	0
1.523	32.4733	1.4	1000	0.2	30	1000	0.2	0	0
1.524	32.5677	1.4	1000	0.2	30	1000	0.2	0	0
1.525	32.6616	1.4	1000	0.2	30	1000	0.2	0	0
1.526	32.755	1.4	1000	0.2	30	1000	0.2	0	0
1.527	32.8479	1.4	1000	0.2	30	1000	0.2	0	0
1.528	32.9402	1.4	1000	0.2	30	1000	0.2	0	0
1.529	33.032	1.4	1000	0.2	30	1000	0.2	0	0
1.53	33.1231	1.4	1000	0.2	30	1000	0.2	0	0
1.531	33.2135	1.4	1000	0.2	30	1000	0.2	0	0
1.532	33.3034	1.4	1000	0.2	30	1000	0.2	0	0
1.533	33.3927	1.4	1000	0.2	30	1000	0.2	0	0
1.534	33.4814	1.4	1000	0.2	30	1000	0.2	0	0
1.535	33.5698	1.4	1000	0.2	30	1000	0.2	0	0
1.536	33.6574	1.4	1000	0.2	30	1000	0.2	0	0
1.537	33.7445	1.4	1000	0.2	30	1000	0.2	0	0
1.538	33.831	1.4	1000	0.2	30	1000	0.2	0	0
1.539	33.9167	1.4	1000	0.2	30	1000	0.2	0	0
1.54	34.0018	1.4	1000	0.2	30	1000	0.2	0	0
1.541	34.0862	1.4	1000	0.2	30	1000	0.2	0	0
1.542	34.1701	1.4	1000	0.2	30	1000	0.2	0	0
1.543	34.2538	1.4	1000	0.2	30	1000	0.2	0	0
1.544	34.3373	1.4	1000	0.2	30	1000	0.2	0	0
1.545	34.4206	1.4	1000	0.2	30	1000	0.2	0	0
1.546	34.5037	1.4	1000	0.2	30	1000	0.2	0	0
1.547	34.5862	1.4	1000	0.2	30	1000	0.2	0	0
1.548	34.6684	1.4	1000	0.2	30	1000	0.2	0	0
1.549	34.7503	1.4	1000	0.2	30	1000	0.2	0	0
1.55	34.8314	1.4	1000	0.2	30	1000	0.2	0	0
1.551	34.9121	1.4	1000	0.2	30	1000	0.2	0	0
1.552	34.9918	1.4	1000	0.2	30	1000	0.2	0	0
1.553	35.0704	1.4	1000	0.2	30	1000	0.2	0	0
1.554	35.1482	1.4	1000	0.2	30	1000	0.2	0	0
1.555	35.2249	1.4	1000	0.2	30	1000	0.2	0	0
1.556	35.3004	1.4	1000	0.2	30	1000	0.2	0	0
1.557	35.3751	1.4	1000	0.2	30	1000	0.2	0	0
1.558	35.4489	1.4	1000	0.2	30	1000	0.2	0	0
1.559	35.5222	1.4	1000	0.2	30	1000	0.2	0	0
1.56	35.5951	1.4	1000	0.2	30	1000	0.2	0	0
1.561	35.6673	1.4	1000	0.2	30	1000	0.2	0	0
1.562	35.739	1.4	1000	0.2	30	1000	0.2	0	0
1.563	35.8099	1.4	1000	0.2	30	1000	0.2	0	0
1.564	35.8797	1.4	1000	0.2	30	1000	0.2	0	0
1.565	35.9489	1.4	1000	0.2	30	1000	0.2	0	0
1.566	36.0171	1.4	1000	0.2	30	1000	0.2	0	0
1.567	36.0846	1.4	1000	0.2	30	1000	0.2	0	0
1.568	36.1519	1.4	1000	0.2	30	1000	0.2	0	0
1.569	36.219	1.4	1000	0.2	30	1000	0.2	0	0
1.57	36.2862	1.4	1000	0.2	30	1000	0.2	0	0
1.571	36.3537	1.4	1000	0.2	30	1000	0.2	0	0
1.572	36.4211	1.4	1000	0.2	30	1000	0.2	0	0
1.573	36.4888	1.4	1000	0.2	30	1000	0.2	0	0
1.574	36.5566	1.4	1000	0.2	30	1000	0.2	0	0
1.575	36.6244	1.4	1000	0.2	30	1000	0.2	0	0
1.576	36.6923	1.4	1000	0.2	30	1000	0.2	0	0
1.577	36.7595	1.4	1000	0.2	30	1000	0.2	0	0
1.578	36.8266	1.4	1000	0.2	30	1000	0.2	0	0
1.579	36.8931	1.4	1000	0.2	30	1000	0.2	0	0
1.58	36.9588	1.4	1000	0.2	30	1000	0.2	0	0
1.581	37.0244	1.4	1000	0.2	30	1000	0.2	0	0
1.582	37.0894	1.4	1000	0.2	30	1000	0.2	0	0
1.583	37.154	1.4	1000	0.2	30	1000	0.2	0	0
1.584	37.2189	1.4	1000	0.2	30	1000	0.2	0	0
1.585	37.2829	1.4	1000	0.2	30	1000	0.2	0	0
1.586	37.3468	1.4	1000	0.2	30	1000	0.2	0	0
1.587	37.4105	1.4	1000	0.2	30	1000	0.2	0	0
1.588	37.4736	1.4	1000	0.2	30	1000	0.2	0	0
1.589	37.537	1.4	1000	0.2	30	1000	0.2	0	0
1.59	37.6002	1.4	1000	0.2	30	1000	0.2	0	0
1.591	37.6632	1.4	1000	0.2	30	1000	0.2	0	0
1.592	37.7263	1.4	1000	0.2	30	1000	0.2	0	0
1.593	37.7893	1.4	1000	0.2	30	1000	0.2	0	0
1.594	37.8526	1.4	1000	0.2	30	1000	0.2	0	0
1.595	37.9157	1.4	1000	0.2	30	1000	0.2	0	0
1.596	37.9782	1.4	1000	0.2	30	1000	0.2	0	0
1.597	38.0401	1.4	1000	0.2	30	1000	0.2	0	0
1.598	38.1015	1.4	1000	0.2	30	1000	0.2	0	0
1.599	38.1627	1.4	1000	0.2	30	1000	0.2	0	0
1.6	38.224	1.4	1000	0.2	30	1000	0.2	0	0
1.601	38.285	1.4	1000	0.2	30	1000	0.2	0	0
1.602	38.3463	1.4	1000	0.2	30	1000	0.2	0	0
1.603	38.4072	1.4	1000	0.2	30	1000	0.2	0	0
1.604	38.4681	1.4	1000	0.2	30	1000	0.2	0	0
1.605	38.5294	1.4	1000	0.2	30	1000	0.2	0	0
1.606	38.5902	1.4	1000	0.2	30	1000	0.2	0	0
1.607	38.6505	1.4	1000	0.2	30	1000	0.2	0	0
1.608	38.7102	1.4	1000	0.2	30	1000	0.2	0	0
1.609	38.769	1.4	1000	0.2	30	1000	0.2	0	0
1.61	38.8273	1.4	1000	0.2	30	1000	0.2	0	0
1.611	38.8849	1.4	1000	0.2	30	1000	0.2	0	0
1.612	38.9414	1.4	1000	0.2	30	1000	0.2	0	0
1.613	38.9969	1.4	1000	0.2	30	1000	0.2	0	0
1.614	39.0513	1.4	1000	0.2	30	1000	0.2	0	0
1.615	39.1048	1.4	1000	0.2	30	1000	0.2	0	0
1.616	39.1574	1.4	1000	0.2	30	1000	0.2	0	0
1.617	39.2092	1.4	1000	0.2	30	1000	0.2	0	0
1.618	39.2603	1.4	1000	0.2	30	1000	0.2	0	0
1.619	39.3103	1.4	1000	0.2	30	1000	0.2	0	0
1.62	39.3596	1.4	1000	0.2	30	1000	0.2	0	0
1.621	39.4083	1.4	1000	0.2	30	1000	0.2	0	0
1.622	39.4559	1.4	1000	0.2	30	1000	0.2	0	0
1.623	39.5027	1.4	1000	0.2	30	1000	0.2	0	0
1.624	39.5485	1.4	1000	0.2	30	1000	0.2	0	0
1.625	39.5927	1.4	1000	0.2	30	1000	0.2	0	0
1.626	39.6362	1.4	1000	0.2	30	1000	0.2	0	0
1.627	39.6789	1.4	1000	0.2	30	1000	0.2	0	0
1.628	39.7205	1.4	1000	0.2	30	1000	0.2	0	0
1.629	39.7615	1.4	1000	0.2	30	1000	0.2	0	0
1.63	39.8012	1.4	1000	0.2	30	1000	0.2	0	0
1.631	39.8402	1.4	1000	0.2	30	1000	0.2	0	0
1.632	39.8782	1.4	1000	0.2	30	1000	0.2	0	0
1.633	39.9147	1.4	1000	0.2	30	1000	0.2	0	0
1.634	39.9501	1.4	1000	0.2	30	1000	0.2	0	0
1.635	39.9839	1.4	1000	0.2	30	1000	0.2	0	0
1.636	40.0161	1.4	1000	0.2	30	1000	0.2	0	0
1.637	40.0476	1.4	1000	0.2	30	1000	0.2	0	0
1.638	40.0778	1.4	1000	0.2	30	1000	0.2	0	0
1.639	40.1068	1.4	1000	0.2	30	1000	0.2	0	0
1.64	40.1348	1.4	1000	0.2	30	1000	0.2	0	0
1.641	40.161	1.4	1000	0.2	30	1000	0.2	0	0
1.642	40.1859	1.4	1000	0.2	30	1000	0.2	0	0
1.643	40.2092	1.4	1000	0.2	30	1000	0.2	0	0
1.644	40.2303	1.4	1000	0.2	30	1000	0.2	0	0
1.645	40.2498	1.4	1000	0.2	30	1000	0.2	0	0
1.646	40.2672	1.4	1000	0.2	30	1000	0.2	0	0
1.647	40.2831	1.4	1000	0.2	30	1000	0.2	0	0
1.648	40.2973	1.4	1000	0.2	30	1000	0.2	0	0
1.649	40.3096	1.4	1000	0.2	30	1000	0.2	0	0
1.65	40.3201	1.4	1000	0.2	30	1000	0.2	0	0
1.651	40.3281	1.4	1000	0.2	30	1000	0.2	0	0
1.652	40.3338	1.4	1000	0.2	30	1000	0.2	0	0
1.653	40.3377	1.4	1000	0.2	30	1000	0.2	0	0
1.654	40.3389	1.4	1000	0.2	30	1000	0.2	0	0
1.655	40.3384	1.4	1000	0.2	30	1000	0.2	0	0
1.656	40.336	1.4	1000	0.2	30	1000	0.2	0	0
1.657	40.3315	1.4	1000	0.2	30	1000	0.2	0	0
1.658	40.3262	1.4	1000	0.2	30	1000	0.2	0	0
1.659	40.3195	1.4	1000	0.2	30	1000	0.2	0	0
1.66	40.3117	1.4	1000	0.2	30	1000	0.2	0	0
1.661	40.3036	1.4	1000	0.2	30	1000	0.2	0	0
1.662	40.2945	1.4	1000	0.2	30	1000	0.2	0	0
1.663	40.285	1.4	1000	0.2	30	1000	0.2	0	0
1.664	40.2755	1.4	1000	0.2	30	1000	0.2	0	0
1.665	40.2653	1.4	1000	0.2	30	1000	0.2	0	0
1.666	40.2551	1.4	1000	0.2	30	1000	0.2	0	0
1.667	40.2447	1.4	1000	0.2	30	1000	0.2	0	0
1.668	40.2338	1.4	1000	0.2	30	1000	0.2	0	0
1.669	40.2229	1.4	1000	0.2	30	1000	0.2	0	0
1.67	40.2117	1.4	1000	0.2	30	1000	0.2	0	0
1.671	40.2003	1.4	1000	0.2	30	1000	0.2	0	0
1.672	40.1885	1.4	1000	0.2	30	1000	0.2	0	0
1.673	40.1761	1.4	1000	0.2	30	1000	0.2	0	0
1.674	40.1629	1.4	1000	0.2	30	1000	0.2	0	0
1.675	40.1489	1.4	1000	0.2	30	1000	0.2	0	0
1.676	40.1341	1.4	1000	0.2	30	1000	0.2	0	0
1.677	40.1178	1.4	1000	0.2	30	1000	0.2	0	0
1.678	40.0999	1.4	1000	0.2	30	1000	0.2	0	0
1.679	40.081	1.4	1000	0.2	30	1000	0.2	0	0
1.68	40.06	1.4	1000	0.2	30	1000	0.2	0	0
1.681	40.0374	1.4	1000	0.2	30	1000	0.2	0	0
1.682	40.0128	1.4	1000	0.2	30	1000	0.2	0	0
1.683	39.9856	1.4	1000	0.2	30	1000	0.2	0	0
1.684	39.9571	1.4	1000	0.2	30	1000	0.2	0	0
1.685	39.9272	1.4	1000	0.2	30	1000	0.2	0	0
1.686	39.8957	1.4	1000	0.2	30	1000	0.2	0	0
1.687	39.864	1.4	1000	0.2	30	1000	0.2	0	0
1.688	39.8312	1.4	1000	0.2	30	1000	0.2	0	0
1.689	39.7977	1.4	1000	0.2	30	1000	0.2	0	0
1.69	39.764	1.4	1000	0.2	30	1000	0.2	0	0
1.691	39.7298	1.4	1000	0.2	30	1000	0.2	0	0
1.692	39.6949	1.4	1000	0.2	30	1000	0.2	0	0
1.693	39.6592	1.4	1000	0.2	30	1000	0.2	0	0
1.694	39.6223	1.4	1000	0.2	30	1000	0.2	0	0
1.695	39.5847	1.4	1000	0.2	30	1000	0.2	0	0
1.696	39.5467	1.4	1000	0.2	30	1000	0.2	0	0
1.697	39.5086	1.4	1000	0.2	30	1000	0.2	0	0
1.698	39.4703	1.4	1000	0.2	30	1000	0.2	0	0
1.699	39.4313	1.4	1000	0.2	30	1000	0.2	0	0
1.7	39.3918	1.4	1000	0.2	30	1000	0.2	0	0
1.701	39.3516	1.4	1000	0.2	30	1000	0.2	0	0
1.702	39.3108	1.4	1000	0.2	30	1000	0.2	0	0
1.703	39.2692	1.4	1000	0.2	30	1000	0.2	0	0
1.704	39.2265	1.4	1000	0.2	30	1000	0.2	0	0
1.705	39.1823	1.4	1000	0.2	30	1000	0.2	0	0
1.706	39.1374	1.4	1000	0.2	30	1000	0.2	0	0
1.707	39.0917	1.4	1000	0.2	30	1000	0.2	0	0
1.708	39.0454	1.4	1000	0.2	30	1000	0.2	0	0
1.709	38.9982	1.4	1000	0.2	30	1000	0.2	0	0
1.71	38.9501	1.4	1000	0.2	30	1000	0.2	0	0
1.711	38.9015	1.4	1000	0.2	30	1000	0.2	0	0
1.712	38.8526	1.4	1000	0.2	30	1000	0.2	0	0
1.713	38.8041	1.4	1000	0.2	30	1000	0.2	0	0
1.714	38.7552	1.4	1000	0.2	30	1000	0.2	0	0
1.715	38.7057	1.4	1000	0.2	30	1000	0.2	0	0
1.716	38.6567	1.4	1000	0.2	30	1000	0.2	0	0
1.717	38.6074	1.4	1000	0.2	30	1000	0.2	0	0
1.718	38.5584	1.4	1000	0.2	30	1000	0.2	0	0
1.719	38.51	1.4	1000	0.2	30	1000	0.2	0	0
1.72	38.4607	1.4	1000	0.2	30	1000	0.2	0	0
1.721	38.4122	1.4	1000	0.2	30	1000	0.2	0	0
1.722	38.3652	1.4	1000	0.2	30	1000	0.2	0	0
1.723	38.3191	1.4	1000	0.2	30	1000	0.2	0	0
1.724	38.2754	1.4	1000	0.2	30	1000	0.2	0	0
1.725	38.2332	1.4	1000	0.2	30	1000	0.2	0	0
1.726	38.1923	1.4	1000	0.2	30	1000	0.2	0	0
1.727	38.154	1.4	1000	0.2	30	1000	0.2	0	0
1.728	38.1177	1.4	1000	0.2	30	1000	0.2	0	0
1.729	38.0832	1.4	1000	0.2	30	1000	0.2	0	0
1.73	38.0509	1.4	1000	0.2	30	1000	0.2	0	0
1.731	38.0203	1.4	1000	0.2	30	1000	0.2	0	0
1.732	37.9913	1.4	1000	0.2	30	1000	0.2	0	0
1.733	37.9644	1.4	1000	0.2	30	1000	0.2	0	0
1.734	37.9383	1.4	1000	0.2	30	1000	0.2	0	0
1.735	37.9125	1.4	1000	0.2	30	1000	0.2	0	0
1.736	37.8868	1.4	1000	0.2	30	1000	0.2	0	0
1.737	37.861	1.4	1000	0.2	30	1000	0.2	0	0
1.738	37.8339	1.4	1000	0.2	30	1000	0.2	0	0
1.739	37.8055	1.4	1000	0.2	30	1000	0.2	0	0
1.74	37.7747	1.4	1000	0.2	30	1000	0.2	0	0
1.741	37.7416	1.4	1000	0.2	30	1000	0.2	0	0
1.742	37.7071	1.4	1000	0.2	30	1000	0.2	0	0
1.743	37.6702	1.4	1000	0.2	30	1000	0.2	0	0
1.744	37.6308	1.4	1000	0.2	30	1000	0.2	0	0
1.745	37.5895	1.4	1000	0.2	30	1000	0.2	0	0
1.746	37.5458	1.4	1000	0.2	30	1000	0.2	0	0
1.747	37.5004	1.4	1000	0.2	30	1000	0.2	0	0
1.748	37.4534	1.4	1000	0.2	30	1000	0.2	0	0
1.749	37.4048	1.4	1000	0.2	30	1000	0.2	0	0
1.75	37.3555	1.4	1000	0.2	30	1000	0.2	0	0
1.751	37.3054	1.4	1000	0.2	30	1000	0.2	0	0
1.752	37.2554	1.4	1000	0.2	30	1000	0.2	0	0
1.753	37.2051	1.4	1000	0.2	30	1000	0.2	0	0
1.754	37.1542	1.4	1000	0.2	30	1000	0.2	0	0
1.755	37.1037	1.4	1000	0.2	30	1000	0.2	0	0
1.756	37.0532	1.4	1000	0.2	30	1000	0.2	0	0
1.757	37.003	1.4	1000	0.2	30	1000	0.2	0	0
1.758	36.9531	1.4	1000	0.2	30	1000	0.2	0	0
1.759	36.9031	1.4	1000	0.2	30	1000	0.2	0	0
1.76	36.8541	1.4	1000	0.2	30	1000	0.2	0	0
1.761	36.8059	1.4	1000	0.2	30	1000	0.2	0	0
1.762	36.7594	1.4	1000	0.2	30	1000	0.2	0	0
1.763	36.7151	1.4	1000	0.2	30	1000	0.2	0	0
1.764	36.6729	1.4	1000	0.2	30	1000	0.2	0	0
1.765	36.6328	1.4	1000	0.2	30	1000	0.2	0	0
1.766	36.5945	1.4	1000	0.2	30	1000	0.2	0	0
1.767	36.5584	1.4	1000	0.2	30	1000	0.2	0	0
1.768	36.5255	1.4	1000	0.2	30	1000	0.2	0	0
1.769	36.4946	1.4	1000	0.2	30	1000	0.2	0	0
1.77	36.4663	1.4	1000	0.2	30	1000	0.2	0	0
1.771	36.4391	1.4	1000	0.2	30	1000	0.2	0	0
1.772	36.4129	1.4	1000	0.2	30	1000	0.2	0	0
1.773	36.3878	1.4	1000	0.2	30	1000	0.2	0	0
1.774	36.3624	1.4	1000	0.2	30	1000	0.2	0	0
1.775	36.3368	1.4	1000	0.2	30	1000	0.2	0	0
1.776	36.3114	1.4	1000	0.2	30	1000	0.2	0	0
1.777	36.2861	1.4	1000	0.2	30	1000	0.2	0	0
1.778	36.2628	1.4	1000	0.2	30	1000	0.2	0	0
1.779	36.2411	1.4	1000	0.2	30	1000	0.2	0	0
1.78	36.2218	1.4	1000	0.2	30	1000	0.2	0	0
1.781	36.2055	1.4	1000	0.2	30	1000	0.2	0	0
1.782	36.1907	1.4	1000	0.2	30	1000	0.2	0	0
1.783	36.1781	1.4	1000	0.2	30	1000	0.2	0	0
1.784	36.1674	1.4	1000	0.2	30	1000	0.2	0	0
1.785	36.1567	1.4	1000	0.2	30	1000	0.2	0	0
1.786	36.1468	1.4	1000	0.2	30	1000	0.2	0	0
1.787	36.1358	1.4	1000	0.2	30	1000	0.2	0	0
1.788	36.1259	1.4	1000	0.2	30	1000	0.2	0	0
1.789	36.1181	1.4	1000	0.2	30	1000	0.2	0	0
1.79	36.1106	1.4	1000	0.2	30	1000	0.2	0	0
1.791	36.1027	1.4	1000	0.2	30	1000	0.2	0	0
1.792	36.0937	1.4	1000	0.2	30	1000	0.2	0	0
1.793	36.0844	1.4	1000	0.2	30	1000	0.2	0	0
1.794	36.0764	1.4	1000	0.2	30	1000	0.2	0	0
1.795	36.0691	1.4	1000	0.2	30	1000	0.2	0	0
1.796	36.0599	1.4	1000	0.2	30	1000	0.2	0	0
1.797	36.033	1.4	1000	0.2	30	1000	0.2	0	0
1.798	36.0073	1.4	1000	0.2	30	1000	0.2	0	0
1.799	35.9654	1.4	1000	0.2	30	1000	0.2	0	0
1.8	35.9063	1.4	1000	0.2	30	1000	0.2	0	0
1.801	35.8298	1.4	1000	0.2	30	1000	0.2	0	0
1.802	35.7343	1.4	1000	0.2	30	1000	0.2	0	0
1.803	35.622	1.4	1000	0.2	30	1000	0.2	0	0
1.804	35.5097	1.4	1000	0.2	30	1000	0.2	0	0
1.805	35.3787	1.4	1000	0.2	30	1000	0.2	0	0
1.806	35.2476	1.4	1000	0.2	30	1000	0.2	0	0
1.807	35.1166	1.4	1000	0.2	30	1000	0.2	0	0
1.808	34.9855	1.4	1000	0.2	30	1000	0.2	0	0
1.809	34.8545	1.4	1000	0.2	30	1000	0.2	0	0
1.81	34.7234	1.4	1000	0.2	30	1000	0.2	0	0
1.811	34.5924	1.4	1000	0.2	30	1000	0.2	0	0
1.812	34.4614	1.4	1000	0.2	30	1000	0.2	0	0
1.813	34.3303	1.4	1000	0.2	30	1000	0.2	0	0
1.814	34.1993	1.4	1000	0.2	30	1000	0.2	0	0
1.815	34.0682	1.4	1000	0.2	30	1000	0.2	0	0
1.816	33.9372	1.4	1000	0.2	30	1000	0.2	0	0
1.817	33.8061	1.4	1000	0.2	30	1000	0.2	0	0
1.818	33.6751	1.4	1000	0.2	30	1000	0.2	0	0
1.819	33.544	1.4	1000	0.2	30	1000	0.2	0	0
1.82	33.413	1.4	1000	0.2	30	1000	0.2	0	0
1.821	33.2819	1.4	1000	0.2	30	1000	0.2	0	0
1.822	33.1509	1.4	1000	0.2	30	1000	0.2	0	0
1.823	33.0198	1.4	1000	0.2	30	1000	0.2	0	0
1.824	32.8888	1.4	1000	0.2	30	1000	0.2	0	0
1.825	32.7578	1.4	1000	0.2	30	1000	0.2	0	0
1.826	32.6267	1.4	1000	0.2	30	1000	0.2	0	0
1.827	32.4957	1.4	1000	0.2	30	1000	0.2	0	0
1.828	32.3646	1.4	1000	0.2	30	1000	0.2	0	0
1.829	32.2336	1.4	1000	0.2	30	1000	0.2	0	0
1.83	32.1025	1.4	1000	0.2	30	1000	0.2	0	0
1.831	31.9715	1.4	1000	0.2	30	1000	0.2	0	0
1.832	31.8404	1.4	1000	0.2	30	1000	0.2	0	0
1.833	31.7094	1.4	1000	0.2	30	1000	0.2	0	0
1.834	31.5783	1.4	1000	0.2	30	1000	0.2	0	0
1.835	31.4473	1.4	1000	0.2	30	1000	0.2	0	0
1.836	31.3162	1.4	1000	0.2	30	1000	0.2	0	0
1.837	31.1852	1.4	1000	0.2	30	1000	0.2	0	0
1.838	31.0541	1.4	1000	0.2	30	1000	0.2	0	0
1.839	30.9231	1.4	1000	0.2	30	1000	0.2	0	0
1.84	30.7921	1.4	1000	0.2	30	1000	0.2	0	0
1.841	30.661	1.4	1000	0.2	30	1000	0.2	0	0
1.842	30.53	1.4	1000	0.2	30	1000	0.2	0	0
1.843	30.3989	1.4	1000	0.2	30	1000	0.2	0	0
1.844	30.2679	1.4	1000	0.2	30	1000	0.2	0	0
1.845	30.1368	1.4	1000	0.2	30	1000	0.2	0	0
1.846	30.0058	1.4	1000	0.2	30	1000	0.2	0	0
1.847	29.8747	1.4	1000	0.2	30	1000	0.2	0	0
1.848	29.7437	1.4	1000	0.2	30	1000	0.2	0	0
1.849	29.6126	1.4	1000	0.2	30	1000	0.2	0	0
1.85	29.4816	1.4	1000	0.2	30	1000	0.2	0	0
1.851	29.3505	1.4	1000	0.2	30	1000	0.2	0	0
1.852	29.2195	1.4	1000	0.2	30	1000	0.2	0	0
1.853	29.0885	1.4	1000	0.2	30	1000	0.2	0	0
1.854	28.9574	1.4	1000	0.2	30	1000	0.2	0	0
1.855	28.8264	1.4	1000	0.2	30	1000	0.2	0	0
1.856	28.6953	1.4	1000	0.2	30	1000	0.2	0	0
1.857	28.5643	1.4	1000	0.2	30	1000	0.2	0	0
1.858	28.4332	1.4	1000	0.2	30	1000	0.2	0	0
1.859	28.3022	1.4	1000	0.2	30	1000	0.2	0	0
1.86	28.1711	1.4	1000	0.2	30	1000	0.2	0	0
1.861	28.0401	1.4	1000	0.2	30	1000	0.2	0	0
1.862	27.909	1.4	1000	0.2	30	1000	0.2	0	0
1.863	27.778	1.4	1000	0.2	30	1000	0.2	0	0
1.864	27.6469	1.4	1000	0.2	30	1000	0.2	0	0
1.865	27.5159	1.4	1000	0.2	30	1000	0.2	0	0
1.866	27.3849	1.4	1000	0.2	30	1000	0.2	0	0
1.867	27.2538	1.4	1000	0.2	30	1000	0.2	0	0
1.868	27.1228	1.4	1000	0.2	30	1000	0.2	0	0
1.869	26.9917	1.4	1000	0.2	30	1000	0.2	0	0
1.87	26.8607	1.4	1000	0.2	30	1000	0.2	0	0
1.871	26.7296	1.4	1000	0.2	30	1000	0.2	0	0
1.872	26.5986	1.4	1000	0.2	30	1000	0.2	0	0
1.873	26.4675	1.4	1000	0.2	30	1000	0.2	0	0
1.874	26.3365	1.4	1000	0.2	30	1000	0.2	0	0
1.875	26.2054	1.4	1000	0.2	30	1000	0.2	0	0
1.876	26.0744	1.4	1000	0.2	30	1000	0.2	0	0
1.877	25.9433	1.4	1000	0.2	30	1000	0.2	0	0
1.878	25.8123	1.4	1000	0.2	30	1000	0.2	0	0
1.879	25.6813	1.4	1000	0.2	30	1000	0.2	0	0
1.88	25.5502	1.4	1000	0.2	30	1000	0.2	0	0
1.881	25.4192	1.4	1000	0.2	30	1000	0.2	0	0
1.882	25.2881	1.4	1000	0.2	30	1000	0.2	0	0
1.883	25.1571	1.4	1000	0.2	30	1000	0.2	0	0
1.884	25.026	1.4	1000	0.2	30	1000	0.2	0	0
1.885	24.895	1.4	1000	0.2	30	1000	0.2	0	0
1.886	24.7639	1.4	1000	0.2	30	1000	0.2	0	0
1.887	24.6329	1.4	1000	0.2	30	1000	0.2	0	0
1.888	24.5018	1.4	1000	0.2	30	1000	0.2	0	0
1.889	24.3708	1.4	1000	0.2	30	1000	0.2	0	0
1.89	24.2397	1.4	1000	0.2	30	1000	0.2	0	0
1.891	24.1087	1.4	1000	0.2	30	1000	0.2	0	0
1.892	23.9776	1.4	1000	0.2	30	1000	0.2	0	0
1.893	23.8466	1.4	1000	0.2	30	1000	0.2	0	0
1.894	23.7156	1.4	1000	0.2	30	1000	0.2	0	0
1.895	23.5845	1.4	1000	0.2	30	1000	0.2	0	0
1.896	23.4535	1.4	1000	0.2	30	1000	0.2	0	0
1.897	23.3224	1.4	1000	0.2	30	1000	0.2	0	0
1.898	23.1914	1.4	1000	0.2	30	1000	0.2	0	0
1.899	23.0603	1.4	1000	0.2	30	1000	0.2	0	0
1.9	22.9293	1.4	1000	0.2	30	1000	0.2	0	0
1.901	22.7982	1.4	1000	0.2	30	1000	0.2	0	0
1.902	22.6672	1.4	1000	0.2	30	1000	0.2	0	0
1.903	22.5361	1.4	1000	0.2	30	1000	0.2	0	0
1.904	22.4051	1.4	1000	0.2	30	1000	0.2	0	0
1.905	22.274	1.4	1000	0.2	30	1000	0.2	0	0
1.906	22.143	1.4	1000	0.2	30	1000	0.2	0	0
1.907	22.012	1.4	1000	0.2	30	1000	0.2	0	0
1.908	21.8809	1.4	1000	0.2	30	1000	0.2	0	0
1.909	21.7499	1.4	1000	0.2	30	1000	0.2	0	0
1.91	21.6188	1.4	1000	0.2	30	1000	0.2	0	0
1.911	21.4878	1.4	1000	0.2	30	1000	0.2	0	0
1.912	21.3567	1.4	1000	0.2	30	1000	0.2	0	0
1.913	21.2257	1.4	1000	0.2	30	1000	0.2	0	0
1.914	21.0946	1.4	1000	0.2	30	1000	0.2	0	0
1.915	20.9636	1.4	1000	0.2	30	1000	0.2	0	0
1.916	20.8325	1.4	1000	0.2	30	1000	0.2	0	0
1.917	20.7015	1.4	1000	0.2	30	1000	0.2	0	0
1.918	20.5704	1.4	1000	0.2	30	1000	0.2	0	0
1.919	20.4394	1.4	1000	0.2	30	1000	0.2	0	0
1.92	20.3084	1.4	1000	0.2	30	1000	0.2	0	0
1.921	20.1773	1.4	1000	0.2	30	1000	0.2	0	0
1.922	20.0463	1.4	1000	0.2	30	1000	0.2	0	0
1.923	19.9152	1.4	1000	0.2	30	1000	0.2	0	0
1.924	19.7842	1.4	1000	0.2	30	1000	0.2	0	0
1.925	19.6531	1.4	1000	0.2	30	1000	0.2	0	0
1.926	19.5221	1.4	1000	0.2	30	1000	0.2	0	0
1.927	19.391	1.4	1000	0.2	30	1000	0.2	0	0
1.928	19.26	1.4	1000	0.2	30	1000	0.2	0	0
1.929	19.1289	1.4	1000	0.2	30	1000	0.2	0	0
1.93	18.9979	1.4	1000	0.2	30	1000	0.2	0	0
1.931	18.8668	1.4	1000	0.2	30	1000	0.2	0	0
1.932	18.7358	1.4	1000	0.2	30	1000	0.2	0	0
1.933	18.6047	1.4	1000	0.2	30	1000	0.2	0	0
1.934	18.4737	1.4	1000	0.2	30	1000	0.2	0	0
1.935	18.3427	1.4	1000	0.2	30	1000	0.2	0	0
1.936	18.2116	1.4	1000	0.2	30	1000	0.2	0	0
1.937	18.0806	1.4	1000	0.2	30	1000	0.2	0	0
1.938	17.9495	1.4	1000	0.2	30	1000	0.2	0	0
1.939	17.8185	1.4	1000	0.2	30	1000	0.2	0	0
1.94	17.6874	1.4	1000	0.2	30	1000	0.2	0	0
1.941	17.5564	1.4	1000	0.2	30	1000	0.2	0	0
1.942	17.4253	1.4	1000	0.2	30	1000	0.2	0	0
1.943	17.2943	1.4	1000	0.2	30	1000	0.2	0	0
1.944	17.1632	1.4	1000	0.2	30	1000	0.2	0	0
1.945	17.0322	1.4	1000	0.2	30	1000	0.2	0	0
1.946	16.9011	1.4	1000	0.2	30	1000	0.2	0	0
1.947	16.7805	1.4	1000	0.2	30	1000	0.2	0	0
1.948	16.6924	1.4	1000	0.2	30	1000	0.2	0	0
1.949	16.6348	1.4	1000	0.2	30	1000	0.2	0	0
1.95	16.6096	1.4	1000	0.2	30	1000	0.2	0	0
1.951	16.6096	1.4	1000	0.2	30	1000	0.2	0	0
1.952	16.639	1.4	1000	0.2	30	1000	0.2	0	0
1.953	16.7016	1.4	1000	0.2	30	1000	0.2	0	0
1.954	16.7915	1.4	1000	0.2	30	1000	0.2	0	0
1.955	16.8886	1.4	1000	0.2	30	1000	0.2	0	0
1.956	16.9917	1.4	1000	0.2	30	1000	0.2	0	0
1.957	17.0989	1.4	1000	0.2	30	1000	0.2	0	0
1.958	17.2123	1.4	1000	0.2	30	1000	0.2	0	0
1.959	17.3232	1.4	1000	0.2	30	1000	0.2	0	0
1.96	17.4296	1.4	1000	0.2	30	1000	0.2	0	0
1.961	17.5263	1.4	1000	0.2	30	1000	0.2	0	0
1.962	17.6096	1.4	1000	0.2	30	1000	0.2	0	0
1.963	17.6839	1.4	1000	0.2	30	1000	0.2	0	0
1.964	17.75	1.4	1000	0.2	30	1000	0.2	0	0
1.965	17.8136	1.4	1000	0.2	30	1000	0.2	0	0
1.966	17.8808	1.4	1000	0.2	30	1000	0.2	0	0
1.967	17.948	1.4	1000	0.2	30	1000	0.2	0	0
1.968	18.016	1.4	1000	0.2	30	1000	0.2	0	0
1.969	18.0866	1.4	1000	0.2	30	1000	0.2	0	0
1.97	18.1573	1.4	1000	0.2	30	1000	0.2	0	0
1.971	18.2292	1.4	1000	0.2	30	1000	0.2	0	0
1.972	18.3024	1.4	1000	0.2	30	1000	0.2	0	0
1.973	18.3755	1.4	1000	0.2	30	1000	0.2	0	0
1.974	18.4506	1.4	1000	0.2	30	1000	0.2	0	0
1.975	18.5285	1.4	1000	0.2	30	1000	0.2	0	0
1.976	18.6072	1.4	1000	0.2	30	1000	0.2	0	0
1.977	18.6867	1.4	1000	0.2	30	1000	0.2	0	0
1.978	18.7672	1.4	1000	0.2	30	1000	0.2	0	0
1.979	18.8471	1.4	1000	0.2	30	1000	0.2	0	0
1.98	18.927	1.4	1000	0.2	30	1000	0.2	0	0
1.981	19.0097	1.4	1000	0.2	30	1000	0.2	0	0
1.982	19.0903	1.4	1000	0.2	30	1000	0.2	0	0
1.983	19.1685	1.4	1000	0.2	30	1000	0.2	0	0
1.984	19.2469	1.4	1000	0.2	30	1000	0.2	0	0
1.985	19.323	1.4	1000	0.2	30	1000	0.2	0	0
1.986	19.3986	1.4	1000	0.2	30	1000	0.2	0	0
1.987	19.4727	1.4	1000	0.2	30	1000	0.2	0	0
1.988	19.545	1.4	1000	0.2	30	1000	0.2	0	0
1.989	19.6152	1.4	1000	0.2	30	1000	0.2	0	0
1.99	19.6842	1.4	1000	0.2	30	1000	0.2	0	0
1.991	19.7506	1.4	1000	0.2	30	1000	0.2	0	0
1.992	19.8139	1.4	1000	0.2	30	1000	0.2	0	0
1.993	19.8731	1.4	1000	0.2	30	1000	0.2	0	0
1.994	19.9279	1.4	1000	0.2	30	1000	0.2	0	0
1.995	19.9764	1.4	1000	0.2	30	1000	0.2	0	0
1.996	20.0198	1.4	1000	0.2	30	1000	0.2	0	0
1.997	20.0644	1.4	1000	0.2	30	1000	0.2	0	0
1.998	20.1136	1.4	1000	0.2	30	1000	0.2	0	0
1.999	20.1726	1.4	1000	0.2	30	1000	0.2	0	0
2	20.2401	1.4	1000	0.2	30	1000	0.2	0	0
2.001	20.3201	1.4	1000	0.2	30	1000	0.2	0	0
2.002	20.4085	1.4	1000	0.2	30	1000	0.2	0	0
2.003	20.499	1.4	1000	0.2	30	1000	0.2	0	0
2.004	20.5942	1.4	1000	0.2	30	1000	0.2	0	0
2.005	20.69	1.4	1000	0.2	30	1000	0.2	0	0
2.006	20.7834	1.4	1000	0.2	30	1000	0.2	0	0
2.007	20.8805	1.4	1000	0.2	30	1000	0.2	0	0
2.008	20.971	1.4	1000	0.2	30	1000	0.2	0	0
2.009	21.0517	1.4	1000	0.2	30	1000	0.2	0	0
2.01	21.1361	1.4	1000	0.2	30	1000	0.2	0	0
2.011	21.2153	1.4	1000	0.2	30	1000	0.2	0	0
2.012	21.2881	1.4	1000	0.2	30	1000	0.2	0	0
2.013	21.3576	1.4	1000	0.2	30	1000	0.2	0	0
2.014	21.4234	1.4	1000	0.2	30	1000	0.2	0	0
2.015	21.487	1.4	1000	0.2	30	1000	0.2	0	0
2.016	21.552	1.4	1000	0.2	30	1000	0.2	0	0
2.017	21.6167	1.4	1000	0.2	30	1000	0.2	0	0
2.018	21.6823	1.4	1000	0.2	30	1000	0.2	0	0
2.019	21.7493	1.4	1000	0.2	30	1000	0.2	0	0
2.02	21.8138	1.4	1000	0.2	30	1000	0.2	0	0
2.021	21.8702	1.4	1000	0.2	30	1000	0.2	0	0
2.022	21.9227	1.4	1000	0.2	30	1000	0.2	0	0
2.023	21.9732	1.4	1000	0.2	30	1000	0.2	0	0
2.024	22.0191	1.4	1000	0.2	30	1000	0.2	0	0
2.025	22.0603	1.4	1000	0.2	30	1000	0.2	0	0
2.026	22.0988	1.4	1000	0.2	30	1000	0.2	0	0
2.027	22.1338	1.4	1000	0.2	30	1000	0.2	0	0
2.028	22.1662	1.4	1000	0.2	30	1000	0.2	0	0
2.029	22.1981	1.4	1000	0.2	30	1000	0.2	0	0
2.03	22.229	1.4	1000	0.2	30	1000	0.2	0	0
2.031	22.2591	1.4	1000	0.2	30	1000	0.2	0	0
2.032	22.2872	1.4	1000	0.2	30	1000	0.2	0	0
2.033	22.3116	1.4	1000	0.2	30	1000	0.2	0	0
2.034	22.334	1.4	1000	0.2	30	1000	0.2	0	0
2.035	22.3557	1.4	1000	0.2	30	1000	0.2	0	0
2.036	22.3744	1.4	1000	0.2	30	1000	0.2	0	0
2.037	22.3908	1.4	1000	0.2	30	1000	0.2	0	0
2.038	22.4067	1.4	1000	0.2	30	1000	0.2	0	0
2.039	22.4232	1.4	1000	0.2	30	1000	0.2	0	0
2.04	22.4415	1.4	1000	0.2	30	1000	0.2	0	0
2.041	22.4594	1.4	1000	0.2	30	1000	0.2	0	0
2.042	22.4777	1.4	1000	0.2	30	1000	0.2	0	0
2.043	22.4966	1.4	1000	0.2	30	1000	0.2	0	0
2.044	22.5145	1.4	1000	0.2	30	1000	0.2	0	0
2.045	22.5306	1.4	1000	0.2	30	1000	0.2	0	0
2.046	22.5456	1.4	1000	0.2	30	1000	0.2	0	0
2.047	22.5599	1.4	1000	0.2	30	1000	0.2	0	0
2.048	22.5724	1.4	1000	0.2	30	1000	0.2	0	0
2.049	22.5826	1.4	1000	0.2	30	1000	0.2	0	0
2.05	22.5928	1.4	1000	0.2	30	1000	0.2	0	0
2.051	22.6047	1.4	1000	0.2	30	1000	0.2	0	0
2.052	22.6176	1.4	1000	0.2	30	1000	0.2	0	0
2.053	22.6299	1.4	1000	0.2	30	1000	0.2	0	0
2.054	22.6437	1.4	1000	0.2	30	1000	0.2	0	0
2.055	22.6606	1.4	1000	0.2	30	1000	0.2	0	0
2.056	22.6803	1.4	1000	0.2	30	1000	0.2	0	0
2.057	22.7035	1.4	1000	0.2	30	1000	0.2	0	0
2.058	22.7282	1.4	1000	0.2	30	1000	0.2	0	0
2.059	22.7535	1.4	1000	0.2	30	1000	0.2	0	0
2.06	22.7797	1.4	1000	0.2	30	1000	0.2	0	0
2.061	22.8024	1.4	1000	0.2	30	1000	0.2	0	0
2.062	22.8243	1.4	1000	0.2	30	1000	0.2	0	0
2.063	22.8469	1.4	1000	0.2	30	1000	0.2	0	0
2.064	22.8674	1.4	1000	0.2	30	1000	0.2	0	0
2.065	22.8897	1.4	1000	0.2	30	1000	0.2	0	0
2.066	22.9145	1.4	1000	0.2	30	1000	0.2	0	0
2.067	22.9414	1.4	1000	0.2	30	1000	0.2	0	0
2.068	22.972	1.4	1000	0.2	30	1000	0.2	0	0
2.069	23.005	1.4	1000	0.2	30	1000	0.2	0	0
2.07	23.0401	1.4	1000	0.2	30	1000	0.2	0	0
2.071	23.0761	1.4	1000	0.2	30	1000	0.2	0	0
2.072	23.1122	1.4	1000	0.2	30	1000	0.2	0	0
2.073	23.1474	1.4	1000	0.2	30	1000	0.2	0	0
2.074	23.1792	1.4	1000	0.2	30	1000	0.2	0	0
2.075	23.2115	1.4	1000	0.2	30	1000	0.2	0	0
2.076	23.2433	1.4	1000	0.2	30	1000	0.2	0	0
2.077	23.2722	1.4	1000	0.2	30	1000	0.2	0	0
2.078	23.3005	1.4	1000	0.2	30	1000	0.2	0	0
2.079	23.3272	1.4	1000	0.2	30	1000	0.2	0	0
2.08	23.3535	1.4	1000	0.2	30	1000	0.2	0	0
2.081	23.3811	1.4	1000	0.2	30	1000	0.2	0	0
2.082	23.4091	1.4	1000	0.2	30	1000	0.2	0	0
2.083	23.4374	1.4	1000	0.2	30	1000	0.2	0	0
2.084	23.4659	1.4	1000	0.2	30	1000	0.2	0	0
2.085	23.4943	1.4	1000	0.2	30	1000	0.2	0	0
2.086	23.5222	1.4	1000	0.2	30	1000	0.2	0	0
2.087	23.5491	1.4	1000	0.2	30	1000	0.2	0	0
2.088	23.5768	1.4	1000	0.2	30	1000	0.2	0	0
2.089	23.6047	1.4	1000	0.2	30	1000	0.2	0	0
2.09	23.6312	1.4	1000	0.2	30	1000	0.2	0	0
2.091	23.6573	1.4	1000	0.2	30	1000	0.2	0	0
2.092	23.6834	1.4	1000	0.2	30	1000	0.2	0	0
2.093	23.7097	1.4	1000	0.2	30	1000	0.2	0	0
2.094	23.7377	1.4	1000	0.2	30	1000	0.2	0	0
2.095	23.7675	1.4	1000	0.2	30	1000	0.2	0	0
2.096	23.798	1.4	1000	0.2	30	1000	0.2	0	0
2.097	23.8294	1.4	1000	0.2	30	1000	0.2	0	0
2.098	23.8611	1.4	1000	0.2	30	1000	0.2	0	0
2.099	23.8942	1.4	1000	0.2	30	1000	0.2	0	0
2.1	23.9304	1.4	1000	0.2	30	1000	0.2	0	0
2.101	23.967	1.4	1000	0.2	30	1000	0.2	0	0
2.102	24.0024	1.4	1000	0.2	30	1000	0.2	0	0
2.103	24.0374	1.4	1000	0.2	30	1000	0.2	0	0
2.104	24.07	1.4	1000	0.2	30	1000	0.2	0	0
2.105	24.1021	1.4	1000	0.2	30	1000	0.2	0	0
2.106	24.1332	1.4	1000	0.2	30	1000	0.2	0	0
2.107	24.1615	1.4	1000	0.2	30	1000	0.2	0	0
2.108	24.189	1.4	1000	0.2	30	1000	0.2	0	0
2.109	24.2162	1.4	1000	0.2	30	1000	0.2	0	0
2.11	24.2436	1.4	1000	0.2	30	1000	0.2	0	0
2.111	24.2735	1.4	1000	0.2	30	1000	0.2	0	0
2.112	24.3055	1.4	1000	0.2	30	1000	0.2	0	0
2.113	24.338	1.4	1000	0.2	30	1000	0.2	0	0
2.114	24.3708	1.4	1000	0.2	30	1000	0.2	0	0
2.115	24.4041	1.4	1000	0.2	30	1000	0.2	0	0
2.116	24.4382	1.4	1000	0.2	30	1000	0.2	0	0
2.117	24.4722	1.4	1000	0.2	30	1000	0.2	0	0
2.118	24.5059	1.4	1000	0.2	30	1000	0.2	0	0
2.119	24.5395	1.4	1000	0.2	30	1000	0.2	0	0
2.12	24.5726	1.4	1000	0.2	30	1000	0.2	0	0
2.121	24.6048	1.4	1000	0.2	30	1000	0.2	0	0
2.122	24.6364	1.4	1000	0.2	30	1000	0.2	0	0
2.123	24.6663	1.4	1000	0.2	30	1000	0.2	0	0
2.124	24.6955	1.4	1000	0.2	30	1000	0.2	0	0
2.125	24.7246	1.4	1000	0.2	30	1000	0.2	0	0
2.126	24.7515	1.4	1000	0.2	30	1000	0.2	0	0
2.127	24.7761	1.4	1000	0.2	30	1000	0.2	0	0
2.128	24.8005	1.4	1000	0.2	30	1000	0.2	0	0
2.129	24.825	1.4	1000	0.2	30	1000	0.2	0	0
2.13	24.8486	1.4	1000	0.2	30	1000	0.2	0	0
2.131	24.8724	1.4	1000	0.2	30	1000	0.2	0	0
2.132	24.8979	1.4	1000	0.2	30	1000	0.2	0	0
2.133	24.9239	1.4	1000	0.2	30	1000	0.2	0	0
2.134	24.9507	1.4	1000	0.2	30	1000	0.2	0	0
2.135	24.9771	1.4	1000	0.2	30	1000	0.2	0	0
2.136	25.0013	1.4	1000	0.2	30	1000	0.2	0	0
2.137	25.0262	1.4	1000	0.2	30	1000	0.2	0	0
2.138	25.0508	1.4	1000	0.2	30	1000	0.2	0	0
2.139	25.0726	1.4	1000	0.2	30	1000	0.2	0	0
2.14	25.0937	1.4	1000	0.2	30	1000	0.2	0	0
2.141	25.1154	1.4	1000	0.2	30	1000	0.2	0	0
2.142	25.1382	1.4	1000	0.2	30	1000	0.2	0	0
2.143	25.163	1.4	1000	0.2	30	1000	0.2	0	0
2.144	25.1894	1.4	1000	0.2	30	1000	0.2	0	0
2.145	25.2155	1.4	1000	0.2	30	1000	0.2	0	0
2.146	25.2414	1.4	1000	0.2	30	1000	0.2	0	0
2.147	25.2655	1.4	1000	0.2	30	1000	0.2	0	0
2.148	25.2877	1.4	1000	0.2	30	1000	0.2	0	0
2.149	25.3071	1.4	1000	0.2	30	1000	0.2	0	0
2.15	25.3247	1.4	1000	0.2	30	1000	0.2	0	0
2.151	25.3396	1.4	1000	0.2	30	1000	0.2	0	0
2.152	25.3528	1.4	1000	0.2	30	1000	0.2	0	0
2.153	25.3651	1.4	1000	0.2	30	1000	0.2	0	0
2.154	25.3779	1.4	1000	0.2	30	1000	0.2	0	0
2.155	25.3904	1.4	1000	0.2	30	1000	0.2	0	0
2.156	25.4039	1.4	1000	0.2	30	1000	0.2	0	0
2.157	25.4193	1.4	1000	0.2	30	1000	0.2	0	0
2.158	25.4351	1.4	1000	0.2	30	1000	0.2	0	0
2.159	25.4504	1.4	1000	0.2	30	1000	0.2	0	0
2.16	25.4661	1.4	1000	0.2	30	1000	0.2	0	0
2.161	25.4816	1.4	1000	0.2	30	1000	0.2	0	0
2.162	25.498	1.4	1000	0.2	30	1000	0.2	0	0
2.163	25.5156	1.4	1000	0.2	30	1000	0.2	0	0
2.164	25.5327	1.4	1000	0.2	30	1000	0.2	0	0
2.165	25.5508	1.4	1000	0.2	30	1000	0.2	0	0
2.166	25.5707	1.4	1000	0.2	30	1000	0.2	0	0
2.167	25.5903	1.4	1000	0.2	30	1000	0.2	0	0
2.168	25.6096	1.4	1000	0.2	30	1000	0.2	0	0
2.169	25.6285	1.4	1000	0.2	30	1000	0.2	0	0
2.17	25.6451	1.4	1000	0.2	30	1000	0.2	0	0
2.171	25.6601	1.4	1000	0.2	30	1000	0.2	0	0
2.172	25.6734	1.4	1000	0.2	30	1000	0.2	0	0
2.173	25.6859	1.4	1000	0.2	30	1000	0.2	0	0
2.174	25.6979	1.4	1000	0.2	30	1000	0.2	0	0
2.175	25.7116	1.4	1000	0.2	30	1000	0.2	0	0
2.176	25.7296	1.4	1000	0.2	30	1000	0.2	0	0
2.177	25.7493	1.4	1000	0.2	30	1000	0.2	0	0
2.178	25.7684	1.4	1000	0.2	30	1000	0.2	0	0
2.179	25.7882	1.4	1000	0.2	30	1000	0.2	0	0
2.18	25.8074	1.4	1000	0.2	30	1000	0.2	0	0
2.181	25.8266	1.4	1000	0.2	30	1000	0.2	0	0
2.182	25.8452	1.4	1000	0.2	30	1000	0.2	0	0
2.183	25.8601	1.4	1000	0.2	30	1000	0.2	0	0
2.184	25.8732	1.4	1000	0.2	30	1000	0.2	0	0
2.185	25.888	1.4	1000	0.2	30	1000	0.2	0	0
2.186	25.9046	1.4	1000	0.2	30	1000	0.2	0	0
2.187	25.9251	1.4	1000	0.2	30	1000	0.2	0	0
2.188	25.9474	1.4	1000	0.2	30	1000	0.2	0	0
2.189	25.9704	1.4	1000	0.2	30	1000	0.2	0	0
2.19	25.9939	1.4	1000	0.2	30	1000	0.2	0	0
2.191	26.0186	1.4	1000	0.2	30	1000	0.2	0	0
2.192	26.0433	1.4	1000	0.2	30	1000	0.2	0	0
2.193	26.0668	1.4	1000	0.2	30	1000	0.2	0	0
2.194	26.0877	1.4	1000	0.2	30	1000	0.2	0	0
2.195	26.1071	1.4	1000	0.2	30	1000	0.2	0	0
2.196	26.1264	1.4	1000	0.2	30	1000	0.2	0	0
2.197	26.1465	1.4	1000	0.2	30	1000	0.2	0	0
2.198	26.1672	1.4	1000	0.2	30	1000	0.2	0	0
2.199	26.1882	1.4	1000	0.2	30	1000	0.2	0	0
2.2	26.208	1.4	1000	0.2	30	1000	0.2	0	0
2.201	26.2237	1.4	1000	0.2	30	1000	0.2	0	0
2.202	26.2396	1.4	1000	0.2	30	1000	0.2	0	0
2.203	26.2571	1.4	1000	0.2	30	1000	0.2	0	0
2.204	26.2731	1.4	1000	0.2	30	1000	0.2	0	0
2.205	26.2894	1.4	1000	0.2	30	1000	0.2	0	0
2.206	26.3062	1.4	1000	0.2	30	1000	0.2	0	0
2.207	26.3241	1.4	1000	0.2	30	1000	0.2	0	0
2.208	26.3455	1.4	1000	0.2	30	1000	0.2	0	0
2.209	26.3667	1.4	1000	0.2	30	1000	0.2	0	0
2.21	26.3869	1.4	1000	0.2	30	1000	0.2	0	0
2.211	26.4066	1.4	1000	0.2	30	1000	0.2	0	0
2.212	26.4242	1.4	1000	0.2	30	1000	0.2	0	0
2.213	26.4386	1.4	1000	0.2	30	1000	0.2	0	0
2.214	26.451	1.4	1000	0.2	30	1000	0.2	0	0
2.215	26.4606	1.4	1000	0.2	30	1000	0.2	0	0
2.216	26.4644	1.4	1000	0.2	30	1000	0.2	0	0
2.217	26.4636	1.4	1000	0.2	30	1000	0.2	0	0
2.218	26.4606	1.4	1000	0.2	30	1000	0.2	0	0
2.219	26.4555	1.4	1000	0.2	30	1000	0.2	0	0
2.22	26.4495	1.4	1000	0.2	30	1000	0.2	0	0
2.221	26.4405	1.4	1000	0.2	30	1000	0.2	0	0
2.222	26.4278	1.4	1000	0.2	30	1000	0.2	0	0
2.223	26.4156	1.4	1000	0.2	30	1000	0.2	0	0
2.224	26.4028	1.4	1000	0.2	30	1000	0.2	0	0
2.225	26.3858	1.4	1000	0.2	30	1000	0.2	0	0
2.226	26.3647	1.4	1000	0.2	30	1000	0.2	0	0
2.227	26.3389	1.4	1000	0.2	30	1000	0.2	0	0
2.228	26.3089	1.4	1000	0.2	30	1000	0.2	0	0
2.229	26.2765	1.4	1000	0.2	30	1000	0.2	0	0
2.23	26.2402	1.4	1000	0.2	30	1000	0.2	0	0
2.231	26.1984	1.4	1000	0.2	30	1000	0.2	0	0
2.232	26.1525	1.4	1000	0.2	30	1000	0.2	0	0
2.233	26.1018	1.4	1000	0.2	30	1000	0.2	0	0
2.234	26.0473	1.4	1000	0.2	30	1000	0.2	0	0
2.235	25.9903	1.4	1000	0.2	30	1000	0.2	0	0
2.236	25.9314	1.4	1000	0.2	30	1000	0.2	0	0
2.237	25.8709	1.4	1000	0.2	30	1000	0.2	0	0
2.238	25.807	1.4	1000	0.2	30	1000	0.2	0	0
2.239	25.7389	1.4	1000	0.2	30	1000	0.2	0	0
2.24	25.6701	1.4	1000	0.2	30	1000	0.2	0	0
2.241	25.5981	1.4	1000	0.2	30	1000	0.2	0	0
2.242	25.5236	1.4	1000	0.2	30	1000	0.2	0	0
2.243	25.4493	1.4	1000	0.2	30	1000	0.2	0	0
2.244	25.3714	1.4	1000	0.2	30	1000	0.2	0	0
2.245	25.2894	1.4	1000	0.2	30	1000	0.2	0	0
2.246	25.2069	1.4	1000	0.2	30	1000	0.2	0	0
2.247	25.1223	1.4	1000	0.2	30	1000	0.2	0	0
2.248	25.0369	1.4	1000	0.2	30	1000	0.2	0	0
2.249	24.9505	1.4	1000	0.2	30	1000	0.2	0	0
2.25	24.8605	1.4	1000	0.2	30	1000	0.2	0	0
2.251	24.7688	1.4	1000	0.2	30	1000	0.2	0	0
2.252	24.6805	1.4	1000	0.2	30	1000	0.2	0	0
2.253	24.5973	1.4	1000	0.2	30	1000	0.2	0	0
2.254	24.5157	1.4	1000	0.2	30	1000	0.2	0	0
2.255	24.4336	1.4	1000	0.2	30	1000	0.2	0	0
2.256	24.3519	1.4	1000	0.2	30	1000	0.2	0	0
2.257	24.268	1.4	1000	0.2	30	1000	0.2	0	0
2.258	24.1855	1.4	1000	0.2	30	1000	0.2	0	0
2.259	24.1054	1.4	1000	0.2	30	1000	0.2	0	0
2.26	24.0231	1.4	1000	0.2	30	1000	0.2	0	0
2.261	23.942	1.4	1000	0.2	30	1000	0.2	0	0
2.262	23.8643	1.4	1000	0.2	30	1000	0.2	0	0
2.263	23.7878	1.4	1000	0.2	30	1000	0.2	0	0
2.264	23.714	1.4	1000	0.2	30	1000	0.2	0	0
2.265	23.6431	1.4	1000	0.2	30	1000	0.2	0	0
2.266	23.5714	1.4	1000	0.2	30	1000	0.2	0	0
2.267	23.5027	1.4	1000	0.2	30	1000	0.2	0	0
2.268	23.4412	1.4	1000	0.2	30	1000	0.2	0	0
2.269	23.3828	1.4	1000	0.2	30	1000	0.2	0	0
2.27	23.3272	1.4	1000	0.2	30	1000	0.2	0	0
2.271	23.2772	1.4	1000	0.2	30	1000	0.2	0	0
2.272	23.2296	1.4	1000	0.2	30	1000	0.2	0	0
2.273	23.1857	1.4	1000	0.2	30	1000	0.2	0	0
2.274	23.1447	1.4	1000	0.2	30	1000	0.2	0	0
2.275	23.1023	1.4	1000	0.2	30	1000	0.2	0	0
2.276	23.0618	1.4	1000	0.2	30	1000	0.2	0	0
2.277	23.0239	1.4	1000	0.2	30	1000	0.2	0	0
2.278	22.9879	1.4	1000	0.2	30	1000	0.2	0	0
2.279	22.9535	1.4	1000	0.2	30	1000	0.2	0	0
2.28	22.9175	1.4	1000	0.2	30	1000	0.2	0	0
2.281	22.8792	1.4	1000	0.2	30	1000	0.2	0	0
2.282	22.8385	1.4	1000	0.2	30	1000	0.2	0	0
2.283	22.7978	1.4	1000	0.2	30	1000	0.2	0	0
2.284	22.7597	1.4	1000	0.2	30	1000	0.2	0	0
2.285	22.7225	1.4	1000	0.2	30	1000	0.2	0	0
2.286	22.6904	1.4	1000	0.2	30	1000	0.2	0	0
2.287	22.6626	1.4	1000	0.2	30	1000	0.2	0	0
2.288	22.6353	1.4	1000	0.2	30	1000	0.2	0	0
2.289	22.6091	1.4	1000	0.2	30	1000	0.2	0	0
2.29	22.5805	1.4	1000	0.2	30	1000	0.2	0	0
2.291	22.5467	1.4	1000	0.2	30	1000	0.2	0	0
2.292	22.5061	1.4	1000	0.2	30	1000	0.2	0	0
2.293	22.4589	1.4	1000	0.2	30	1000	0.2	0	0
2.294	22.4072	1.4	1000	0.2	30	1000	0.2	0	0
2.295	22.353	1.4	1000	0.2	30	1000	0.2	0	0
2.296	22.296	1.4	1000	0.2	30	1000	0.2	0	0
2.297	22.2387	1.4	1000	0.2	30	1000	0.2	0	0
2.298	22.1798	1.4	1000	0.2	30	1000	0.2	0	0
2.299	22.1188	1.4	1000	0.2	30	1000	0.2	0	0
2.3	22.0568	1.4	1000	0.2	30	1000	0.2	0	0
2.301	21.9966	1.4	1000	0.2	30	1000	0.2	0	0
2.302	21.9378	1.4	1000	0.2	30	1000	0.2	0	0
2.303	21.8838	1.4	1000	0.2	30	1000	0.2	0	0
2.304	21.8305	1.4	1000	0.2	30	1000	0.2	0	0
2.305	21.7762	1.4	1000	0.2	30	1000	0.2	0	0
2.306	21.7286	1.4	1000	0.2	30	1000	0.2	0	0
2.307	21.6858	1.4	1000	0.2	30	1000	0.2	0	0
2.308	21.6437	1.4	1000	0.2	30	1000	0.2	0	0
2.309	21.6033	1.4	1000	0.2	30	1000	0.2	0	0
2.31	21.5625	1.4	1000	0.2	30	1000	0.2	0	0
2.311	21.5214	1.4	1000	0.2	30	1000	0.2	0	0
2.312	21.4873	1.4	1000	0.2	30	1000	0.2	0	0
2.313	21.459	1.4	1000	0.2	30	1000	0.2	0	0
2.314	21.4334	1.4	1000	0.2	30	1000	0.2	0	0
2.315	21.4152	1.4	1000	0.2	30	1000	0.2	0	0
2.316	21.4016	1.4	1000	0.2	30	1000	0.2	0	0
2.317	21.3923	1.4	1000	0.2	30	1000	0.2	0	0
2.318	21.3876	1.4	1000	0.2	30	1000	0.2	0	0
2.319	21.3806	1.4	1000	0.2	30	1000	0.2	0	0
2.32	21.3677	1.4	1000	0.2	30	1000	0.2	0	0
2.321	21.3457	1.4	1000	0.2	30	1000	0.2	0	0
2.322	21.3177	1.4	1000	0.2	30	1000	0.2	0	0
2.323	21.2895	1.4	1000	0.2	30	1000	0.2	0	0
2.324	21.259	1.4	1000	0.2	30	1000	0.2	0	0
2.325	21.233	1.4	1000	0.2	30	1000	0.2	0	0
2.326	21.2118	1.4	1000	0.2	30	1000	0.2	0	0
2.327	21.192	1.4	1000	0.2	30	1000	0.2	0	0
2.328	21.1776	1.4	1000	0.2	30	1000	0.2	0	0
2.329	21.1613	1.4	1000	0.2	30	1000	0.2	0	0
2.33	21.1415	1.4	1000	0.2	30	1000	0.2	0	0
2.331	21.1186	1.4	1000	0.2	30	1000	0.2	0	0
2.332	21.0904	1.4	1000	0.2	30	1000	0.2	0	0
2.333	21.0588	1.4	1000	0.2	30	1000	0.2	0	0
2.334	21.0239	1.4	1000	0.2	30	1000	0.2	0	0
2.335	20.9887	1.4	1000	0.2	30	1000	0.2	0	0
2.336	20.9554	1.4	1000	0.2	30	1000	0.2	0	0
2.337	20.9243	1.4	1000	0.2	30	1000	0.2	0	0
2.338	20.8968	1.4	1000	0.2	30	1000	0.2	0	0
2.339	20.8669	1.4	1000	0.2	30	1000	0.2	0	0
2.34	20.8309	1.4	1000	0.2	30	1000	0.2	0	0
2.341	20.7969	1.4	1000	0.2	30	1000	0.2	0	0
2.342	20.761	1.4	1000	0.2	30	1000	0.2	0	0
2.343	20.7236	1.4	1000	0.2	30	1000	0.2	0	0
2.344	20.6851	1.4	1000	0.2	30	1000	0.2	0	0
2.345	20.6438	1.4	1000	0.2	30	1000	0.2	0	0
2.346	20.6031	1.4	1000	0.2	30	1000	0.2	0	0
2.347	20.5695	1.4	1000	0.2	30	1000	0.2	0	0
2.348	20.5407	1.4	1000	0.2	30	1000	0.2	0	0
2.349	20.5163	1.4	1000	0.2	30	1000	0.2	0	0
2.35	20.4952	1.4	1000	0.2	30	1000	0.2	0	0
2.351	20.4753	1.4	1000	0.2	30	1000	0.2	0	0
2.352	20.4588	1.4	1000	0.2	30	1000	0.2	0	0
2.353	20.4441	1.4	1000	0.2	30	1000	0.2	0	0
2.354	20.4281	1.4	1000	0.2	30	1000	0.2	0	0
2.355	20.4101	1.4	1000	0.2	30	1000	0.2	0	0
2.356	20.3909	1.4	1000	0.2	30	1000	0.2	0	0
2.357	20.3712	1.4	1000	0.2	30	1000	0.2	0	0
2.358	20.3507	1.4	1000	0.2	30	1000	0.2	0	0
2.359	20.3286	1.4	1000	0.2	30	1000	0.2	0	0
2.36	20.3067	1.4	1000	0.2	30	1000	0.2	0	0
2.361	20.2871	1.4	1000	0.2	30	1000	0.2	0	0
2.362	20.269	1.4	1000	0.2	30	1000	0.2	0	0
2.363	20.2516	1.4	1000	0.2	30	1000	0.2	0	0
2.364	20.2363	1.4	1000	0.2	30	1000	0.2	0	0
2.365	20.2195	1.4	1000	0.2	30	1000	0.2	0	0
2.366	20.1973	1.4	1000	0.2	30	1000	0.2	0	0
2.367	20.1723	1.4	1000	0.2	30	1000	0.2	0	0
2.368	20.143	1.4	1000	0.2	30	1000	0.2	0	0
2.369	20.1074	1.4	1000	0.2	30	1000	0.2	0	0
2.37	20.0671	1.4	1000	0.2	30	1000	0.2	0	0
2.371	20.023	1.4	1000	0.2	30	1000	0.2	0	0
2.372	19.9784	1.4	1000	0.2	30	1000	0.2	0	0
2.373	19.9372	1.4	1000	0.2	30	1000	0.2	0	0
2.374	19.9004	1.4	1000	0.2	30	1000	0.2	0	0
2.375	19.8671	1.4	1000	0.2	30	1000	0.2	0	0
2.376	19.8362	1.4	1000	0.2	30	1000	0.2	0	0
2.377	19.8074	1.4	1000	0.2	30	1000	0.2	0	0
2.378	19.779	1.4	1000	0.2	30	1000	0.2	0	0
2.379	19.7506	1.4	1000	0.2	30	1000	0.2	0	0
2.38	19.7205	1.4	1000	0.2	30	1000	0.2	0	0
2.381	19.6863	1.4	1000	0.2	30	1000	0.2	0	0
2.382	19.6521	1.4	1000	0.2	30	1000	0.2	0	0
2.383	19.6184	1.4	1000	0.2	30	1000	0.2	0	0
2.384	19.5855	1.4	1000	0.2	30	1000	0.2	0	0
2.385	19.5507	1.4	1000	0.2	30	1000	0.2	0	0
2.386	19.5124	1.4	1000	0.2	30	1000	0.2	0	0
2.387	19.4745	1.4	1000	0.2	30	1000	0.2	0	0
2.388	19.4362	1.4	1000	0.2	30	1000	0.2	0	0
2.389	19.3968	1.4	1000	0.2	30	1000	0.2	0	0
2.39	19.3568	1.4	1000	0.2	30	1000	0.2	0	0
2.391	19.3169	1.4	1000	0.2	30	1000	0.2	0	0
2.392	19.2809	1.4	1000	0.2	30	1000	0.2	0	0
2.393	19.2507	1.4	1000	0.2	30	1000	0.2	0	0
2.394	19.2256	1.4	1000	0.2	30	1000	0.2	0	0
2.395	19.2041	1.4	1000	0.2	30	1000	0.2	0	0
2.396	19.1833	1.4	1000	0.2	30	1000	0.2	0	0
2.397	19.1565	1.4	1000	0.2	30	1000	0.2	0	0
2.398	19.1234	1.4	1000	0.2	30	1000	0.2	0	0
2.399	19.086	1.4	1000	0.2	30	1000	0.2	0	0
2.4	19.0477	1.4	1000	0.2	30	1000	0.2	0	0
2.401	19.0043	1.4	1000	0.2	30	1000	0.2	0	0
2.402	18.9547	1.4	1000	0.2	30	1000	0.2	0	0
2.403	18.9069	1.4	1000	0.2	30	1000	0.2	0	0
2.404	18.8618	1.4	1000	0.2	30	1000	0.2	0	0
2.405	18.8172	1.4	1000	0.2	30	1000	0.2	0	0
2.406	18.7757	1.4	1000	0.2	30	1000	0.2	0	0
2.407	18.726	1.4	1000	0.2	30	1000	0.2	0	0
2.408	18.6762	1.4	1000	0.2	30	1000	0.2	0	0
2.409	18.6268	1.4	1000	0.2	30	1000	0.2	0	0
2.41	18.5603	1.4	1000	0.2	30	1000	0.2	0	0
2.411	18.4946	1.4	1000	0.2	30	1000	0.2	0	0
2.412	18.4204	1.4	1000	0.2	30	1000	0.2	0	0
2.413	18.3298	1.4	1000	0.2	30	1000	0.2	0	0
2.414	18.2597	1.4	1000	0.2	30	1000	0.2	0	0
2.415	18.1819	1.4	1000	0.2	30	1000	0.2	0	0
2.416	18.0833	1.4	1000	0.2	30	1000	0.2	0	0
2.417	18.0075	1.4	1000	0.2	30	1000	0.2	0	0
2.418	17.9361	1.4	1000	0.2	30	1000	0.2	0	0
2.419	17.8775	1.4	1000	0.2	30	1000	0.2	0	0
2.42	17.8466	1.4	1000	0.2	30	1000	0.2	0	0
2.421	17.8026	1.4	1000	0.2	30	1000	0.2	0	0
2.422	17.7631	1.4	1000	0.2	30	1000	0.2	0	0
2.423	17.7357	1.4	1000	0.2	30	1000	0.2	0	0
2.424	17.6898	1.4	1000	0.2	30	1000	0.2	0	0
2.425	17.6437	1.4	1000	0.2	30	1000	0.2	0	0
2.426	17.5951	1.4	1000	0.2	30	1000	0.2	0	0
2.427	17.5303	1.4	1000	0.2	30	1000	0.2	0	0
2.428	17.4643	1.4	1000	0.2	30	1000	0.2	0	0
2.429	17.3952	1.4	1000	0.2	30	1000	0.2	0	0
2.43	17.321	1.4	1000	0.2	30	1000	0.2	0	0
2.431	17.2421	1.4	1000	0.2	30	1000	0.2	0	0
2.432	17.163	1.4	1000	0.2	30	1000	0.2	0	0
2.433	17.0885	1.4	1000	0.2	30	1000	0.2	0	0
2.434	17.0174	1.4	1000	0.2	30	1000	0.2	0	0
2.435	16.9575	1.4	1000	0.2	30	1000	0.2	0	0
2.436	16.8998	1.4	1000	0.2	30	1000	0.2	0	0
2.437	16.8442	1.4	1000	0.2	30	1000	0.2	0	0
2.438	16.8048	1.4	1000	0.2	30	1000	0.2	0	0
2.439	16.7627	1.4	1000	0.2	30	1000	0.2	0	0
2.44	16.713	1.4	1000	0.2	30	1000	0.2	0	0
2.441	16.6681	1.4	1000	0.2	30	1000	0.2	0	0
2.442	16.6132	1.4	1000	0.2	30	1000	0.2	0	0
2.443	16.5524	1.4	1000	0.2	30	1000	0.2	0	0
2.444	16.5005	1.4	1000	0.2	30	1000	0.2	0	0
2.445	16.4327	1.4	1000	0.2	30	1000	0.2	0	0
2.446	16.3201	1.4	1000	0.2	30	1000	0.2	0	0
2.447	16.2186	1.4	1000	0.2	30	1000	0.2	0	0
2.448	16.1171	1.4	1000	0.2	30	1000	0.2	0	0
2.449	16.0197	1.4	1000	0.2	30	1000	0.2	0	0
2.45	15.9387	1.4	1000	0.2	30	1000	0.2	0	0
