  443.000   5.698978424e+01 
  444.000   5.772771072e+01 
  445.000   5.614138412e+01 
  446.000   5.305923080e+01 
  447.000   5.684652710e+01 
  448.000   5.747626495e+01 
  449.000   5.714028931e+01 
  450.000   5.828306198e+01 
  451.000   6.003182220e+01 
  452.000   5.743062973e+01 
  453.000   5.362255096e+01 
  454.000   5.551977158e+01 
  455.000   5.550224686e+01 
  456.000   5.639769745e+01 
  457.000   5.694310760e+01 
  458.000   5.471945572e+01 
  459.000   5.402342987e+01 
  460.000   5.385118103e+01 
  461.000   5.470462799e+01 
  462.000   5.468206787e+01 
  463.000   5.400328064e+01 
  464.000   5.269050598e+01 
  465.000   5.161579895e+01 
  466.000   5.174577332e+01 
  467.000   5.058482742e+01 
  468.000   5.086478043e+01 
  469.000   5.080823135e+01 
  470.000   4.889590454e+01 
  471.000   4.849710846e+01 
  472.000   5.078242874e+01 
  473.000   4.979642105e+01 
  474.000   4.962060928e+01 
  475.000   4.976767349e+01 
  476.000   4.801283646e+01 
  477.000   4.785848236e+01 
  478.000   4.886852646e+01 
  479.000   4.828558731e+01 
  480.000   4.811357498e+01 
  481.000   4.869901276e+01 
  482.000   4.863224411e+01 
  483.000   4.770792389e+01 
  484.000   4.645705032e+01 
  485.000   4.399530029e+01 
  486.000   3.821419525e+01 
  487.000   3.980100632e+01 
  488.000   4.347356796e+01 
  489.000   4.345679474e+01 
  490.000   4.543594742e+01 
  491.000   4.444565201e+01 
  492.000   4.182330704e+01 
  493.000   4.304363632e+01 
  494.000   4.332578278e+01 
  495.000   4.354436493e+01 
  496.000   4.364824295e+01 
  497.000   4.416056442e+01 
  498.000   4.193572235e+01 
  499.000   4.234680176e+01 
  500.000   4.101638031e+01 
  501.000   4.018077087e+01 
  502.000   3.960628510e+01 
  503.000   4.122391510e+01 
  504.000   4.050641251e+01 
  505.000   4.142377472e+01 
  506.000   4.269246674e+01 
  507.000   4.052776718e+01 
  508.000   3.905924606e+01 
  509.000   3.998146057e+01 
  510.000   3.961850739e+01 
  511.000   4.051277924e+01 
  512.000   4.082720184e+01 
  513.000   3.855065536e+01 
  514.000   3.817320633e+01 
  515.000   3.771694946e+01 
  516.000   3.755805969e+01 
  517.000   3.326719666e+01 
  518.000   3.490252304e+01 
  519.000   3.653213120e+01 
  520.000   3.779161072e+01 
  521.000   3.807418823e+01 
  522.000   3.804913712e+01 
  523.000   3.729642487e+01 
  524.000   3.859915161e+01 
  525.000   3.905329514e+01 
  526.000   3.725126648e+01 
  527.000   3.509022141e+01 
  528.000   3.707954025e+01 
  529.000   3.904165268e+01 
  530.000   3.842045593e+01 
  531.000   3.893196487e+01 
  532.000   3.753345108e+01 
  533.000   3.638241196e+01 
  534.000   3.739249039e+01 
  535.000   3.813323212e+01 
  536.000   3.842087173e+01 
  537.000   3.683841324e+01 
  538.000   3.743600082e+01 
  539.000   3.708974838e+01 
  540.000   3.554770279e+01 
  541.000   3.587028885e+01 
  542.000   3.701487350e+01 
  543.000   3.649586105e+01 
  544.000   3.718529892e+01 
  545.000   3.701171494e+01 
  546.000   3.722952652e+01 
  547.000   3.709851074e+01 
  548.000   3.657930374e+01 
  549.000   3.662657547e+01 
  550.000   3.701927948e+01 
  551.000   3.651353073e+01 
  552.000   3.672833633e+01 
  553.000   3.605152130e+01 
  554.000   3.688642883e+01 
  555.000   3.694749069e+01 
  556.000   3.644748688e+01 
  557.000   3.530884171e+01 
  558.000   3.505977631e+01 
  559.000   3.442618179e+01 
  560.000   3.484975815e+01 
  561.000   3.520245361e+01 
  562.000   3.484623337e+01 
  563.000   3.572239685e+01 
  564.000   3.465607452e+01 
  565.000   3.424203873e+01 
  566.000   3.363942337e+01 
  567.000   3.413300323e+01 
  568.000   3.361134338e+01 
  569.000   3.254768372e+01 
  570.000   3.241857529e+01 
  571.000   3.234629822e+01 
  572.000   3.287282944e+01 
  573.000   3.320493698e+01 
  574.000   3.304925156e+01 
  575.000   3.236779404e+01 
  576.000   3.196353722e+01 
  577.000   3.230388641e+01 
  578.000   3.179482269e+01 
  579.000   3.181374550e+01 
  580.000   3.221818161e+01 
  581.000   3.231996536e+01 
  582.000   3.281194687e+01 
  583.000   3.274615097e+01 
  584.000   3.291784286e+01 
  585.000   3.202169037e+01 
  586.000   3.131974602e+01 
  587.000   3.186849403e+01 
  588.000   3.080654526e+01 
  589.000   2.731216049e+01 
  590.000   2.834697533e+01 
  591.000   3.000381470e+01 
  592.000   2.954822540e+01 
  593.000   3.030066109e+01 
  594.000   2.999748611e+01 
  595.000   2.891335487e+01 
  596.000   3.002126312e+01 
  597.000   2.954578209e+01 
  598.000   2.950020218e+01 
  599.000   2.945286369e+01 
  600.000   2.950993919e+01 
  601.000   2.924604607e+01 
  602.000   2.900381660e+01 
  603.000   2.944157410e+01 
  604.000   2.992003632e+01 
  605.000   2.971894455e+01 
  606.000   2.949606705e+01 
  607.000   2.968036270e+01 
  608.000   2.925072479e+01 
  609.000   2.921038437e+01 
  610.000   2.890065002e+01 
  611.000   2.898472023e+01 
  612.000   2.883119583e+01 
  613.000   2.840656281e+01 
  614.000   2.793119812e+01 
  615.000   2.845065308e+01 
  616.000   2.743722153e+01 
  617.000   2.731386375e+01 
  618.000   2.829115868e+01 
  619.000   2.793787956e+01 
  620.000   2.806786537e+01 
  621.000   2.809298515e+01 
  622.000   2.776446915e+01 
  623.000   2.733037567e+01 
  624.000   2.675088501e+01 
  625.000   2.661739349e+01 
  626.000   2.692758942e+01 
  627.000   2.700422478e+01 
  628.000   2.539925385e+01 
  629.000   2.621371078e+01 
  630.000   2.580935860e+01 
  631.000   2.605369759e+01 
  632.000   2.554778290e+01 
  633.000   2.640531921e+01 
  634.000   2.609950638e+01 
  635.000   2.643823814e+01 
  636.000   2.604560471e+01 
  637.000   2.644093895e+01 
  638.000   2.670701599e+01 
  639.000   2.635247231e+01 
  640.000   2.609007645e+01 
  641.000   2.601970291e+01 
  642.000   2.587346840e+01 
  643.000   2.610507011e+01 
  644.000   2.594090462e+01 
  645.000   2.586061287e+01 
  646.000   2.493300247e+01 
  647.000   2.469086075e+01 
  648.000   2.451751900e+01 
  649.000   2.432340431e+01 
  650.000   2.444099236e+01 
  651.000   2.532085609e+01 
  652.000   2.443365479e+01 
  653.000   2.503094482e+01 
  654.000   2.456002235e+01 
  655.000   2.375598526e+01 
  656.000   2.084313202e+01 
  657.000   2.148443604e+01 
  658.000   2.410702896e+01 
  659.000   2.426510239e+01 
  660.000   2.436489868e+01 
  661.000   2.468527031e+01 
  662.000   2.490307617e+01 
  663.000   2.432456970e+01 
  664.000   2.445943069e+01 
  665.000   2.436123085e+01 
  666.000   2.449636841e+01 
  667.000   2.457390022e+01 
  668.000   2.469292259e+01 
  669.000   2.519376564e+01 
  670.000   2.521027374e+01 
  671.000   2.532919502e+01 
  672.000   2.524139786e+01 
  673.000   2.574631691e+01 
  674.000   2.577711678e+01 
  675.000   2.566993523e+01 
  676.000   2.597409439e+01 
  677.000   2.584388161e+01 
  678.000   2.604406929e+01 
  679.000   2.574684334e+01 
  680.000   2.605609512e+01 
  681.000   2.598745918e+01 
  682.000   2.608640671e+01 
  683.000   2.615432549e+01 
  684.000   2.610958672e+01 
  685.000   2.649407578e+01 
  686.000   2.626782608e+01 
  687.000   2.116724396e+01 
  688.000   2.244668579e+01 
  689.000   2.207293129e+01 
  690.000   2.281525230e+01 
  691.000   2.388304901e+01 
  692.000   2.451401138e+01 
  693.000   2.432867813e+01 
  694.000   2.403689194e+01 
  695.000   2.465571213e+01 
  696.000   2.529335022e+01 
  697.000   2.675353432e+01 
  698.000   2.618969345e+01 
  699.000   2.538926315e+01 
  700.000   2.538281059e+01 
  701.000   2.518087769e+01 
  702.000   2.534984589e+01 
  703.000   2.665287590e+01 
  704.000   2.709483528e+01 
  705.000   2.679067039e+01 
  706.000   2.702416992e+01 
  707.000   2.754575729e+01 
  708.000   2.820961952e+01 
  709.000   2.874955750e+01 
  710.000   2.887480736e+01 
  711.000   2.960182190e+01 
  712.000   3.019589233e+01 
  713.000   3.011364555e+01 
  714.000   3.053129578e+01 
  715.000   2.984262276e+01 
  716.000   2.986193275e+01 
  717.000   2.771590233e+01 
  718.000   2.602118874e+01 
  719.000   2.528644371e+01 
  720.000   2.520548630e+01 
  721.000   2.921132660e+01 
  722.000   3.117944145e+01 
  723.000   3.089810753e+01 
  724.000   2.859712029e+01 
  725.000   2.909009171e+01 
  726.000   2.938157082e+01 
  727.000   3.028413773e+01 
  728.000   2.973356819e+01 
  729.000   3.040711021e+01 
  730.000   3.136821175e+01 
  731.000   3.130643463e+01 
  732.000   3.348086548e+01 
  733.000   3.567405701e+01 
  734.000   3.751894760e+01 
  735.000   3.703226471e+01 
  736.000   3.660247803e+01 
  737.000   3.781558609e+01 
  738.000   3.833977127e+01 
  739.000   3.843540192e+01 
  740.000   4.021758270e+01 
  741.000   4.009876251e+01 
  742.000   4.017966080e+01 
  743.000   4.164567566e+01 
  744.000   4.167793274e+01 
  745.000   4.182128906e+01 
  746.000   4.222296143e+01 
  747.000   4.239440918e+01 
  748.000   4.248631668e+01 
  749.000   4.212236786e+01 
  750.000   4.212800217e+01 
  751.000   4.179156494e+01 
  752.000   4.213521957e+01 
  753.000   4.245205688e+01 
  754.000   4.266029358e+01 
  755.000   4.252123260e+01 
  756.000   4.258427811e+01 
  757.000   4.274108124e+01 
  758.000   4.215447617e+01 
  759.000   3.648882675e+01 
  760.000   1.012557602e+01 
  761.000   8.307235718e+00 
  762.000   2.065959930e+01 
  763.000   1.642715073e+01 
  764.000   1.852887344e+01 
  765.000   2.417234802e+01 
  766.000   3.018721199e+01 
  767.000   3.483818436e+01 
  768.000   3.790441895e+01 
  769.000   3.978763962e+01 
  770.000   4.108362579e+01 
  771.000   4.153070450e+01 
  772.000   4.166225052e+01 
  773.000   4.205577469e+01 
  774.000   4.197321701e+01 
  775.000   4.174861908e+01 
  776.000   4.235359192e+01 
  777.000   4.187418747e+01 
  778.000   4.169823074e+01 
  779.000   4.180371475e+01 
  780.000   4.162523270e+01 
  781.000   4.178112030e+01 
  782.000   4.209899521e+01 
  783.000   4.141956329e+01 
  784.000   4.158069229e+01 
  785.000   4.115359497e+01 
  786.000   4.136167526e+01 
  787.000   4.057594299e+01 
  788.000   4.005832672e+01 
  789.000   3.916355133e+01 
  790.000   3.902040482e+01 
  791.000   3.870290756e+01 
  792.000   3.853711319e+01 
  793.000   3.848537827e+01 
  794.000   3.901675034e+01 
  795.000   3.934144211e+01 
  796.000   3.797909546e+01 
  797.000   3.838250732e+01 
  798.000   3.933438110e+01 
  799.000   3.916136169e+01 
  800.000   3.814037323e+01 
  801.000   3.834119415e+01 
  802.000   3.812120438e+01 
  803.000   3.806991959e+01 
  804.000   3.834445572e+01 
  805.000   3.851390839e+01 
  806.000   3.944914246e+01 
  807.000   3.916884232e+01 
  808.000   3.889429474e+01 
  809.000   3.832927322e+01 
  810.000   3.816132736e+01 
  811.000   3.797428131e+01 
  812.000   3.726757812e+01 
  813.000   3.646842957e+01 
  814.000   3.517158890e+01 
  815.000   3.375104904e+01 
  816.000   3.226785278e+01 
  817.000   3.223052979e+01 
  818.000   3.170979309e+01 
  819.000   3.201034927e+01 
  820.000   3.342959976e+01 
  821.000   3.551120377e+01 
  822.000   3.397022629e+01 
  823.000   3.056171227e+01 
  824.000   3.360508728e+01 
  825.000   3.595330429e+01 
  826.000   3.580495453e+01 
  827.000   3.543500137e+01 
  828.000   3.369593811e+01 
  829.000   3.402966309e+01 
  830.000   3.458157730e+01 
  831.000   3.455890274e+01 
  832.000   3.475265503e+01 
  833.000   3.405826950e+01 
  834.000   3.469755554e+01 
  835.000   3.621241379e+01 
  836.000   3.609340668e+01 
  837.000   3.591164017e+01 
  838.000   3.584948730e+01 
  839.000   3.605623245e+01 
  840.000   3.678250122e+01 
  841.000   3.627082062e+01 
  842.000   3.626115799e+01 
  843.000   3.653955841e+01 
  844.000   3.662068939e+01 
  845.000   3.765851593e+01 
  846.000   3.759799194e+01 
  847.000   3.695009232e+01 
  848.000   3.664173126e+01 
  849.000   3.566156387e+01 
  850.000   3.400460052e+01 
  851.000   3.606632233e+01 
  852.000   3.574860382e+01 
  853.000   3.450956345e+01 
  854.000   2.993765640e+01 
  855.000   3.282432175e+01 
  856.000   3.625690079e+01 
  857.000   3.706956863e+01 
  858.000   3.692795944e+01 
  859.000   3.704920197e+01 
  860.000   3.714069366e+01 
  861.000   3.697870636e+01 
  862.000   3.758451843e+01 
  863.000   3.849010849e+01 
  864.000   3.659591675e+01 
  865.000   3.629510880e+01 
  866.000   3.265041733e+01 
  867.000   3.407596207e+01 
  868.000   3.709120941e+01 
  869.000   3.633327866e+01 
  870.000   3.737090683e+01 
  871.000   3.688434219e+01 
  872.000   3.677457047e+01 
  873.000   3.669351578e+01 
  874.000   3.625755692e+01 
  875.000   3.554122543e+01 
  876.000   3.590696335e+01 
  877.000   3.625381470e+01 
  878.000   3.660178375e+01 
  879.000   3.603435135e+01 
  880.000   3.518972778e+01 
  881.000   3.473141479e+01 
  882.000   3.547106171e+01 
  883.000   3.557129288e+01 
  884.000   3.545737839e+01 
  885.000   3.556843567e+01 
  886.000   3.403247070e+01 
  887.000   3.433252716e+01 
  888.000   3.507975006e+01 
  889.000   3.515594101e+01 
  890.000   3.513601303e+01 
  891.000   3.463042831e+01 
  892.000   3.355142593e+01 
  893.000   3.184709167e+01 
  894.000   3.122426224e+01 
  895.000   2.918010139e+01 
  896.000   2.806464767e+01 
  897.000   2.618323898e+01 
  898.000   2.564459991e+01 
  899.000   2.381620216e+01 
  900.000   2.351641273e+01 
  901.000   2.228198814e+01 
  902.000   2.262260437e+01 
  903.000   2.644122505e+01 
  904.000   2.875920486e+01 
  905.000   2.862317467e+01 
  906.000   2.670497131e+01 
  907.000   2.491068268e+01 
  908.000   2.320713806e+01 
  909.000   2.278549957e+01 
  910.000   2.343373108e+01 
  911.000   2.415117836e+01 
  912.000   2.379426384e+01 
  913.000   2.247374153e+01 
  914.000   2.314622498e+01 
  915.000   2.367035484e+01 
  916.000   2.398052025e+01 
  917.000   2.403431511e+01 
  918.000   2.465327263e+01 
  919.000   2.646117973e+01 
  920.000   2.758502579e+01 
  921.000   2.659648323e+01 
  922.000   2.648283577e+01 
  923.000   2.538688469e+01 
  924.000   2.530621338e+01 
  925.000   2.521409225e+01 
  926.000   2.481713104e+01 
  927.000   2.456055641e+01 
  928.000   2.304418564e+01 
  929.000   2.043618584e+01 
  930.000   1.741470337e+01 
  931.000   1.423910618e+01 
  932.000   1.069419289e+01 
  933.000   8.672935486e+00 
  934.000   6.813161373e+00 
  935.000   6.527841568e+00 
  936.000   7.151539803e+00 
  937.000   7.058145046e+00 
  938.000   9.176845551e+00 
  939.000   1.640995979e+01 
  940.000   1.760599327e+01 
  941.000   1.586841488e+01 
  942.000   1.355995178e+01 
  943.000   1.012720490e+01 
  944.000   9.758404732e+00 
  945.000   1.099239826e+01 
  946.000   1.112021351e+01 
  947.000   1.232774067e+01 
  948.000   1.307660866e+01 
  949.000   1.299507999e+01 
  950.000   1.310177231e+01 
  951.000   1.479700565e+01 
  952.000   1.297846985e+01 
  953.000   1.416105175e+01 
  954.000   1.520931530e+01 
  955.000   1.382030487e+01 
  956.000   1.420121765e+01 
  957.000   1.805398941e+01 
  958.000   1.882689095e+01 
  959.000   1.818511200e+01 
  960.000   1.775142860e+01 
  961.000   1.750573158e+01 
  962.000   1.768747520e+01 
  963.000   1.983636856e+01 
  964.000   2.014904022e+01 
  965.000   1.989268303e+01 
  966.000   1.986834908e+01 
  967.000   2.150086594e+01 
  968.000   2.387529564e+01 
  969.000   2.508976364e+01 
  970.000   2.514242363e+01 
  971.000   2.503524208e+01 
  972.000   2.472998810e+01 
  973.000   2.368801498e+01 
  974.000   2.252777100e+01 
  975.000   2.226004791e+01 
  976.000   2.279323006e+01 
  977.000   2.389977455e+01 
  978.000   2.377682877e+01 
  979.000   2.390212822e+01 
  980.000   2.537156105e+01 
  981.000   2.583726692e+01 
  982.000   2.543408012e+01 
  983.000   2.600985527e+01 
  984.000   2.681054688e+01 
  985.000   2.733396339e+01 
  986.000   2.780398560e+01 
  987.000   2.805030823e+01 
  988.000   2.815751648e+01 
  989.000   2.775716019e+01 
  990.000   2.794655800e+01 
  991.000   2.825916290e+01 
  992.000   2.842107201e+01 
  993.000   2.835412598e+01 
  994.000   2.860429955e+01 
  995.000   2.864728546e+01 
  996.000   2.862003708e+01 
  997.000   2.849686432e+01 
  998.000   2.827126884e+01 
  999.000   2.809139442e+01 
 1000.000   2.808845139e+01 
 1001.000   2.801358604e+01 
 1002.000   2.749071312e+01 
 1003.000   2.725422859e+01 
 1004.000   2.697337151e+01 
 1005.000   2.585005760e+01 
 1006.000   2.702053642e+01 
 1007.000   2.743828011e+01 
 1008.000   2.709699440e+01 
 1009.000   2.666403961e+01 
 1010.000   2.680443764e+01 
 1011.000   2.717042542e+01 
 1012.000   2.724331093e+01 
 1013.000   2.736615753e+01 
 1014.000   2.723227310e+01 
 1015.000   2.708392715e+01 
 1016.000   2.704045868e+01 
 1017.000   2.716051483e+01 
 1018.000   2.690243912e+01 
 1019.000   2.641210747e+01 
 1020.000   2.668861389e+01 
 1021.000   2.672328949e+01 
 1022.000   2.642200089e+01 
 1023.000   2.656731415e+01 
 1024.000   2.638055992e+01 
 1025.000   2.663263893e+01 
 1026.000   2.671015930e+01 
 1027.000   2.658230400e+01 
 1028.000   2.659184456e+01 
 1029.000   2.642402267e+01 
 1030.000   2.663042831e+01 
 1031.000   2.662425995e+01 
 1032.000   2.656092262e+01 
 1033.000   2.617827225e+01 
 1034.000   2.619439125e+01 
 1035.000   2.628605080e+01 
 1036.000   2.643839645e+01 
 1037.000   2.599736023e+01 
 1038.000   2.612722778e+01 
 1039.000   2.610713387e+01 
 1040.000   2.598822021e+01 
 1041.000   2.609704971e+01 
 1042.000   2.591102409e+01 
 1043.000   2.583664894e+01 
 1044.000   2.592710686e+01 
 1045.000   2.555414200e+01 
 1046.000   2.526199913e+01 
 1047.000   2.547628784e+01 
 1048.000   2.559890175e+01 
 1049.000   2.548873711e+01 
 1050.000   2.535375404e+01 
 1051.000   2.529013252e+01 
 1052.000   2.517212105e+01 
 1053.000   2.498771858e+01 
 1054.000   2.501707649e+01 
 1055.000   2.501114655e+01 
 1056.000   2.491311836e+01 
 1057.000   2.475816727e+01 
 1058.000   2.399497223e+01 
 1059.000   2.406260681e+01 
 1060.000   2.412648010e+01 
 1061.000   2.409303665e+01 
 1062.000   2.414033318e+01 
 1063.000   2.388202095e+01 
 1064.000   2.404940987e+01 
 1065.000   2.384715462e+01 
 1066.000   2.331613350e+01 
 1067.000   2.357600975e+01 
 1068.000   2.293346977e+01 
 1069.000   2.209568405e+01 
 1070.000   2.296296883e+01 
 1071.000   2.296717834e+01 
 1072.000   2.274940872e+01 
 1073.000   2.235429382e+01 
 1074.000   2.273300362e+01 
 1075.000   2.244975090e+01 
 1076.000   2.284115982e+01 
 1077.000   2.267991257e+01 
 1078.000   2.216267014e+01 
 1079.000   2.202215385e+01 
 1080.000   2.185061836e+01 
 1081.000   2.122573662e+01 
 1082.000   2.124162102e+01 
 1083.000   2.097057533e+01 
 1084.000   2.122006798e+01 
 1085.000   2.074464989e+01 
 1086.000   2.062700653e+01 
 1087.000   2.057226181e+01 
 1088.000   2.105953789e+01 
 1089.000   2.023270988e+01 
 1090.000   2.035833168e+01 
 1091.000   2.040240097e+01 
 1092.000   1.984444809e+01 
 1093.000   1.844504547e+01 
 1094.000   1.738342094e+01 
 1095.000   1.826258469e+01 
 1096.000   1.828273392e+01 
 1097.000   1.816587830e+01 
 1098.000   1.639698982e+01 
 1099.000   1.551284027e+01 
 1100.000   1.568878460e+01 
 1101.000   1.564828300e+01 
 1102.000   1.535046768e+01 
 1103.000   1.575400829e+01 
 1104.000   1.547569466e+01 
 1105.000   1.491070557e+01 
 1106.000   1.429090881e+01 
 1107.000   1.436282825e+01 
 1108.000   1.444319153e+01 
 1109.000   1.485481262e+01 
 1110.000   1.473959541e+01 
 1111.000   1.433833599e+01 
 1112.000   1.302554321e+01 
 1113.000   1.125794792e+01 
 1114.000   1.082743740e+01 
 1115.000   8.852782249e+00 
 1116.000   7.844661713e+00 
 1117.000   5.956728458e+00 
 1118.000   4.388607025e+00 
 1119.000   3.575592518e+00 
 1120.000   2.749850273e+00 
 1121.000   2.588323355e+00 
 1122.000   1.871049047e+00 
 1123.000   2.225823641e+00 
 1124.000   2.462126017e+00 
 1125.000   2.258530140e+00 
 1126.000   2.230221272e+00 
 1127.000   2.317870378e+00 
 1128.000   2.444073915e+00 
 1129.000   3.174195290e+00 
 1130.000   5.081798553e+00 
 1131.000   5.744859695e+00 
 1132.000   4.866765976e+00 
 1133.000   3.450314760e+00 
 1134.000   1.385041833e+00 
 1135.000   1.516816854e+00 
 1136.000   3.720586777e+00 
 1137.000   5.094832420e+00 
 1138.000   6.702226639e+00 
 1139.000   7.411827087e+00 
 1140.000   6.988356590e+00 
 1141.000   6.347752094e+00 
 1142.000   6.133060455e+00 
 1143.000   5.448359966e+00 
 1144.000   4.698102474e+00 
 1145.000   3.780044079e+00 
 1146.000   4.030778408e+00 
 1147.000   4.781081200e+00 
 1148.000   5.470605850e+00 
 1149.000   5.790096760e+00 
 1150.000   5.845949650e+00 
 1151.000   6.384520054e+00 
 1152.000   6.608664036e+00 
 1153.000   7.055398464e+00 
 1154.000   7.014452457e+00 
 1155.000   7.793027878e+00 
 1156.000   8.736993790e+00 
 1157.000   1.100716400e+01 
 1158.000   1.203431320e+01 
 1159.000   1.264128876e+01 
 1160.000   1.304295731e+01 
 1161.000   1.359667873e+01 
 1162.000   1.458611107e+01 
 1163.000   1.532493114e+01 
 1164.000   1.528827095e+01 
 1165.000   1.547118092e+01 
 1166.000   1.553319836e+01 
 1167.000   1.575427818e+01 
 1168.000   1.574133968e+01 
 1169.000   1.551810360e+01 
 1170.000   1.591520786e+01 
 1171.000   1.623872948e+01 
 1172.000   1.603349876e+01 
 1173.000   1.586527157e+01 
 1174.000   1.580107498e+01 
 1175.000   1.577471066e+01 
 1176.000   1.645413017e+01 
 1177.000   1.625102615e+01 
 1178.000   1.567506981e+01 
 1179.000   1.590437794e+01 
 1180.000   1.580390358e+01 
 1181.000   1.535260391e+01 
 1182.000   1.484865761e+01 
 1183.000   1.445567322e+01 
 1184.000   1.506351852e+01 
 1185.000   1.566955853e+01 
 1186.000   1.549443245e+01 
 1187.000   1.502638531e+01 
 1188.000   1.438198948e+01 
 1189.000   1.463631821e+01 
 1190.000   1.583106327e+01 
 1191.000   1.617847824e+01 
 1192.000   1.646884727e+01 
 1193.000   1.637172127e+01 
 1194.000   1.628870773e+01 
 1195.000   1.573834801e+01 
 1196.000   1.580196667e+01 
 1197.000   1.525079441e+01 
 1198.000   1.504624271e+01 
 1199.000   1.469183350e+01 
 1200.000   1.541677380e+01 
 1201.000   1.552296448e+01 
 1202.000   1.546600628e+01 
 1203.000   1.471905136e+01 
 1204.000   1.514162636e+01 
 1205.000   1.588305950e+01 
 1206.000   1.617998695e+01 
 1207.000   1.626582146e+01 
 1208.000   1.535565472e+01 
 1209.000   1.552356052e+01 
 1210.000   1.538595581e+01 
 1211.000   1.540855694e+01 
 1212.000   1.565348434e+01 
 1213.000   1.587421513e+01 
 1214.000   1.583575535e+01 
 1215.000   1.591241455e+01 
 1216.000   1.623882294e+01 
 1217.000   1.650172043e+01 
 1218.000   1.656542778e+01 
 1219.000   1.655988503e+01 
 1220.000   1.661846161e+01 
 1221.000   1.659639549e+01 
 1222.000   1.655546188e+01 
 1223.000   1.653673363e+01 
 1224.000   1.680813980e+01 
 1225.000   1.680540276e+01 
 1226.000   1.679895782e+01 
 1227.000   1.658218956e+01 
 1228.000   1.700336838e+01 
 1229.000   1.715332222e+01 
 1230.000   1.719362831e+01 
 1231.000   1.721023178e+01 
 1232.000   1.715190506e+01 
 1233.000   1.719886017e+01 
 1234.000   1.726605034e+01 
 1235.000   1.730895042e+01 
 1236.000   1.740467644e+01 
 1237.000   1.743671036e+01 
 1238.000   1.741555977e+01 
 1239.000   1.720393372e+01 
 1240.000   1.723139954e+01 
 1241.000   1.727135277e+01 
 1242.000   1.705912590e+01 
 1243.000   1.688035965e+01 
 1244.000   1.698490715e+01 
 1245.000   1.698694229e+01 
 1246.000   1.683296394e+01 
 1247.000   1.675032806e+01 
 1248.000   1.675807953e+01 
 1249.000   1.669881058e+01 
 1250.000   1.658334541e+01 
 1251.000   1.639732933e+01 
 1252.000   1.619907570e+01 
 1253.000   1.619183540e+01 
 1254.000   1.602881050e+01 
 1255.000   1.586100674e+01 
 1256.000   1.568554211e+01 
 1257.000   1.552172947e+01 
 1258.000   1.520485783e+01 
 1259.000   1.498990154e+01 
 1260.000   1.472698593e+01 
 1261.000   1.436142731e+01 
 1262.000   1.383945274e+01 
 1263.000   1.370234776e+01 
 1264.000   1.344737244e+01 
 1265.000   1.342365170e+01 
 1266.000   1.326215458e+01 
 1267.000   1.292707729e+01 
 1268.000   1.261630249e+01 
 1269.000   1.265269184e+01 
 1270.000   1.327004147e+01 
 1271.000   1.352177620e+01 
 1272.000   1.373048878e+01 
 1273.000   1.388699627e+01 
 1274.000   1.410545063e+01 
 1275.000   1.430896854e+01 
 1276.000   1.440473747e+01 
 1277.000   1.444033146e+01 
 1278.000   1.445593071e+01 
 1279.000   1.441253471e+01 
 1280.000   1.438825893e+01 
 1281.000   1.373774433e+01 
 1282.000   1.314112473e+01 
 1283.000   1.429663849e+01 
 1284.000   1.472033310e+01 
 1285.000   1.483925247e+01 
 1286.000   1.484791946e+01 
 1287.000   1.476439190e+01 
 1288.000   1.426674461e+01 
 1289.000   1.414384270e+01 
 1290.000   1.395726776e+01 
 1291.000   1.415057945e+01 
 1292.000   1.440605640e+01 
 1293.000   1.435018253e+01 
 1294.000   1.413305283e+01 
 1295.000   1.390195656e+01 
 1296.000   1.361145973e+01 
 1297.000   1.326498699e+01 
 1298.000   1.323238087e+01 
 1299.000   1.328413486e+01 
 1300.000   1.320068645e+01 
 1301.000   1.306264877e+01 
 1302.000   1.285036850e+01 
 1303.000   1.231912804e+01 
 1304.000   1.219537735e+01 
 1305.000   1.219629860e+01 
 1306.000   1.213023186e+01 
 1307.000   1.196760559e+01 
 1308.000   1.169983959e+01 
 1309.000   1.136241150e+01 
 1310.000   1.125610542e+01 
 1311.000   1.124758530e+01 
 1312.000   1.057952309e+01 
 1313.000   1.023308659e+01 
 1314.000   9.924123764e+00 
 1315.000   9.811133385e+00 
 1316.000   1.031872654e+01 
 1317.000   1.035228729e+01 
 1318.000   9.840674400e+00 
 1319.000   9.202670097e+00 
 1320.000   8.313979149e+00 
 1321.000   7.949299335e+00 
 1322.000   8.495250702e+00 
 1323.000   9.061871529e+00 
 1324.000   9.362579346e+00 
 1325.000   9.145483017e+00 
 1326.000   8.551337242e+00 
 1327.000   7.357088566e+00 
 1328.000   6.157362461e+00 
 1329.000   4.448509693e+00 
 1330.000   3.986180544e+00 
 1331.000   3.656811237e+00 
 1332.000   3.711062431e+00 
 1333.000   4.057101727e+00 
 1334.000   4.461577415e+00 
 1335.000   4.739325047e+00 
 1336.000   4.860557079e+00 
 1337.000   4.888386726e+00 
 1338.000   5.099115849e+00 
 1339.000   5.107419968e+00 
 1340.000   5.383724213e+00 
 1341.000   5.235478878e+00 
 1342.000   5.264245033e+00 
 1343.000   4.431626320e+00 
 1344.000   3.637593746e+00 
 1345.000   2.107712984e+00 
 1346.000   1.237479329e+00 
 1347.000   8.405323625e-01 
 1348.000   4.136045277e-01 
 1349.000   3.095381558e-01 
 1350.000   1.413244605e-01 
 1351.000   1.037624478e-01 
 1352.000   6.458944827e-02 
 1353.000   5.042586848e-02 
 1354.000   4.629776627e-02 
 1355.000   4.348585010e-02 
 1356.000   4.157504812e-02 
 1357.000   4.002886638e-02 
 1358.000   3.898366541e-02 
 1359.000   3.663433716e-02 
 1360.000   3.549448401e-02 
 1361.000   3.499953449e-02 
 1362.000   3.434212878e-02 
 1363.000   3.506139293e-02 
 1364.000   3.544542938e-02 
 1365.000   3.561263531e-02 
 1366.000   3.568670526e-02 
 1367.000   3.495314345e-02 
 1368.000   3.426326439e-02 
 1369.000   3.404859826e-02 
 1370.000   3.514436260e-02 
 1371.000   3.694066778e-02 
 1372.000   3.955453262e-02 
 1373.000   4.148558155e-02 
 1374.000   4.255736992e-02 
 1375.000   4.293292016e-02 
 1376.000   4.196981713e-02 
 1377.000   4.105465114e-02 
 1378.000   3.925887868e-02 
 1379.000   3.736426681e-02 
 1380.000   3.512676805e-02 
 1381.000   3.332538158e-02 
 1382.000   3.214954957e-02 
 1383.000   3.211035207e-02 
 1384.000   3.327606991e-02 
 1385.000   3.401811421e-02 
 1386.000   3.525103256e-02 
 1387.000   3.768821806e-02 
 1388.000   3.945741430e-02 
 1389.000   4.030933231e-02 
 1390.000   4.036962613e-02 
 1391.000   3.972290084e-02 
 1392.000   3.743227944e-02 
 1393.000   3.578760102e-02 
 1394.000   3.444920108e-02 
 1395.000   3.475819528e-02 
 1396.000   3.622899204e-02 
 1397.000   3.777791932e-02 
 1398.000   3.785470128e-02 
 1399.000   3.683854640e-02 
 1400.000   3.594236448e-02 
 1401.000   3.653111309e-02 
 1402.000   3.851802647e-02 
 1403.000   4.048924521e-02 
 1404.000   3.946634755e-02 
 1405.000   4.054634273e-02 
 1406.000   3.900951520e-02 
 1407.000   3.986052424e-02 
 1408.000   4.442965984e-02 
 1409.000   5.235232040e-02 
 1410.000   6.992244720e-02 
 1411.000   1.025733799e-01 
 1412.000   1.038740799e-01 
 1413.000   1.375001520e-01 
 1414.000   1.280999184e-01 
 1415.000   1.841223985e-01 
 1416.000   2.297158241e-01 
 1417.000   2.602766156e-01 
 1418.000   2.662829459e-01 
 1419.000   2.877124846e-01 
 1420.000   3.132039607e-01 
 1421.000   4.554837942e-01 
 1422.000   5.299769640e-01 
 1423.000   5.805559158e-01 
 1424.000   5.722460747e-01 
 1425.000   5.226284862e-01 
 1426.000   5.280255675e-01 
 1427.000   6.217795610e-01 
 1428.000   6.990024447e-01 
 1429.000   7.870690823e-01 
 1430.000   7.832198143e-01 
 1431.000   6.123705506e-01 
 1432.000   5.362601876e-01 
 1433.000   5.259391665e-01 
 1434.000   4.791142642e-01 
 1435.000   5.922506452e-01 
 1436.000   6.440099478e-01 
 1437.000   6.726769805e-01 
 1438.000   8.315527439e-01 
 1439.000   8.466331363e-01 
 1440.000   8.795999885e-01 
 1441.000   9.440336227e-01 
 1442.000   8.782638907e-01 
 1443.000   8.948599696e-01 
 1444.000   9.509795904e-01 
 1445.000   9.843636751e-01 
 1446.000   1.105010629e+00 
 1447.000   1.233867288e+00 
 1448.000   1.268316031e+00 
 1449.000   1.187171698e+00 
 1450.000   1.046966314e+00 
 1451.000   1.100422382e+00 
 1452.000   1.359790921e+00 
 1453.000   1.792869806e+00 
 1454.000   2.268473148e+00 
 1455.000   2.600809097e+00 
 1456.000   2.968796968e+00 
 1457.000   3.040013552e+00 
 1458.000   3.143585682e+00 
 1459.000   2.870768785e+00 
 1460.000   2.639945269e+00 
 1461.000   2.511230707e+00 
 1462.000   2.186230898e+00 
 1463.000   2.177340269e+00 
 1464.000   2.102799892e+00 
 1465.000   1.881938219e+00 
 1466.000   1.649249554e+00 
 1467.000   1.481992841e+00 
 1468.000   1.302517056e+00 
 1469.000   1.055011034e+00 
 1470.000   9.555494785e-01 
 1471.000   1.234668493e+00 
 1472.000   1.639654875e+00 
 1473.000   2.216579914e+00 
 1474.000   2.710220337e+00 
 1475.000   2.721034527e+00 
 1476.000   2.732994795e+00 
 1477.000   2.567732573e+00 
 1478.000   2.424776316e+00 
 1479.000   2.253664255e+00 
 1480.000   2.376637697e+00 
 1481.000   2.594838142e+00 
 1482.000   2.862896204e+00 
 1483.000   2.913519144e+00 
 1484.000   2.975994587e+00 
 1485.000   2.945390224e+00 
 1486.000   3.162662506e+00 
 1487.000   3.554132938e+00 
 1488.000   3.481295109e+00 
 1489.000   4.562431335e+00 
 1490.000   5.417435169e+00 
 1491.000   5.899397373e+00 
 1492.000   5.993847847e+00 
 1493.000   6.353961945e+00 
 1494.000   6.408663750e+00 
 1495.000   6.649678707e+00 
 1496.000   7.116504669e+00 
 1497.000   7.243096352e+00 
 1498.000   7.694015980e+00 
 1499.000   8.100457191e+00 
 1500.000   8.444572449e+00 
 1501.000   8.309605598e+00 
 1502.000   7.759584427e+00 
 1503.000   7.552052975e+00 
 1504.000   7.547664642e+00 
 1505.000   7.819203854e+00 
 1506.000   8.202678680e+00 
 1507.000   8.599490166e+00 
 1508.000   8.606473923e+00 
 1509.000   8.893007278e+00 
 1510.000   9.034626007e+00 
 1511.000   9.120055199e+00 
 1512.000   9.026953697e+00 
 1513.000   9.046244621e+00 
 1514.000   9.055376053e+00 
 1515.000   9.192010880e+00 
 1516.000   9.144219398e+00 
 1517.000   9.272620201e+00 
 1518.000   9.455092430e+00 
 1519.000   9.640793800e+00 
 1520.000   9.867980003e+00 
 1521.000   9.887236595e+00 
 1522.000   9.887659073e+00 
 1523.000   1.002573013e+01 
 1524.000   9.890874863e+00 
 1525.000   9.860399246e+00 
 1526.000   9.942574501e+00 
 1527.000   1.000699425e+01 
 1528.000   1.007186699e+01 
 1529.000   9.785947800e+00 
 1530.000   9.783907890e+00 
 1531.000   1.010727501e+01 
 1532.000   1.011746883e+01 
 1533.000   1.005101299e+01 
 1534.000   1.000128841e+01 
 1535.000   1.017594147e+01 
 1536.000   1.022049809e+01 
 1537.000   1.018766308e+01 
 1538.000   1.013927269e+01 
 1539.000   1.011036587e+01 
 1540.000   1.003673840e+01 
 1541.000   1.017375469e+01 
 1542.000   1.019946289e+01 
 1543.000   1.029857254e+01 
 1544.000   1.038070583e+01 
 1545.000   1.048040009e+01 
 1546.000   1.047585297e+01 
 1547.000   1.030626392e+01 
 1548.000   1.033225250e+01 
 1549.000   1.037809753e+01 
 1550.000   1.032613945e+01 
 1551.000   1.042557526e+01 
 1552.000   1.044366646e+01 
 1553.000   1.027373505e+01 
 1554.000   1.021537018e+01 
 1555.000   1.023562431e+01 
 1556.000   1.025779915e+01 
 1557.000   1.037724113e+01 
 1558.000   1.031169796e+01 
 1559.000   1.023764706e+01 
 1560.000   1.031083393e+01 
 1561.000   1.035900307e+01 
 1562.000   1.025016308e+01 
 1563.000   1.011175442e+01 
 1564.000   1.010179329e+01 
 1565.000   9.973188400e+00 
 1566.000   9.863256454e+00 
 1567.000   9.691333771e+00 
 1568.000   9.378751755e+00 
 1569.000   9.153543472e+00 
 1570.000   9.068701744e+00 
 1571.000   9.140997887e+00 
 1572.000   9.027547836e+00 
 1573.000   9.028875351e+00 
 1574.000   8.813812256e+00 
 1575.000   8.780054092e+00 
 1576.000   8.698837280e+00 
 1577.000   8.518530846e+00 
 1578.000   9.003582001e+00 
 1579.000   9.211281776e+00 
 1580.000   9.372305870e+00 
 1581.000   9.227718353e+00 
 1582.000   9.148922920e+00 
 1583.000   9.343420982e+00 
 1584.000   9.513100624e+00 
 1585.000   9.676450729e+00 
 1586.000   9.592719078e+00 
 1587.000   9.496847153e+00 
 1588.000   9.178033829e+00 
 1589.000   8.895174026e+00 
 1590.000   9.121073723e+00 
 1591.000   9.327707291e+00 
 1592.000   9.641829491e+00 
 1593.000   9.681485176e+00 
 1594.000   9.660108566e+00 
 1595.000   9.415463448e+00 
 1596.000   9.156029701e+00 
 1597.000   9.311456680e+00 
 1598.000   9.181270599e+00 
 1599.000   8.879201889e+00 
 1600.000   8.656409264e+00 
 1601.000   8.558223724e+00 
 1602.000   8.579493523e+00 
 1603.000   8.655803680e+00 
 1604.000   8.669383049e+00 
 1605.000   8.658450127e+00 
 1606.000   8.591099739e+00 
 1607.000   8.641639709e+00 
 1608.000   8.662897110e+00 
 1609.000   8.401833534e+00 
 1610.000   8.251455307e+00 
 1611.000   8.493837357e+00 
 1612.000   8.680744171e+00 
 1613.000   8.845962524e+00 
 1614.000   8.820018768e+00 
 1615.000   8.697925568e+00 
 1616.000   8.632760048e+00 
 1617.000   8.910467148e+00 
 1618.000   9.022900581e+00 
 1619.000   8.982299805e+00 
 1620.000   8.796795845e+00 
 1621.000   8.962663651e+00 
 1622.000   9.100460052e+00 
 1623.000   9.255969048e+00 
 1624.000   9.190612793e+00 
 1625.000   9.194275856e+00 
 1626.000   9.187932968e+00 
 1627.000   9.242689133e+00 
 1628.000   9.226517677e+00 
 1629.000   9.097335815e+00 
 1630.000   9.023771286e+00 
 1631.000   9.031142235e+00 
 1632.000   8.940495491e+00 
 1633.000   8.779975891e+00 
 1634.000   8.780245781e+00 
 1635.000   8.829092979e+00 
 1636.000   8.603448868e+00 
 1637.000   8.405372620e+00 
 1638.000   8.200013161e+00 
 1639.000   8.172268867e+00 
 1640.000   8.153972626e+00 
 1641.000   8.077586174e+00 
 1642.000   8.161909103e+00 
 1643.000   8.188929558e+00 
 1644.000   8.110735893e+00 
 1645.000   8.151266098e+00 
 1646.000   8.224146843e+00 
 1647.000   8.221589088e+00 
 1648.000   8.136856079e+00 
 1649.000   8.097323418e+00 
 1650.000   8.115301132e+00 
 1651.000   8.104664803e+00 
 1652.000   8.137561798e+00 
 1653.000   8.167432785e+00 
 1654.000   8.141868591e+00 
 1655.000   8.187989235e+00 
 1656.000   8.246235847e+00 
 1657.000   8.224162102e+00 
 1658.000   8.215986252e+00 
 1659.000   8.194407463e+00 
 1660.000   8.237194061e+00 
 1661.000   8.229700089e+00 
 1662.000   8.133459091e+00 
 1663.000   8.076596260e+00 
 1664.000   8.038899422e+00 
 1665.000   7.966229439e+00 
 1666.000   7.959354877e+00 
 1667.000   7.975390434e+00 
 1668.000   7.891063690e+00 
 1669.000   8.032732010e+00 
 1670.000   8.087076187e+00 
 1671.000   7.943660736e+00 
 1672.000   7.777331352e+00 
 1673.000   7.891276360e+00 
 1674.000   7.869431973e+00 
 1675.000   7.711437702e+00 
 1676.000   7.715187550e+00 
 1677.000   7.778573990e+00 
 1678.000   7.730395317e+00 
 1679.000   7.579869747e+00 
 1680.000   7.327066898e+00 
 1681.000   7.265239716e+00 
 1682.000   7.457164288e+00 
 1683.000   7.609971523e+00 
 1684.000   7.685919285e+00 
 1685.000   7.655689716e+00 
 1686.000   7.637533665e+00 
 1687.000   7.593578815e+00 
 1688.000   7.542660713e+00 
 1689.000   7.462746620e+00 
 1690.000   7.495858192e+00 
 1691.000   7.531816959e+00 
 1692.000   7.534914017e+00 
 1693.000   7.524420261e+00 
 1694.000   7.503816128e+00 
 1695.000   7.458576679e+00 
 1696.000   7.430133343e+00 
 1697.000   7.401334763e+00 
 1698.000   7.388347626e+00 
 1699.000   7.328010082e+00 
 1700.000   7.250429630e+00 
 1701.000   7.276118755e+00 
 1702.000   7.226379395e+00 
 1703.000   7.172461987e+00 
 1704.000   7.184332371e+00 
 1705.000   7.128276348e+00 
 1706.000   7.034745216e+00 
 1707.000   6.966177464e+00 
 1708.000   6.942477226e+00 
 1709.000   6.906635761e+00 
 1710.000   6.875047684e+00 
 1711.000   6.874969006e+00 
 1712.000   6.880090237e+00 
 1713.000   6.854464531e+00 
 1714.000   6.873402596e+00 
 1715.000   6.876597404e+00 
 1716.000   6.867632866e+00 
 1717.000   6.857204914e+00 
 1718.000   6.828870296e+00 
 1719.000   6.740088940e+00 
 1720.000   6.575263500e+00 
 1721.000   6.552988529e+00 
 1722.000   6.435307503e+00 
 1723.000   6.314342022e+00 
 1724.000   6.292085648e+00 
 1725.000   6.322947502e+00 
 1726.000   6.371785641e+00 
 1727.000   6.351966858e+00 
 1728.000   6.325609207e+00 
 1729.000   6.345060825e+00 
 1730.000   6.324837208e+00 
 1731.000   6.153540134e+00 
 1732.000   6.011345863e+00 
 1733.000   5.943473339e+00 
 1734.000   5.842114925e+00 
 1735.000   5.654330730e+00 
 1736.000   5.669813633e+00 
 1737.000   5.661346912e+00 
 1738.000   5.649052620e+00 
 1739.000   5.662561893e+00 
 1740.000   5.622640610e+00 
 1741.000   5.606551647e+00 
 1742.000   5.607153416e+00 
 1743.000   5.560210705e+00 
 1744.000   5.522574902e+00 
 1745.000   5.521796703e+00 
 1746.000   5.446930885e+00 
 1747.000   5.477186680e+00 
 1748.000   5.461140633e+00 
 1749.000   5.494982719e+00 
 1750.000   5.459263802e+00 
 1751.000   5.456136227e+00 
 1752.000   5.423902512e+00 
 1753.000   5.366253376e+00 
 1754.000   5.363181591e+00 
 1755.000   5.277723789e+00 
 1756.000   5.267419815e+00 
 1757.000   5.250076771e+00 
 1758.000   5.275070667e+00 
 1759.000   5.257624149e+00 
 1760.000   5.176243782e+00 
 1761.000   5.027481556e+00 
 1762.000   5.014628410e+00 
 1763.000   4.883536816e+00 
 1764.000   4.661640167e+00 
 1765.000   4.649666786e+00 
 1766.000   4.591757774e+00 
 1767.000   4.607562065e+00 
 1768.000   4.598259926e+00 
 1769.000   4.561228752e+00 
 1770.000   4.506317139e+00 
 1771.000   4.491646767e+00 
 1772.000   4.371043682e+00 
 1773.000   4.335083485e+00 
 1774.000   4.052202702e+00 
 1775.000   3.818211317e+00 
 1776.000   3.783928871e+00 
 1777.000   3.584518671e+00 
 1778.000   3.414992332e+00 
 1779.000   3.404482841e+00 
 1780.000   3.245665312e+00 
 1781.000   3.161602736e+00 
 1782.000   3.156952143e+00 
 1783.000   2.970173597e+00 
 1784.000   2.965836763e+00 
 1785.000   2.974686861e+00 
 1786.000   2.941097736e+00 
 1787.000   2.938214302e+00 
 1788.000   2.920265198e+00 
 1789.000   2.566711426e+00 
 1790.000   2.564265013e+00 
 1791.000   2.248059034e+00 
 1792.000   2.169649601e+00 
 1793.000   1.829409480e+00 
 1794.000   1.631416321e+00 
 1795.000   1.627039075e+00 
 1796.000   1.320400715e+00 
 1797.000   1.143635869e+00 
 1798.000   1.140736580e+00 
 1799.000   7.857649326e-01 
 1800.000   7.838108540e-01 
 1801.000   5.689464808e-01 
 1802.000   4.298480451e-01 
 1803.000   4.290597141e-01 
 1804.000   4.084161520e-01 
 1805.000   3.716723323e-01 
 1806.000   2.923774421e-01 
 1807.000   2.696360350e-01 
 1808.000   2.384179085e-01 
 1809.000   1.503013223e-01 
 1810.000   9.816632420e-02 
 1811.000   9.732133895e-02 
 1812.000   5.849149078e-02 
 1813.000   5.798251182e-02 
 1814.000   4.382058233e-02 
 1815.000   2.200110629e-02 
 1816.000   2.191739716e-02 
 1817.000   1.808572188e-02 
 1818.000   1.566673443e-02 
 1819.000   1.133600250e-02 
 1820.000   9.907907806e-03 
 1821.000   9.953623638e-03 
 1822.000   8.807716891e-03 
 1823.000   8.846452460e-03 
 1824.000   8.113299496e-03 
 1825.000   6.331396289e-03 
 1826.000   6.313722581e-03 
 1827.000   5.847772118e-03 
 1828.000   5.751155317e-03 
 1829.000   5.389153957e-03 
 1830.000   5.183756351e-03 
 1831.000   5.162134767e-03 
 1832.000   5.021184217e-03 
 1833.000   5.000195000e-03 
 1834.000   4.812375642e-03 
 1835.000   4.599735141e-03 
 1836.000   4.577528685e-03 
 1837.000   4.467769526e-03 
 1838.000   4.441617057e-03 
 1839.000   4.471687134e-03 
 1840.000   4.564716015e-03 
 1841.000   4.540208261e-03 
 1842.000   4.639894236e-03 
 1843.000   4.614911973e-03 
 1844.000   4.656058270e-03 
 1845.000   4.626353271e-03 
 1846.000   4.562443588e-03 
 1847.000   4.486471880e-03 
 1848.000   4.478578921e-03 
 1849.000   4.457687028e-03 
 1850.000   4.449851811e-03 
 1851.000   4.421962425e-03 
 1852.000   4.399441648e-03 
 1853.000   4.382531159e-03 
 1854.000   4.366930574e-03 
 1855.000   4.352133721e-03 
 1856.000   4.351272248e-03 
 1857.000   4.330499563e-03 
 1858.000   4.383647814e-03 
 1859.000   4.513319116e-03 
 1860.000   4.491718952e-03 
 1861.000   4.631392658e-03 
 1862.000   4.602376837e-03 
 1863.000   4.608839285e-03 
 1864.000   4.532556981e-03 
 1865.000   4.510135856e-03 
 1866.000   4.291474819e-03 
 1867.000   4.268409219e-03 
 1868.000   3.952424508e-03 
 1869.000   3.933077212e-03 
 1870.000   3.678156063e-03 
 1871.000   3.512378316e-03 
 1872.000   3.452572273e-03 
 1873.000   3.518131329e-03 
 1874.000   3.456627484e-03 
 1875.000   3.606730839e-03 
 1876.000   3.640618641e-03 
 1877.000   3.936364315e-03 
 1878.000   4.175045528e-03 
 1879.000   4.211713094e-03 
 1880.000   4.383293446e-03 
 1881.000   4.378476180e-03 
 1882.000   4.506648518e-03 
 1883.000   4.533034284e-03 
 1884.000   4.607995972e-03 
 1885.000   4.603269976e-03 
 1886.000   4.586244933e-03 
 1887.000   4.579488188e-03 
 1888.000   4.556233995e-03 
 1889.000   4.401413258e-03 
 1890.000   4.378790036e-03 
 1891.000   4.289544187e-03 
 1892.000   4.261831753e-03 
 1893.000   4.185311031e-03 
 1894.000   4.109758884e-03 
 1895.000   4.082881846e-03 
 1896.000   3.969297744e-03 
 1897.000   3.966769669e-03 
 1898.000   3.801427782e-03 
 1899.000   3.798957681e-03 
 1900.000   3.672663355e-03 
 1901.000   3.661096329e-03 
 1902.000   3.600588534e-03 
 1903.000   3.663613694e-03 
 1904.000   3.652259475e-03 
 1905.000   3.743177745e-03 
 1906.000   3.727262840e-03 
 1907.000   3.805368440e-03 
 1908.000   3.789181588e-03 
 1909.000   3.794044489e-03 
 1910.000   3.777885111e-03 
 1911.000   3.784578061e-03 
 1912.000   3.776018508e-03 
 1913.000   3.837697208e-03 
 1914.000   3.913307097e-03 
 1915.000   3.900166834e-03 
 1916.000   4.216544796e-03 
 1917.000   4.198563285e-03 
 1918.000   4.495868459e-03 
 1919.000   4.477318376e-03 
 1920.000   5.234733224e-03 
 1921.000   5.221801810e-03 
 1922.000   5.975378212e-03 
 1923.000   6.342513952e-03 
 1924.000   6.981412414e-03 
 1925.000   7.225811016e-03 
 1926.000   7.185854018e-03 
 1927.000   9.280170314e-03 
 1928.000   9.230716154e-03 
 1929.000   1.076567266e-02 
 1930.000   1.070957351e-02 
 1931.000   1.970578544e-02 
 1932.000   1.969884150e-02 
 1933.000   2.533480152e-02 
 1934.000   3.091657721e-02 
 1935.000   4.480658844e-02 
 1936.000   4.459560663e-02 
 1937.000   4.895350710e-02 
 1938.000   7.265365124e-02 
 1939.000   7.230269164e-02 
 1940.000   9.585541487e-02 
 1941.000   9.480314702e-02 
 1942.000   1.409324557e-01 
 1943.000   1.393402368e-01 
 1944.000   1.748429090e-01 
 1945.000   1.728255898e-01 
 1946.000   2.480925769e-01 
 1947.000   2.497863472e-01 
 1948.000   2.849441171e-01 
 1949.000   3.081728518e-01 
 1950.000   3.531118035e-01 
 1951.000   3.541847765e-01 
 1952.000   3.302508295e-01 
 1953.000   3.531397283e-01 
 1954.000   3.478666544e-01 
 1955.000   3.488887548e-01 
 1956.000   3.333641291e-01 
 1957.000   3.857344687e-01 
 1958.000   3.845928907e-01 
 1959.000   4.937412739e-01 
 1960.000   4.922751188e-01 
 1961.000   6.595090628e-01 
 1962.000   6.569975615e-01 
 1963.000   8.632084131e-01 
 1964.000   8.599030375e-01 
 1965.000   1.092053890e+00 
 1966.000   1.090668797e+00 
 1967.000   1.266629219e+00 
 1968.000   1.265021324e+00 
 1969.000   1.493448019e+00 
 1970.000   1.491530061e+00 
 1971.000   1.641016841e+00 
 1972.000   1.653911471e+00 
 1973.000   1.795476317e+00 
 1974.000   1.788398266e+00 
 1975.000   1.934627891e+00 
 1976.000   1.946644664e+00 
 1977.000   2.105826139e+00 
 1978.000   2.100235462e+00 
 1979.000   2.217788219e+00 
 1980.000   2.223317385e+00 
 1981.000   2.367467165e+00 
 1982.000   2.363118887e+00 
 1983.000   2.419558764e+00 
 1984.000   2.424566269e+00 
 1985.000   2.461099863e+00 
 1986.000   2.459463120e+00 
 1987.000   2.494660616e+00 
 1988.000   2.500070095e+00 
 1989.000   2.486971140e+00 
 1990.000   2.485307932e+00 
 1991.000   2.451979160e+00 
 1992.000   2.448068619e+00 
 1993.000   2.342766762e+00 
 1994.000   2.333584070e+00 
 1995.000   2.043445110e+00 
 1996.000   2.044950485e+00 
 1997.000   1.594489694e+00 
 1998.000   1.592859268e+00 
 1999.000   1.107937098e+00 
 2000.000   1.108902812e+00 
 2001.000   7.479719520e-01 
 2002.000   7.460384965e-01 
 2003.000   5.862686634e-01 
 2004.000   5.856455564e-01 
 2005.000   5.866930485e-01 
 2006.000   5.860847235e-01 
 2007.000   6.795049310e-01 
 2008.000   6.795430779e-01 
 2009.000   7.587218285e-01 
 2010.000   7.579339147e-01 
 2011.000   7.855088711e-01 
 2012.000   7.845073938e-01 
 2013.000   8.082320690e-01 
 2014.000   8.063953519e-01 
 2015.000   8.622262478e-01 
 2016.000   8.595327735e-01 
 2017.000   1.005658269e+00 
 2018.000   1.001567841e+00 
 2019.000   1.244254112e+00 
 2020.000   1.240131617e+00 
 2021.000   1.542161226e+00 
 2022.000   1.539702058e+00 
 2023.000   1.847482085e+00 
 2024.000   1.845405698e+00 
 2025.000   2.127952814e+00 
 2026.000   2.120325565e+00 
 2027.000   2.310668468e+00 
 2028.000   2.303438187e+00 
 2029.000   2.455447912e+00 
 2030.000   2.446550846e+00 
 2031.000   2.553493738e+00 
 2032.000   2.547481775e+00 
 2033.000   2.616905451e+00 
 2034.000   2.610725164e+00 
 2035.000   2.652178288e+00 
 2036.000   2.648347855e+00 
 2037.000   2.641351938e+00 
 2038.000   2.637530565e+00 
 2039.000   2.617143154e+00 
 2040.000   2.613351345e+00 
 2041.000   2.580493450e+00 
 2042.000   2.579627275e+00 
 2043.000   2.509112358e+00 
 2044.000   2.508268833e+00 
 2045.000   2.386208296e+00 
 2046.000   2.379204035e+00 
 2047.000   2.372205734e+00 
 2048.000   2.145376921e+00 
 2049.000   2.139281988e+00 
 2050.000   1.881617188e+00 
 2051.000   1.876742959e+00 
 2052.000   1.714681983e+00 
 2053.000   1.710413218e+00 
 2054.000   1.661651611e+00 
 2055.000   1.657316685e+00 
 2056.000   1.698636055e+00 
 2057.000   1.692568541e+00 
 2058.000   1.772804379e+00 
 2059.000   1.766438127e+00 
 2060.000   1.792706132e+00 
 2061.000   1.788998365e+00 
 2062.000   1.781014442e+00 
 2063.000   1.777321458e+00 
 2064.000   1.777713656e+00 
 2065.000   1.774018407e+00 
 2066.000   1.771076679e+00 
 2067.000   1.803036213e+00 
 2068.000   1.799978375e+00 
 2069.000   1.863279581e+00 
 2070.000   1.860228419e+00 
 2071.000   2.023296833e+00 
 2072.000   2.021832466e+00 
 2073.000   2.187086582e+00 
 2074.000   2.185503006e+00 
 2075.000   2.312679291e+00 
 2076.000   2.304218531e+00 
 2077.000   2.394279718e+00 
 2078.000   2.385472775e+00 
 2079.000   2.376803160e+00 
 2080.000   2.428270817e+00 
 2081.000   2.422738075e+00 
 2082.000   2.450214386e+00 
 2083.000   2.444673300e+00 
 2084.000   2.474515676e+00 
 2085.000   2.468844891e+00 
 2086.000   2.499243259e+00 
 2087.000   2.492996454e+00 
 2088.000   2.525455713e+00 
 2089.000   2.519122601e+00 
 2090.000   2.548570633e+00 
 2091.000   2.539733648e+00 
 2092.000   2.530947447e+00 
 2093.000   2.537934542e+00 
 2094.000   2.529067039e+00 
 2095.000   2.532143593e+00 
 2096.000   2.531688929e+00 
 2097.000   2.532345533e+00 
 2098.000   2.531826735e+00 
 2099.000   2.558718443e+00 
 2100.000   2.558192730e+00 
 2101.000   2.602873564e+00 
 2102.000   2.598222256e+00 
 2103.000   2.593574524e+00 
 2104.000   2.620239735e+00 
 2105.000   2.615528107e+00 
 2106.000   2.641676188e+00 
 2107.000   2.634195805e+00 
 2108.000   2.634585381e+00 
 2109.000   2.627095938e+00 
 2110.000   2.606455326e+00 
 2111.000   2.600486279e+00 
 2112.000   2.590377569e+00 
 2113.000   2.584428072e+00 
 2114.000   2.578594923e+00 
 2115.000   2.565569878e+00 
 2116.000   2.557760239e+00 
 2117.000   2.550079823e+00 
 2118.000   2.542284012e+00 
 2119.000   2.554313421e+00 
 2120.000   2.546470642e+00 
 2121.000   2.570219517e+00 
 2122.000   2.564166546e+00 
 2123.000   2.558192492e+00 
 2124.000   2.586447477e+00 
 2125.000   2.580328465e+00 
 2126.000   2.620618343e+00 
 2127.000   2.618753195e+00 
 2128.000   2.659006357e+00 
 2129.000   2.657112122e+00 
 2130.000   2.680371284e+00 
 2131.000   2.672454357e+00 
 2132.000   2.664627552e+00 
 2133.000   2.675738096e+00 
 2134.000   2.667785883e+00 
 2135.000   2.670972824e+00 
 2136.000   2.668128014e+00 
 2137.000   2.669009209e+00 
 2138.000   2.666163921e+00 
 2139.000   2.663320780e+00 
 2140.000   2.660916805e+00 
 2141.000   2.654618740e+00 
 2142.000   2.627260208e+00 
 2143.000   2.621105194e+00 
 2144.000   2.564220905e+00 
 2145.000   2.558195591e+00 
 2146.000   2.484283447e+00 
 2147.000   2.480078459e+00 
 2148.000   2.475876570e+00 
 2149.000   2.400390148e+00 
 2150.000   2.396315813e+00 
 2151.000   2.340339661e+00 
 2152.000   2.334588766e+00 
 2153.000   2.325399399e+00 
 2154.000   2.319667339e+00 
 2155.000   2.313715219e+00 
 2156.000   2.315915108e+00 
 2157.000   2.307205915e+00 
 2158.000   2.304949999e+00 
 2159.000   2.296233177e+00 
 2160.000   2.295017958e+00 
 2161.000   2.267214060e+00 
 2162.000   2.239439249e+00 
 2163.000   2.223751545e+00 
 2164.000   2.195883751e+00 
 2165.000   2.178421736e+00 
 2166.000   2.189759970e+00 
 2167.000   2.214704037e+00 
 2168.000   2.226084709e+00 
 2169.000   2.237275839e+00 
 2170.000   2.262220144e+00 
 2171.000   2.263848305e+00 
 2172.000   2.259871483e+00 
 2173.000   2.261489868e+00 
 2174.000   2.249958992e+00 
 2175.000   2.251562119e+00 
 2176.000   2.246591330e+00 
 2177.000   2.227581978e+00 
 2178.000   2.222650766e+00 
 2179.000   2.190456390e+00 
 2180.000   2.185594320e+00 
 2181.000   2.182691813e+00 
 2182.000   2.153971910e+00 
 2183.000   2.151023388e+00 
 2184.000   2.157627106e+00 
 2185.000   2.154754162e+00 
 2186.000   2.166416407e+00 
 2187.000   2.160087347e+00 
 2188.000   2.153660059e+00 
 2189.000   2.164822817e+00 
 2190.000   2.158460140e+00 
