*Name: Litter
Type: Mainly leaf litter, 15% needle litter

Origin: Remote Sensing Laboratories, University of Zurich

Description: linear spectral mix of 85% leaf litter and 15% needle litter

Measurement: Hemispherical Conical Reflectance Factor HCRF measured by ASD Fieldspec Pro

Wavelength [nm]	Reflectance [0 1]
370	0.027681
371	0.027772
372	0.02789
373	0.028022
374	0.028145
375	0.028279
376	0.028418
377	0.028557
378	0.028705
379	0.028848
380	0.028985
381	0.029128
382	0.029277
383	0.029449
384	0.029647
385	0.029846
386	0.030019
387	0.03019
388	0.030379
389	0.030552
390	0.030723
391	0.030892
392	0.03105
393	0.031217
394	0.031384
395	0.031544
396	0.031716
397	0.031872
398	0.032007
399	0.032136
400	0.032267
401	0.032395
402	0.032516
403	0.032635
404	0.032758
405	0.032893
406	0.033043
407	0.033189
408	0.033342
409	0.033507
410	0.033673
411	0.03384
412	0.034007
413	0.034173
414	0.034343
415	0.034513
416	0.034679
417	0.034847
418	0.035019
419	0.035191
420	0.035362
421	0.035537
422	0.035714
423	0.035892
424	0.03607
425	0.036251
426	0.036438
427	0.036629
428	0.036817
429	0.037006
430	0.037196
431	0.037386
432	0.037569
433	0.037744
434	0.037911
435	0.038076
436	0.038236
437	0.038393
438	0.038551
439	0.038707
440	0.038862
441	0.039023
442	0.039184
443	0.039344
444	0.039505
445	0.039668
446	0.039831
447	0.039994
448	0.040159
449	0.040326
450	0.040493
451	0.04066
452	0.040827
453	0.040998
454	0.041175
455	0.041354
456	0.041535
457	0.041717
458	0.041897
459	0.042079
460	0.042261
461	0.042444
462	0.042626
463	0.042808
464	0.042995
465	0.04319
466	0.043384
467	0.043577
468	0.043769
469	0.043961
470	0.044153
471	0.044346
472	0.044535
473	0.044726
474	0.044919
475	0.045108
476	0.0453
477	0.045493
478	0.045687
479	0.045883
480	0.046084
481	0.046292
482	0.046507
483	0.046726
484	0.046949
485	0.047178
486	0.04741
487	0.047639
488	0.047862
489	0.048085
490	0.048309
491	0.048535
492	0.048761
493	0.048987
494	0.049219
495	0.049462
496	0.049711
497	0.049967
498	0.050227
499	0.050492
500	0.050763
501	0.051038
502	0.051314
503	0.051591
504	0.05187
505	0.052151
506	0.052434
507	0.05272
508	0.053009
509	0.053305
510	0.053608
511	0.053918
512	0.054236
513	0.054561
514	0.054894
515	0.055234
516	0.055579
517	0.055924
518	0.056266
519	0.056604
520	0.056942
521	0.057283
522	0.057622
523	0.057964
524	0.058312
525	0.058668
526	0.059035
527	0.059407
528	0.059782
529	0.060163
530	0.060545
531	0.060932
532	0.061326
533	0.061727
534	0.062133
535	0.062541
536	0.06296
537	0.063388
538	0.063823
539	0.064261
540	0.064702
541	0.065147
542	0.065598
543	0.066048
544	0.0665
545	0.066954
546	0.067411
547	0.067872
548	0.068338
549	0.068808
550	0.069282
551	0.06976
552	0.070241
553	0.070726
554	0.071216
555	0.071709
556	0.072208
557	0.072713
558	0.07322
559	0.073726
560	0.07423
561	0.074734
562	0.07524
563	0.075746
564	0.076253
565	0.076758
566	0.077268
567	0.077782
568	0.078296
569	0.078808
570	0.079319
571	0.079829
572	0.08034
573	0.080851
574	0.081365
575	0.08188
576	0.082395
577	0.082912
578	0.083429
579	0.083948
580	0.084468
581	0.084988
582	0.085513
583	0.086045
584	0.086585
585	0.087136
586	0.087697
587	0.088262
588	0.088831
589	0.0894
590	0.089967
591	0.090528
592	0.091084
593	0.091638
594	0.092189
595	0.092742
596	0.093297
597	0.093855
598	0.094418
599	0.094984
600	0.095551
601	0.096125
602	0.096706
603	0.097298
604	0.097903
605	0.098526
606	0.099168
607	0.099825
608	0.10049
609	0.10117
610	0.10185
611	0.10253
612	0.10319
613	0.10384
614	0.10448
615	0.1051
616	0.10571
617	0.10631
618	0.1069
619	0.1075
620	0.1081
621	0.10871
622	0.10932
623	0.10993
624	0.11056
625	0.11119
626	0.11182
627	0.11246
628	0.11309
629	0.11371
630	0.11433
631	0.11495
632	0.11556
633	0.11617
634	0.11678
635	0.11738
636	0.11799
637	0.11861
638	0.11924
639	0.11988
640	0.12053
641	0.12119
642	0.12186
643	0.12254
644	0.12322
645	0.12391
646	0.1246
647	0.12529
648	0.12597
649	0.12665
650	0.12733
651	0.12801
652	0.12869
653	0.12938
654	0.13007
655	0.13075
656	0.13142
657	0.13208
658	0.13272
659	0.13335
660	0.13398
661	0.1346
662	0.13522
663	0.13586
664	0.13652
665	0.13718
666	0.13785
667	0.13852
668	0.13919
669	0.13988
670	0.14058
671	0.14128
672	0.14199
673	0.14271
674	0.14344
675	0.14418
676	0.14492
677	0.14568
678	0.14644
679	0.14722
680	0.148
681	0.1488
682	0.14963
683	0.15048
684	0.15136
685	0.15227
686	0.15318
687	0.15408
688	0.15498
689	0.15586
690	0.15673
691	0.15757
692	0.1584
693	0.15922
694	0.16005
695	0.16088
696	0.16173
697	0.16257
698	0.16342
699	0.16427
700	0.16512
701	0.16597
702	0.16682
703	0.16765
704	0.16849
705	0.16931
706	0.17014
707	0.17098
708	0.17181
709	0.17266
710	0.17351
711	0.17436
712	0.17522
713	0.17611
714	0.17705
715	0.17803
716	0.17903
717	0.18001
718	0.18096
719	0.18188
720	0.18276
721	0.18363
722	0.18446
723	0.18526
724	0.18607
725	0.18692
726	0.18779
727	0.18865
728	0.18948
729	0.19027
730	0.19105
731	0.19181
732	0.19257
733	0.19332
734	0.19409
735	0.19486
736	0.19566
737	0.19647
738	0.1973
739	0.19812
740	0.19894
741	0.19977
742	0.20059
743	0.20142
744	0.20224
745	0.20307
746	0.20391
747	0.20476
748	0.20561
749	0.20646
750	0.20731
751	0.20816
752	0.20901
753	0.20986
754	0.21072
755	0.21161
756	0.21258
757	0.2138
758	0.21526
759	0.21663
760	0.21793
761	0.21914
762	0.22023
763	0.22115
764	0.22175
765	0.22208
766	0.22246
767	0.22292
768	0.22345
769	0.22407
770	0.22479
771	0.22557
772	0.2264
773	0.22725
774	0.22811
775	0.22897
776	0.22984
777	0.23072
778	0.2316
779	0.23247
780	0.23334
781	0.23422
782	0.2351
783	0.23598
784	0.23687
785	0.23776
786	0.23866
787	0.23956
788	0.24047
789	0.24137
790	0.24228
791	0.24318
792	0.24407
793	0.24497
794	0.24587
795	0.24676
796	0.24765
797	0.24854
798	0.24944
799	0.25035
800	0.25125
801	0.25215
802	0.25306
803	0.25396
804	0.25486
805	0.25575
806	0.25666
807	0.25756
808	0.25847
809	0.2594
810	0.26036
811	0.26135
812	0.26236
813	0.26338
814	0.26441
815	0.26543
816	0.26642
817	0.26736
818	0.26826
819	0.26914
820	0.27003
821	0.2709
822	0.27173
823	0.27256
824	0.2734
825	0.27428
826	0.27516
827	0.276
828	0.27683
829	0.27771
830	0.27859
831	0.27946
832	0.2803
833	0.28113
834	0.28195
835	0.28277
836	0.28359
837	0.2844
838	0.28521
839	0.28602
840	0.28684
841	0.28766
842	0.28849
843	0.28931
844	0.29013
845	0.29096
846	0.29178
847	0.29261
848	0.29343
849	0.29425
850	0.29508
851	0.29591
852	0.29675
853	0.29756
854	0.29835
855	0.29912
856	0.29989
857	0.30066
858	0.30141
859	0.30215
860	0.3029
861	0.30366
862	0.30443
863	0.30521
864	0.30599
865	0.30677
866	0.30753
867	0.30829
868	0.30904
869	0.3098
870	0.31055
871	0.3113
872	0.31207
873	0.31284
874	0.31363
875	0.31442
876	0.31522
877	0.31603
878	0.31685
879	0.31767
880	0.31851
881	0.31934
882	0.32018
883	0.32103
884	0.32189
885	0.32275
886	0.3236
887	0.32445
888	0.32531
889	0.32618
890	0.32706
891	0.32793
892	0.32881
893	0.32972
894	0.33064
895	0.33156
896	0.3325
897	0.33345
898	0.33438
899	0.33529
900	0.33616
901	0.33699
902	0.33778
903	0.33855
904	0.33932
905	0.34011
906	0.3409
907	0.34171
908	0.34254
909	0.34336
910	0.34417
911	0.34497
912	0.34575
913	0.34653
914	0.34728
915	0.34801
916	0.34875
917	0.34945
918	0.35013
919	0.3508
920	0.35147
921	0.35214
922	0.3528
923	0.35344
924	0.35411
925	0.35479
926	0.35545
927	0.35609
928	0.35679
929	0.35755
930	0.35834
931	0.3592
932	0.36006
933	0.36089
934	0.3617
935	0.36243
936	0.36308
937	0.36367
938	0.36415
939	0.36461
940	0.36513
941	0.36567
942	0.36626
943	0.36687
944	0.36746
945	0.36806
946	0.36869
947	0.36927
948	0.36979
949	0.37029
950	0.37082
951	0.37137
952	0.37193
953	0.37247
954	0.37304
955	0.37362
956	0.37417
957	0.37467
958	0.37519
959	0.37575
960	0.37626
961	0.37678
962	0.37732
963	0.37787
964	0.3784
965	0.37892
966	0.37942
967	0.3799
968	0.38037
969	0.38083
970	0.3813
971	0.38179
972	0.38226
973	0.38275
974	0.38329
975	0.38381
976	0.38432
977	0.38483
978	0.38536
979	0.38589
980	0.38641
981	0.3869
982	0.38739
983	0.38786
984	0.38831
985	0.38876
986	0.38921
987	0.38964
988	0.39008
989	0.39054
990	0.39099
991	0.39145
992	0.39192
993	0.3924
994	0.39287
995	0.39334
996	0.3938
997	0.39424
998	0.39462
999	0.39499
1000	0.39537
1001	0.39575
1002	0.39614
1003	0.39655
1004	0.39699
1005	0.3975
1006	0.39801
1007	0.39851
1008	0.39902
1009	0.39953
1010	0.40005
1011	0.40057
1012	0.40108
1013	0.40159
1014	0.40208
1015	0.40256
1016	0.40305
1017	0.40353
1018	0.40401
1019	0.4045
1020	0.40499
1021	0.40548
1022	0.40597
1023	0.40647
1024	0.40696
1025	0.40746
1026	0.40795
1027	0.40845
1028	0.40895
1029	0.40943
1030	0.40991
1031	0.4104
1032	0.41087
1033	0.41136
1034	0.41185
1035	0.41234
1036	0.41282
1037	0.4133
1038	0.41377
1039	0.41423
1040	0.41467
1041	0.41512
1042	0.41558
1043	0.41604
1044	0.4165
1045	0.41697
1046	0.41744
1047	0.41791
1048	0.41838
1049	0.41883
1050	0.41929
1051	0.41974
1052	0.42018
1053	0.42063
1054	0.42107
1055	0.42152
1056	0.42196
1057	0.42241
1058	0.42286
1059	0.42331
1060	0.42377
1061	0.42422
1062	0.42467
1063	0.42512
1064	0.42557
1065	0.42602
1066	0.42646
1067	0.4269
1068	0.42734
1069	0.42778
1070	0.42822
1071	0.42867
1072	0.42911
1073	0.42957
1074	0.43002
1075	0.43047
1076	0.43093
1077	0.43138
1078	0.43183
1079	0.43228
1080	0.43271
1081	0.43315
1082	0.43359
1083	0.43403
1084	0.43448
1085	0.43492
1086	0.43536
1087	0.4358
1088	0.43623
1089	0.43665
1090	0.43707
1091	0.43749
1092	0.4379
1093	0.43832
1094	0.43875
1095	0.43918
1096	0.43962
1097	0.44004
1098	0.44047
1099	0.44089
1100	0.44131
1101	0.44173
1102	0.44213
1103	0.44253
1104	0.44292
1105	0.44329
1106	0.44364
1107	0.44396
1108	0.44425
1109	0.4445
1110	0.44473
1111	0.44492
1112	0.44509
1113	0.44525
1114	0.44538
1115	0.44552
1116	0.44568
1117	0.44586
1118	0.4461
1119	0.4464
1120	0.44675
1121	0.4472
1122	0.44771
1123	0.44825
1124	0.44887
1125	0.44952
1126	0.45015
1127	0.45079
1128	0.45138
1129	0.45195
1130	0.4525
1131	0.45301
1132	0.45349
1133	0.45395
1134	0.45438
1135	0.45479
1136	0.45519
1137	0.45555
1138	0.45588
1139	0.4562
1140	0.4565
1141	0.45679
1142	0.45708
1143	0.45736
1144	0.45765
1145	0.45794
1146	0.45825
1147	0.45855
1148	0.45884
1149	0.45915
1150	0.45944
1151	0.45972
1152	0.46001
1153	0.46028
1154	0.46055
1155	0.46083
1156	0.4611
1157	0.46137
1158	0.46164
1159	0.4619
1160	0.46216
1161	0.46242
1162	0.46268
1163	0.46293
1164	0.46318
1165	0.46341
1166	0.46365
1167	0.46389
1168	0.46414
1169	0.46438
1170	0.46464
1171	0.4649
1172	0.46516
1173	0.46543
1174	0.46569
1175	0.46595
1176	0.46622
1177	0.46649
1178	0.46676
1179	0.46704
1180	0.46733
1181	0.46762
1182	0.46792
1183	0.46821
1184	0.46851
1185	0.46881
1186	0.46912
1187	0.46942
1188	0.46973
1189	0.47003
1190	0.47033
1191	0.47062
1192	0.4709
1193	0.47118
1194	0.47146
1195	0.47175
1196	0.47205
1197	0.47236
1198	0.47269
1199	0.47303
1200	0.47338
1201	0.47373
1202	0.47409
1203	0.47446
1204	0.47483
1205	0.47519
1206	0.47554
1207	0.4759
1208	0.47626
1209	0.47662
1210	0.477
1211	0.47738
1212	0.47778
1213	0.4782
1214	0.47862
1215	0.47905
1216	0.47948
1217	0.47992
1218	0.48035
1219	0.48078
1220	0.48121
1221	0.48164
1222	0.48208
1223	0.48253
1224	0.48298
1225	0.48343
1226	0.48387
1227	0.4843
1228	0.48473
1229	0.48515
1230	0.48557
1231	0.48599
1232	0.4864
1233	0.48681
1234	0.48722
1235	0.48762
1236	0.48802
1237	0.48842
1238	0.48881
1239	0.4892
1240	0.48959
1241	0.48999
1242	0.49039
1243	0.49079
1244	0.49119
1245	0.49159
1246	0.49198
1247	0.49237
1248	0.49275
1249	0.49312
1250	0.4935
1251	0.49387
1252	0.49423
1253	0.4946
1254	0.49495
1255	0.49529
1256	0.49563
1257	0.49595
1258	0.49628
1259	0.49661
1260	0.49695
1261	0.49729
1262	0.49763
1263	0.49799
1264	0.49835
1265	0.49871
1266	0.49907
1267	0.49944
1268	0.49979
1269	0.50015
1270	0.5005
1271	0.50084
1272	0.50116
1273	0.50148
1274	0.50179
1275	0.50211
1276	0.50242
1277	0.50273
1278	0.50304
1279	0.50335
1280	0.50366
1281	0.50397
1282	0.50428
1283	0.50459
1284	0.5049
1285	0.50521
1286	0.50551
1287	0.50581
1288	0.50612
1289	0.50642
1290	0.50672
1291	0.50702
1292	0.50731
1293	0.5076
1294	0.50788
1295	0.50815
1296	0.50842
1297	0.50867
1298	0.50893
1299	0.50919
1300	0.50944
1301	0.5097
1302	0.50996
1303	0.51021
1304	0.51046
1305	0.51071
1306	0.51093
1307	0.51115
1308	0.51135
1309	0.51154
1310	0.51172
1311	0.51189
1312	0.51206
1313	0.51224
1314	0.51241
1315	0.51257
1316	0.51272
1317	0.51286
1318	0.51299
1319	0.51311
1320	0.51322
1321	0.51333
1322	0.51342
1323	0.51351
1324	0.51361
1325	0.5137
1326	0.51378
1327	0.51386
1328	0.51394
1329	0.51401
1330	0.51408
1331	0.51414
1332	0.51419
1333	0.51423
1334	0.51425
1335	0.51427
1336	0.51425
1337	0.5141
1338	0.51382
1339	0.51339
1340	0.51284
1341	0.51217
1342	0.51138
1343	0.51048
1344	0.50958
1345	0.50868
1346	0.50777
1347	0.50687
1348	0.50597
1349	0.50507
1350	0.50416
1351	0.50326
1352	0.50236
1353	0.50146
1354	0.50056
1355	0.49965
1356	0.49875
1357	0.49785
1358	0.49695
1359	0.49604
1360	0.49514
1361	0.49424
1362	0.49334
1363	0.49243
1364	0.49153
1365	0.49063
1366	0.48973
1367	0.48883
1368	0.48792
1369	0.48702
1370	0.48612
1371	0.48522
1372	0.48431
1373	0.48341
1374	0.48251
1375	0.48161
1376	0.48071
1377	0.4798
1378	0.4789
1379	0.478
1380	0.4771
1381	0.47619
1382	0.47529
1383	0.47439
1384	0.47349
1385	0.47259
1386	0.47168
1387	0.47078
1388	0.46988
1389	0.46898
1390	0.46807
1391	0.46717
1392	0.46627
1393	0.46537
1394	0.46447
1395	0.46356
1396	0.46266
1397	0.46176
1398	0.46086
1399	0.45995
1400	0.45905
1401	0.45815
1402	0.45725
1403	0.45634
1404	0.45544
1405	0.45454
1406	0.45363
1407	0.45273
1408	0.45183
1409	0.45092
1410	0.45002
1411	0.44912
1412	0.44821
1413	0.44731
1414	0.4464
1415	0.4455
1416	0.4446
1417	0.4438
1418	0.44318
1419	0.44272
1420	0.44243
1421	0.4423
1422	0.44232
1423	0.44248
1424	0.44264
1425	0.44264
1426	0.44256
1427	0.44244
1428	0.44223
1429	0.44203
1430	0.44177
1431	0.44147
1432	0.44126
1433	0.44105
1434	0.44082
1435	0.44067
1436	0.4405
1437	0.44039
1438	0.44042
1439	0.44047
1440	0.44057
1441	0.44073
1442	0.44085
1443	0.44104
1444	0.44127
1445	0.4415
1446	0.44178
1447	0.4421
1448	0.44245
1449	0.44283
1450	0.44323
1451	0.44359
1452	0.44391
1453	0.44419
1454	0.44441
1455	0.44461
1456	0.44477
1457	0.44488
1458	0.44497
1459	0.44505
1460	0.44513
1461	0.44522
1462	0.44532
1463	0.44544
1464	0.44562
1465	0.44586
1466	0.44616
1467	0.44653
1468	0.44691
1469	0.44734
1470	0.44781
1471	0.44829
1472	0.4488
1473	0.44931
1474	0.44981
1475	0.45036
1476	0.4509
1477	0.45146
1478	0.45202
1479	0.45259
1480	0.45318
1481	0.45381
1482	0.45445
1483	0.45511
1484	0.45576
1485	0.45641
1486	0.45704
1487	0.45764
1488	0.45822
1489	0.4588
1490	0.45937
1491	0.45992
1492	0.46046
1493	0.46099
1494	0.4615
1495	0.46201
1496	0.46251
1497	0.46301
1498	0.46351
1499	0.46401
1500	0.46453
1501	0.46506
1502	0.46559
1503	0.46613
1504	0.46668
1505	0.46723
1506	0.46779
1507	0.46834
1508	0.46889
1509	0.46944
1510	0.46997
1511	0.47049
1512	0.471
1513	0.47151
1514	0.47202
1515	0.47253
1516	0.47303
1517	0.47352
1518	0.47402
1519	0.4745
1520	0.47498
1521	0.47545
1522	0.4759
1523	0.47635
1524	0.4768
1525	0.47724
1526	0.47767
1527	0.4781
1528	0.47853
1529	0.47896
1530	0.47938
1531	0.47979
1532	0.48021
1533	0.48062
1534	0.48102
1535	0.48142
1536	0.48181
1537	0.4822
1538	0.48258
1539	0.48295
1540	0.48332
1541	0.48368
1542	0.48404
1543	0.48441
1544	0.48478
1545	0.48515
1546	0.48553
1547	0.48591
1548	0.48628
1549	0.48666
1550	0.48702
1551	0.48739
1552	0.48774
1553	0.48808
1554	0.48842
1555	0.48875
1556	0.48907
1557	0.4894
1558	0.48971
1559	0.49003
1560	0.49034
1561	0.49066
1562	0.49097
1563	0.49128
1564	0.49158
1565	0.49188
1566	0.49218
1567	0.49247
1568	0.49275
1569	0.49303
1570	0.49332
1571	0.49362
1572	0.49391
1573	0.49421
1574	0.49452
1575	0.49484
1576	0.49517
1577	0.4955
1578	0.49583
1579	0.49617
1580	0.49651
1581	0.49685
1582	0.49719
1583	0.49753
1584	0.49786
1585	0.49818
1586	0.4985
1587	0.49882
1588	0.49914
1589	0.49946
1590	0.49979
1591	0.50012
1592	0.50046
1593	0.50081
1594	0.50116
1595	0.50151
1596	0.50187
1597	0.50222
1598	0.50256
1599	0.50292
1600	0.50327
1601	0.50362
1602	0.50397
1603	0.50432
1604	0.50467
1605	0.50503
1606	0.50538
1607	0.50574
1608	0.50609
1609	0.50644
1610	0.5068
1611	0.50714
1612	0.50748
1613	0.50781
1614	0.50813
1615	0.50845
1616	0.50875
1617	0.50905
1618	0.50935
1619	0.50964
1620	0.50992
1621	0.51019
1622	0.51046
1623	0.51072
1624	0.51097
1625	0.5112
1626	0.51143
1627	0.51165
1628	0.51185
1629	0.51206
1630	0.51225
1631	0.51243
1632	0.51261
1633	0.51278
1634	0.51295
1635	0.5131
1636	0.51323
1637	0.51335
1638	0.51346
1639	0.51356
1640	0.51364
1641	0.51369
1642	0.51373
1643	0.51376
1644	0.51376
1645	0.51374
1646	0.5137
1647	0.51365
1648	0.51358
1649	0.51349
1650	0.51338
1651	0.51324
1652	0.51308
1653	0.51291
1654	0.51271
1655	0.51249
1656	0.51225
1657	0.512
1658	0.51175
1659	0.51148
1660	0.51122
1661	0.51095
1662	0.51069
1663	0.51043
1664	0.51017
1665	0.50992
1666	0.50968
1667	0.50944
1668	0.50922
1669	0.50902
1670	0.50882
1671	0.50863
1672	0.50845
1673	0.50828
1674	0.50812
1675	0.50797
1676	0.50782
1677	0.50767
1678	0.50753
1679	0.5074
1680	0.50726
1681	0.50712
1682	0.50697
1683	0.5068
1684	0.50663
1685	0.50645
1686	0.50625
1687	0.50605
1688	0.50582
1689	0.50559
1690	0.50535
1691	0.50511
1692	0.50487
1693	0.50463
1694	0.50439
1695	0.50416
1696	0.50392
1697	0.50367
1698	0.50342
1699	0.50315
1700	0.50287
1701	0.50258
1702	0.50229
1703	0.50199
1704	0.50169
1705	0.50138
1706	0.50105
1707	0.50071
1708	0.50037
1709	0.5
1710	0.49963
1711	0.49924
1712	0.49884
1713	0.49845
1714	0.49804
1715	0.49761
1716	0.49718
1717	0.49675
1718	0.49632
1719	0.49592
1720	0.49552
1721	0.49514
1722	0.49481
1723	0.4945
1724	0.49423
1725	0.494
1726	0.4938
1727	0.49364
1728	0.49353
1729	0.49348
1730	0.49348
1731	0.49355
1732	0.49366
1733	0.49383
1734	0.49402
1735	0.49423
1736	0.49445
1737	0.49466
1738	0.49486
1739	0.49504
1740	0.49519
1741	0.49532
1742	0.49543
1743	0.49552
1744	0.49559
1745	0.49564
1746	0.49567
1747	0.49568
1748	0.49567
1749	0.49564
1750	0.49561
1751	0.49556
1752	0.49551
1753	0.49546
1754	0.49538
1755	0.49531
1756	0.49524
1757	0.49518
1758	0.49513
1759	0.49507
1760	0.49503
1761	0.495
1762	0.495
1763	0.49503
1764	0.49509
1765	0.49515
1766	0.49521
1767	0.49529
1768	0.49539
1769	0.49551
1770	0.49563
1771	0.49575
1772	0.49587
1773	0.496
1774	0.49612
1775	0.49623
1776	0.49632
1777	0.4964
1778	0.49648
1779	0.49655
1780	0.49663
1781	0.49671
1782	0.49678
1783	0.49685
1784	0.49691
1785	0.49696
1786	0.49701
1787	0.49703
1788	0.49702
1789	0.49698
1790	0.49691
1791	0.49685
1792	0.49677
1793	0.49665
1794	0.49653
1795	0.49639
1796	0.49621
1797	0.49593
1798	0.49563
1799	0.49519
1800	0.49463
1801	0.49394
1802	0.49314
1803	0.49225
1804	0.49137
1805	0.49033
1806	0.4893
1807	0.48827
1808	0.48723
1809	0.4862
1810	0.48516
1811	0.48413
1812	0.48309
1813	0.48206
1814	0.48103
1815	0.47999
1816	0.47896
1817	0.47792
1818	0.47689
1819	0.47586
1820	0.47482
1821	0.47379
1822	0.47275
1823	0.47172
1824	0.47068
1825	0.46965
1826	0.46862
1827	0.46758
1828	0.46655
1829	0.46551
1830	0.46448
1831	0.46345
1832	0.46241
1833	0.46138
1834	0.46034
1835	0.45931
1836	0.45827
1837	0.45724
1838	0.45621
1839	0.45517
1840	0.45414
1841	0.4531
1842	0.45207
1843	0.45103
1844	0.45
1845	0.44897
1846	0.44793
1847	0.4469
1848	0.44586
1849	0.44483
1850	0.4438
1851	0.44276
1852	0.44173
1853	0.44069
1854	0.43966
1855	0.43862
1856	0.43759
1857	0.43656
1858	0.43552
1859	0.43449
1860	0.43345
1861	0.43242
1862	0.43139
1863	0.43035
1864	0.42932
1865	0.42828
1866	0.42725
1867	0.42621
1868	0.42518
1869	0.42415
1870	0.42311
1871	0.42208
1872	0.42104
1873	0.42001
1874	0.41898
1875	0.41794
1876	0.41691
1877	0.41587
1878	0.41484
1879	0.4138
1880	0.41277
1881	0.41174
1882	0.4107
1883	0.40967
1884	0.40863
1885	0.4076
1886	0.40656
1887	0.40553
1888	0.4045
1889	0.40346
1890	0.40243
1891	0.40139
1892	0.40036
1893	0.39933
1894	0.39829
1895	0.39726
1896	0.39622
1897	0.39519
1898	0.39415
1899	0.39312
1900	0.39209
1901	0.39105
1902	0.39002
1903	0.38898
1904	0.38795
1905	0.38692
1906	0.38588
1907	0.38485
1908	0.38381
1909	0.38278
1910	0.38174
1911	0.38071
1912	0.37968
1913	0.37864
1914	0.37761
1915	0.37657
1916	0.37554
1917	0.37451
1918	0.37347
1919	0.37244
1920	0.3714
1921	0.37037
1922	0.36933
1923	0.3683
1924	0.36727
1925	0.36623
1926	0.3652
1927	0.36416
1928	0.36313
1929	0.3621
1930	0.36106
1931	0.36003
1932	0.35899
1933	0.35796
1934	0.35692
1935	0.35589
1936	0.35486
1937	0.35382
1938	0.35279
1939	0.35175
1940	0.35072
1941	0.34968
1942	0.34865
1943	0.34762
1944	0.34658
1945	0.34555
1946	0.34451
1947	0.34352
1948	0.34275
1949	0.34236
1950	0.34246
1951	0.34295
1952	0.34366
1953	0.34485
1954	0.34647
1955	0.34824
1956	0.35008
1957	0.35194
1958	0.35381
1959	0.35579
1960	0.35764
1961	0.35934
1962	0.36099
1963	0.36248
1964	0.36373
1965	0.36489
1966	0.36607
1967	0.36721
1968	0.36835
1969	0.36947
1970	0.37055
1971	0.37164
1972	0.37274
1973	0.37378
1974	0.37481
1975	0.37581
1976	0.37682
1977	0.37788
1978	0.37893
1979	0.37998
1980	0.38103
1981	0.3821
1982	0.38314
1983	0.38416
1984	0.38516
1985	0.38611
1986	0.38702
1987	0.3879
1988	0.38877
1989	0.38961
1990	0.3904
1991	0.39115
1992	0.39187
1993	0.39256
1994	0.3932
1995	0.39376
1996	0.39423
1997	0.39469
1998	0.39516
1999	0.39568
2000	0.39629
2001	0.39701
2002	0.3978
2003	0.3987
2004	0.39967
2005	0.40065
2006	0.4016
2007	0.4025
2008	0.4033
2009	0.40399
2010	0.40463
2011	0.40519
2012	0.40571
2013	0.40623
2014	0.40677
2015	0.4073
2016	0.40784
2017	0.40839
2018	0.40893
2019	0.40946
2020	0.40995
2021	0.41036
2022	0.41071
2023	0.41102
2024	0.41129
2025	0.41153
2026	0.41172
2027	0.41184
2028	0.41191
2029	0.41193
2030	0.41192
2031	0.41188
2032	0.41178
2033	0.41165
2034	0.41147
2035	0.41126
2036	0.41104
2037	0.4108
2038	0.41056
2039	0.41031
2040	0.41007
2041	0.40982
2042	0.40958
2043	0.40934
2044	0.4091
2045	0.40884
2046	0.40855
2047	0.40824
2048	0.40791
2049	0.40756
2050	0.4072
2051	0.40682
2052	0.40643
2053	0.40602
2054	0.40564
2055	0.40533
2056	0.40507
2057	0.40488
2058	0.40473
2059	0.40463
2060	0.40459
2061	0.40451
2062	0.40441
2063	0.4043
2064	0.40416
2065	0.40402
2066	0.4039
2067	0.4038
2068	0.40372
2069	0.40366
2070	0.40366
2071	0.40366
2072	0.40366
2073	0.40365
2074	0.40361
2075	0.40359
2076	0.40359
2077	0.40356
2078	0.40354
2079	0.40352
2080	0.4035
2081	0.40351
2082	0.40352
2083	0.40351
2084	0.40349
2085	0.40345
2086	0.40339
2087	0.40331
2088	0.40324
2089	0.40317
2090	0.4031
2091	0.40304
2092	0.403
2093	0.40301
2094	0.40305
2095	0.4031
2096	0.40317
2097	0.40323
2098	0.40328
2099	0.40334
2100	0.4034
2101	0.40347
2102	0.40356
2103	0.40364
2104	0.40369
2105	0.40377
2106	0.40385
2107	0.4039
2108	0.40395
2109	0.40399
2110	0.40404
2111	0.40413
2112	0.40424
2113	0.40435
2114	0.40448
2115	0.4046
2116	0.40472
2117	0.40483
2118	0.40494
2119	0.40506
2120	0.40515
2121	0.40523
2122	0.40532
2123	0.4054
2124	0.40549
2125	0.40558
2126	0.40564
2127	0.40565
2128	0.40566
2129	0.40566
2130	0.40567
2131	0.4057
2132	0.40574
2133	0.40578
2134	0.40585
2135	0.40594
2136	0.40601
2137	0.40608
2138	0.40615
2139	0.4062
2140	0.40624
2141	0.40633
2142	0.40643
2143	0.40656
2144	0.4067
2145	0.40683
2146	0.40693
2147	0.40702
2148	0.40709
2149	0.40712
2150	0.40714
2151	0.40716
2152	0.40718
2153	0.40723
2154	0.40729
2155	0.40733
2156	0.40739
2157	0.40744
2158	0.40746
2159	0.40744
2160	0.40741
2161	0.40738
2162	0.40735
2163	0.40736
2164	0.40739
2165	0.40745
2166	0.40755
2167	0.40767
2168	0.40783
2169	0.408
2170	0.40818
2171	0.40835
2172	0.40849
2173	0.40861
2174	0.4087
2175	0.40878
2176	0.4089
2177	0.40901
2178	0.40915
2179	0.40931
2180	0.40948
2181	0.40967
2182	0.40982
2183	0.40992
2184	0.41
2185	0.41006
2186	0.41016
2187	0.4103
2188	0.41046
2189	0.41065
2190	0.41087
2191	0.4111
2192	0.41132
2193	0.41152
2194	0.41167
2195	0.41179
2196	0.41191
2197	0.41203
2198	0.41214
2199	0.41225
2200	0.41236
2201	0.41245
2202	0.41258
2203	0.41274
2204	0.41292
2205	0.41312
2206	0.41333
2207	0.41355
2208	0.41379
2209	0.41403
2210	0.41425
2211	0.41445
2212	0.41465
2213	0.41481
2214	0.41493
2215	0.41502
2216	0.41505
2217	0.41502
2218	0.41497
2219	0.41487
2220	0.41474
2221	0.41458
2222	0.41436
2223	0.41411
2224	0.41383
2225	0.41348
2226	0.4131
2227	0.41267
2228	0.41218
2229	0.41165
2230	0.41106
2231	0.41039
2232	0.40967
2233	0.40884
2234	0.40794
2235	0.40699
2236	0.406
2237	0.405
2238	0.40395
2239	0.40284
2240	0.40172
2241	0.40056
2242	0.39936
2243	0.39816
2244	0.39691
2245	0.39562
2246	0.39434
2247	0.39305
2248	0.39178
2249	0.39054
2250	0.3893
2251	0.38808
2252	0.38691
2253	0.38575
2254	0.3846
2255	0.38344
2256	0.38225
2257	0.38105
2258	0.37986
2259	0.37871
2260	0.3776
2261	0.37654
2262	0.37553
2263	0.37459
2264	0.37371
2265	0.37287
2266	0.37205
2267	0.37128
2268	0.37058
2269	0.36994
2270	0.3694
2271	0.36893
2272	0.36853
2273	0.36821
2274	0.36792
2275	0.36768
2276	0.36749
2277	0.36729
2278	0.36707
2279	0.36684
2280	0.36655
2281	0.36625
2282	0.36595
2283	0.36563
2284	0.36529
2285	0.36496
2286	0.36462
2287	0.36434
2288	0.36411
2289	0.36386
2290	0.3636
2291	0.36335
2292	0.36305
2293	0.36274
2294	0.3624
2295	0.36196
2296	0.36146
2297	0.36089
2298	0.36027
2299	0.35965
2300	0.359
2301	0.35834
2302	0.35769
2303	0.35707
2304	0.3565
2305	0.35596
2306	0.35548
2307	0.3551
2308	0.35478
2309	0.35453
2310	0.35435
2311	0.35421
2312	0.35414
2313	0.35416
2314	0.35422
2315	0.35435
2316	0.35453
2317	0.35482
2318	0.35515
2319	0.35544
2320	0.35565
2321	0.35574
2322	0.35578
2323	0.35585
2324	0.35586
2325	0.35592
2326	0.35604
2327	0.35611
2328	0.35622
2329	0.35627
2330	0.35619
2331	0.35604
2332	0.35579
2333	0.35545
2334	0.35506
2335	0.35466
2336	0.3543
2337	0.35397
2338	0.35368
2339	0.35337
2340	0.35303
2341	0.35279
2342	0.35263
2343	0.35249
2344	0.35238
2345	0.35225
2346	0.35208
2347	0.35198
2348	0.35186
2349	0.3517
2350	0.3516
2351	0.35153
2352	0.35156
2353	0.35172
2354	0.35195
2355	0.35226
2356	0.35256
2357	0.35284
2358	0.35308
2359	0.35323
2360	0.35334
2361	0.35341
2362	0.35344
2363	0.35345
2364	0.35344
2365	0.35342
2366	0.35339
2367	0.35329
2368	0.35305
2369	0.35276
2370	0.35237
2371	0.35196
2372	0.35163
2373	0.35129
2374	0.35099
2375	0.35081
2376	0.35063
2377	0.3505
2378	0.35039
2379	0.35017
2380	0.34991
2381	0.34963
2382	0.3493
2383	0.34902
2384	0.34884
2385	0.34866
2386	0.34849
2387	0.34834
2388	0.34813
2389	0.34795
2390	0.34776
2391	0.34747
2392	0.34715
2393	0.34687
2394	0.34672
2395	0.34666
2396	0.34659
2397	0.34647
2398	0.34619
2399	0.3459
2400	0.34556
2401	0.34498
2402	0.34425
2403	0.3435
2404	0.34275
2405	0.34215
2406	0.34167
2407	0.34115
2408	0.34077
2409	0.34056
2410	0.34035
2411	0.34031
2412	0.34024
2413	0.33996
2414	0.33959
2415	0.33896
2416	0.33812
2417	0.3373
2418	0.33633
2419	0.33529
2420	0.33435
2421	0.33351
2422	0.33289
2423	0.33237
2424	0.33174
2425	0.33111
2426	0.33049
2427	0.32975
2428	0.3289
2429	0.3278
2430	0.32654
2431	0.32522
2432	0.32384
2433	0.32262
2434	0.32161
2435	0.32085
2436	0.32036
2437	0.31995
2438	0.31964
2439	0.31929
2440	0.31848
2441	0.31732
2442	0.31594
2443	0.31406
2444	0.31231
2445	0.31096
2446	0.3091
2447	0.30767
2448	0.30657
2449	0.30562
2450	0.30517
2451	0.30478
2452	0.30413
2453	0.30413
2454	0.30413
2455	0.30412
2456	0.30412
2457	0.30412
2458	0.30412
2459	0.30412
2460	0.30412
2461	0.30412
2462	0.30412
2463	0.30412
2464	0.30412
2465	0.30412
2466	0.30412
2467	0.30412
2468	0.30411
2469	0.30411
2470	0.30411
2471	0.30411
2472	0.30411
2473	0.30411
2474	0.30411
2475	0.30411
2476	0.30411
2477	0.30411
2478	0.30411
2479	0.30411
2480	0.30411
