*Name: Unvegetated Ground
Type: Gravel and bare soil

Origin: Remote Sensing Laboratories, University of Zurich

Description: linear spectral mix of 1/3 gravel and 2/3 bare soil

Measurement: Hemispherical Conical Reflectance Factor HCRF measured by ASD Fieldspec Pro

Wavelength [nm]	Reflectance [0 1]
370	0.036254
371	0.03643
372	0.036602
373	0.036789
374	0.037018
375	0.03726
376	0.037508
377	0.037763
378	0.038025
379	0.038296
380	0.038577
381	0.03886
382	0.039142
383	0.039424
384	0.039717
385	0.040031
386	0.04036
387	0.040684
388	0.040998
389	0.04132
390	0.041649
391	0.041978
392	0.042295
393	0.042594
394	0.042899
395	0.043216
396	0.04352
397	0.043815
398	0.044097
399	0.044362
400	0.044627
401	0.044882
402	0.045122
403	0.045359
404	0.045597
405	0.04584
406	0.04609
407	0.046349
408	0.046613
409	0.046879
410	0.047149
411	0.047418
412	0.047692
413	0.047973
414	0.048246
415	0.048521
416	0.048805
417	0.049096
418	0.04939
419	0.049688
420	0.049991
421	0.050307
422	0.05063
423	0.050957
424	0.05129
425	0.051634
426	0.051991
427	0.052356
428	0.05273
429	0.053116
430	0.053514
431	0.05392
432	0.054328
433	0.054734
434	0.055139
435	0.055542
436	0.05594
437	0.056333
438	0.056722
439	0.057111
440	0.057499
441	0.057881
442	0.058261
443	0.058632
444	0.05899
445	0.059338
446	0.059675
447	0.060001
448	0.060315
449	0.060613
450	0.060896
451	0.061169
452	0.061433
453	0.061684
454	0.061921
455	0.062151
456	0.062371
457	0.062583
458	0.062787
459	0.06298
460	0.063167
461	0.06335
462	0.063526
463	0.0637
464	0.063874
465	0.064047
466	0.064221
467	0.064397
468	0.064573
469	0.064751
470	0.064932
471	0.065117
472	0.065303
473	0.065493
474	0.065686
475	0.06588
476	0.066079
477	0.066284
478	0.066499
479	0.06672
480	0.066947
481	0.067185
482	0.06744
483	0.067705
484	0.067978
485	0.06826
486	0.068553
487	0.068854
488	0.069159
489	0.069465
490	0.06978
491	0.070104
492	0.070433
493	0.070769
494	0.071113
495	0.071466
496	0.071828
497	0.072196
498	0.072572
499	0.072955
500	0.073345
501	0.07374
502	0.074139
503	0.074541
504	0.074945
505	0.075346
506	0.075748
507	0.076151
508	0.076556
509	0.076964
510	0.077375
511	0.077794
512	0.078218
513	0.078647
514	0.079081
515	0.07952
516	0.079963
517	0.080404
518	0.08084
519	0.081275
520	0.081711
521	0.082145
522	0.082577
523	0.083012
524	0.083453
525	0.083901
526	0.084351
527	0.084802
528	0.085256
529	0.085711
530	0.086169
531	0.086629
532	0.087087
533	0.087548
534	0.088013
535	0.088482
536	0.088952
537	0.089423
538	0.089895
539	0.090369
540	0.090843
541	0.091315
542	0.091784
543	0.092252
544	0.09272
545	0.093186
546	0.093649
547	0.09411
548	0.094572
549	0.095033
550	0.095492
551	0.095948
552	0.096404
553	0.096857
554	0.097309
555	0.09776
556	0.098208
557	0.098655
558	0.099098
559	0.099536
560	0.09997
561	0.1004
562	0.10083
563	0.10124
564	0.10166
565	0.10207
566	0.10247
567	0.10287
568	0.10327
569	0.10366
570	0.10405
571	0.10443
572	0.1048
573	0.10517
574	0.10553
575	0.10589
576	0.10625
577	0.1066
578	0.10695
579	0.10729
580	0.10763
581	0.10796
582	0.10829
583	0.10862
584	0.10894
585	0.10927
586	0.1096
587	0.10993
588	0.11025
589	0.11057
590	0.11088
591	0.11118
592	0.11148
593	0.11177
594	0.11206
595	0.11235
596	0.11263
597	0.11292
598	0.1132
599	0.11349
600	0.11376
601	0.11404
602	0.11432
603	0.1146
604	0.11488
605	0.11516
606	0.11545
607	0.11574
608	0.11603
609	0.11633
610	0.11662
611	0.11691
612	0.11719
613	0.11746
614	0.11773
615	0.11799
616	0.11825
617	0.11851
618	0.11876
619	0.11901
620	0.11926
621	0.11952
622	0.11977
623	0.12003
624	0.12029
625	0.12056
626	0.12084
627	0.12112
628	0.12139
629	0.12167
630	0.12195
631	0.12223
632	0.12251
633	0.1228
634	0.1231
635	0.1234
636	0.12371
637	0.12403
638	0.12436
639	0.1247
640	0.12504
641	0.12538
642	0.12573
643	0.12608
644	0.12643
645	0.12677
646	0.12711
647	0.12745
648	0.12779
649	0.12812
650	0.12845
651	0.12878
652	0.12912
653	0.12946
654	0.1298
655	0.13014
656	0.13047
657	0.13079
658	0.1311
659	0.1314
660	0.1317
661	0.132
662	0.13231
663	0.13262
664	0.13294
665	0.13325
666	0.13358
667	0.13391
668	0.13424
669	0.13458
670	0.13493
671	0.13528
672	0.13564
673	0.13601
674	0.13638
675	0.13676
676	0.13714
677	0.13753
678	0.13792
679	0.13833
680	0.13875
681	0.13918
682	0.13963
683	0.1401
684	0.1406
685	0.14112
686	0.14165
687	0.14219
688	0.14272
689	0.14327
690	0.14381
691	0.14435
692	0.14488
693	0.1454
694	0.14593
695	0.14645
696	0.14698
697	0.14749
698	0.14801
699	0.14851
700	0.14902
701	0.14951
702	0.15001
703	0.15049
704	0.15097
705	0.15144
706	0.15191
707	0.15238
708	0.15285
709	0.15331
710	0.15378
711	0.15425
712	0.15472
713	0.1552
714	0.1557
715	0.15621
716	0.15673
717	0.15725
718	0.15774
719	0.15822
720	0.1587
721	0.15915
722	0.1596
723	0.16003
724	0.16047
725	0.16092
726	0.16138
727	0.16183
728	0.16226
729	0.16269
730	0.1631
731	0.16351
732	0.16391
733	0.16432
734	0.16472
735	0.16513
736	0.16555
737	0.16596
738	0.16639
739	0.16682
740	0.16724
741	0.16766
742	0.16808
743	0.16851
744	0.16893
745	0.16935
746	0.16977
747	0.17019
748	0.17061
749	0.17103
750	0.17145
751	0.17187
752	0.17229
753	0.17271
754	0.17313
755	0.17356
756	0.17401
757	0.17453
758	0.17512
759	0.1757
760	0.17626
761	0.17677
762	0.17725
763	0.17768
764	0.17801
765	0.17825
766	0.1785
767	0.17877
768	0.17906
769	0.17937
770	0.17972
771	0.18008
772	0.18047
773	0.18085
774	0.18124
775	0.18162
776	0.18201
777	0.1824
778	0.18278
779	0.18316
780	0.18354
781	0.18392
782	0.18431
783	0.18469
784	0.18507
785	0.18545
786	0.18584
787	0.18622
788	0.1866
789	0.18699
790	0.18736
791	0.18774
792	0.18811
793	0.18847
794	0.18883
795	0.18919
796	0.18955
797	0.18991
798	0.19027
799	0.19063
800	0.19099
801	0.19134
802	0.1917
803	0.19205
804	0.1924
805	0.19275
806	0.19309
807	0.19344
808	0.19379
809	0.19414
810	0.1945
811	0.19486
812	0.19524
813	0.19562
814	0.196
815	0.19638
816	0.19674
817	0.19709
818	0.19742
819	0.19774
820	0.19806
821	0.19837
822	0.19867
823	0.19896
824	0.19926
825	0.19956
826	0.19987
827	0.20017
828	0.20046
829	0.20076
830	0.20107
831	0.20137
832	0.20166
833	0.20194
834	0.20223
835	0.20251
836	0.20278
837	0.20305
838	0.20333
839	0.20361
840	0.20388
841	0.20416
842	0.20444
843	0.20472
844	0.205
845	0.20528
846	0.20556
847	0.20584
848	0.20611
849	0.20638
850	0.20665
851	0.20693
852	0.20722
853	0.20748
854	0.20774
855	0.20801
856	0.20827
857	0.20853
858	0.20877
859	0.20901
860	0.20927
861	0.20952
862	0.20978
863	0.21004
864	0.2103
865	0.21057
866	0.21082
867	0.21108
868	0.21134
869	0.2116
870	0.21185
871	0.2121
872	0.21236
873	0.21262
874	0.21287
875	0.21314
876	0.2134
877	0.21366
878	0.21392
879	0.21417
880	0.21443
881	0.21469
882	0.21495
883	0.21521
884	0.21547
885	0.21574
886	0.21602
887	0.21628
888	0.21656
889	0.21683
890	0.21711
891	0.21739
892	0.21766
893	0.21794
894	0.21822
895	0.21849
896	0.21876
897	0.21904
898	0.21932
899	0.2196
900	0.21986
901	0.22011
902	0.22037
903	0.22062
904	0.22086
905	0.2211
906	0.22136
907	0.22162
908	0.22187
909	0.22212
910	0.22238
911	0.22265
912	0.2229
913	0.22315
914	0.22339
915	0.22364
916	0.2239
917	0.22414
918	0.22437
919	0.2246
920	0.22484
921	0.22507
922	0.2253
923	0.22552
924	0.22575
925	0.22597
926	0.22617
927	0.22639
928	0.2266
929	0.22679
930	0.22697
931	0.22716
932	0.22736
933	0.22757
934	0.22779
935	0.22802
936	0.22828
937	0.22855
938	0.2288
939	0.22905
940	0.22929
941	0.2295
942	0.22975
943	0.22997
944	0.23017
945	0.23038
946	0.23061
947	0.23085
948	0.23107
949	0.23126
950	0.23145
951	0.23168
952	0.23191
953	0.23215
954	0.23238
955	0.2326
956	0.23282
957	0.23309
958	0.23336
959	0.23361
960	0.23384
961	0.23407
962	0.23433
963	0.23461
964	0.23484
965	0.23506
966	0.23529
967	0.23552
968	0.23575
969	0.23598
970	0.23619
971	0.23643
972	0.23668
973	0.23692
974	0.23715
975	0.23738
976	0.23762
977	0.23785
978	0.23807
979	0.23828
980	0.2385
981	0.23875
982	0.23899
983	0.23922
984	0.23945
985	0.23968
986	0.23992
987	0.24014
988	0.24035
989	0.24056
990	0.24075
991	0.24096
992	0.24118
993	0.24139
994	0.24159
995	0.24177
996	0.24198
997	0.24221
998	0.24239
999	0.24256
1000	0.24275
1001	0.24295
1002	0.24318
1003	0.24339
1004	0.24358
1005	0.24382
1006	0.24406
1007	0.2443
1008	0.24455
1009	0.2448
1010	0.24504
1011	0.24529
1012	0.24552
1013	0.24576
1014	0.24599
1015	0.24622
1016	0.24645
1017	0.24668
1018	0.24692
1019	0.24716
1020	0.2474
1021	0.24763
1022	0.24785
1023	0.24808
1024	0.2483
1025	0.24853
1026	0.24875
1027	0.24899
1028	0.24922
1029	0.24946
1030	0.24969
1031	0.24992
1032	0.25014
1033	0.25036
1034	0.25057
1035	0.25079
1036	0.25102
1037	0.25125
1038	0.25148
1039	0.25171
1040	0.25194
1041	0.25216
1042	0.25239
1043	0.2526
1044	0.25282
1045	0.25304
1046	0.25325
1047	0.25347
1048	0.25369
1049	0.2539
1050	0.25412
1051	0.25433
1052	0.25455
1053	0.25477
1054	0.25499
1055	0.25522
1056	0.25544
1057	0.25567
1058	0.25589
1059	0.25611
1060	0.25633
1061	0.25656
1062	0.25679
1063	0.25703
1064	0.25727
1065	0.25751
1066	0.25775
1067	0.25798
1068	0.25822
1069	0.25845
1070	0.25868
1071	0.25891
1072	0.25913
1073	0.25936
1074	0.2596
1075	0.25983
1076	0.26006
1077	0.2603
1078	0.26053
1079	0.26076
1080	0.26099
1081	0.26121
1082	0.26144
1083	0.26167
1084	0.2619
1085	0.26213
1086	0.26237
1087	0.26262
1088	0.26287
1089	0.26311
1090	0.26335
1091	0.2636
1092	0.26384
1093	0.26409
1094	0.26433
1095	0.26457
1096	0.26482
1097	0.26505
1098	0.26529
1099	0.26553
1100	0.26577
1101	0.26601
1102	0.26627
1103	0.26652
1104	0.26678
1105	0.26703
1106	0.26728
1107	0.26751
1108	0.26773
1109	0.26793
1110	0.26814
1111	0.26834
1112	0.26855
1113	0.26877
1114	0.26899
1115	0.26924
1116	0.26954
1117	0.26989
1118	0.2703
1119	0.27079
1120	0.27133
1121	0.27192
1122	0.27253
1123	0.27312
1124	0.27368
1125	0.27417
1126	0.27457
1127	0.27491
1128	0.27519
1129	0.27541
1130	0.27559
1131	0.27574
1132	0.27587
1133	0.27599
1134	0.2761
1135	0.2762
1136	0.27632
1137	0.27642
1138	0.27655
1139	0.27669
1140	0.27683
1141	0.27698
1142	0.27713
1143	0.27728
1144	0.27743
1145	0.27757
1146	0.27771
1147	0.27785
1148	0.27797
1149	0.27809
1150	0.27819
1151	0.27826
1152	0.27833
1153	0.27839
1154	0.27845
1155	0.27853
1156	0.27861
1157	0.2787
1158	0.27882
1159	0.27894
1160	0.27905
1161	0.27917
1162	0.2793
1163	0.27943
1164	0.27957
1165	0.27972
1166	0.27987
1167	0.28003
1168	0.28018
1169	0.28035
1170	0.28052
1171	0.28068
1172	0.28086
1173	0.28104
1174	0.28123
1175	0.28142
1176	0.2816
1177	0.2818
1178	0.28199
1179	0.28219
1180	0.28238
1181	0.28258
1182	0.28278
1183	0.28298
1184	0.28319
1185	0.28339
1186	0.2836
1187	0.2838
1188	0.284
1189	0.2842
1190	0.28439
1191	0.28458
1192	0.28476
1193	0.28493
1194	0.28511
1195	0.2853
1196	0.28548
1197	0.28568
1198	0.28589
1199	0.2861
1200	0.28632
1201	0.28654
1202	0.28676
1203	0.28699
1204	0.28721
1205	0.28744
1206	0.28766
1207	0.28789
1208	0.28811
1209	0.28833
1210	0.28855
1211	0.28877
1212	0.28899
1213	0.2892
1214	0.28942
1215	0.28964
1216	0.28986
1217	0.29008
1218	0.29029
1219	0.29051
1220	0.29072
1221	0.29093
1222	0.29114
1223	0.29135
1224	0.29157
1225	0.29178
1226	0.292
1227	0.29222
1228	0.29244
1229	0.29266
1230	0.29287
1231	0.29309
1232	0.29329
1233	0.2935
1234	0.2937
1235	0.2939
1236	0.29409
1237	0.29429
1238	0.29449
1239	0.2947
1240	0.29491
1241	0.29512
1242	0.29533
1243	0.29554
1244	0.29575
1245	0.29596
1246	0.29617
1247	0.29638
1248	0.29659
1249	0.29679
1250	0.297
1251	0.2972
1252	0.2974
1253	0.2976
1254	0.29779
1255	0.29798
1256	0.29816
1257	0.29834
1258	0.29853
1259	0.29871
1260	0.29889
1261	0.29908
1262	0.29927
1263	0.29947
1264	0.29967
1265	0.29988
1266	0.30009
1267	0.3003
1268	0.3005
1269	0.3007
1270	0.3009
1271	0.30108
1272	0.30126
1273	0.30142
1274	0.30158
1275	0.30174
1276	0.30188
1277	0.30203
1278	0.30217
1279	0.30232
1280	0.30246
1281	0.30261
1282	0.30276
1283	0.30291
1284	0.30305
1285	0.30319
1286	0.30334
1287	0.30348
1288	0.30362
1289	0.30376
1290	0.30391
1291	0.30404
1292	0.30418
1293	0.30431
1294	0.30444
1295	0.30456
1296	0.30469
1297	0.30481
1298	0.30494
1299	0.30506
1300	0.30518
1301	0.30529
1302	0.30539
1303	0.3055
1304	0.30561
1305	0.30571
1306	0.30582
1307	0.30592
1308	0.30603
1309	0.30612
1310	0.30621
1311	0.3063
1312	0.30638
1313	0.30646
1314	0.30654
1315	0.30661
1316	0.30669
1317	0.30677
1318	0.30683
1319	0.30689
1320	0.30694
1321	0.30698
1322	0.30703
1323	0.30707
1324	0.3071
1325	0.30713
1326	0.30717
1327	0.3072
1328	0.30723
1329	0.30726
1330	0.30728
1331	0.30732
1332	0.30735
1333	0.30738
1334	0.30739
1335	0.3074
1336	0.3074
1337	0.30729
1338	0.30707
1339	0.30676
1340	0.30634
1341	0.30582
1342	0.30522
1343	0.30452
1344	0.30382
1345	0.30312
1346	0.30242
1347	0.30172
1348	0.30102
1349	0.30032
1350	0.29963
1351	0.29893
1352	0.29823
1353	0.29753
1354	0.29683
1355	0.29613
1356	0.29543
1357	0.29473
1358	0.29403
1359	0.29333
1360	0.29263
1361	0.29193
1362	0.29124
1363	0.29054
1364	0.28984
1365	0.28914
1366	0.28844
1367	0.28774
1368	0.28704
1369	0.28634
1370	0.28564
1371	0.28494
1372	0.28424
1373	0.28355
1374	0.28285
1375	0.28215
1376	0.28145
1377	0.28075
1378	0.28005
1379	0.27935
1380	0.27865
1381	0.27795
1382	0.27725
1383	0.27655
1384	0.27586
1385	0.27516
1386	0.27446
1387	0.27376
1388	0.27306
1389	0.27236
1390	0.27166
1391	0.27096
1392	0.27026
1393	0.26956
1394	0.26886
1395	0.26816
1396	0.26747
1397	0.26677
1398	0.26607
1399	0.26537
1400	0.26467
1401	0.26397
1402	0.26327
1403	0.26257
1404	0.26187
1405	0.26117
1406	0.26047
1407	0.25977
1408	0.25907
1409	0.25837
1410	0.25767
1411	0.25697
1412	0.25627
1413	0.25557
1414	0.25487
1415	0.25417
1416	0.25347
1417	0.25286
1418	0.25244
1419	0.25225
1420	0.25226
1421	0.25249
1422	0.25287
1423	0.25331
1424	0.25377
1425	0.25414
1426	0.25438
1427	0.25459
1428	0.2547
1429	0.2548
1430	0.25493
1431	0.25503
1432	0.25513
1433	0.2552
1434	0.25523
1435	0.25526
1436	0.25527
1437	0.25532
1438	0.25542
1439	0.25554
1440	0.25572
1441	0.25589
1442	0.25604
1443	0.25624
1444	0.25647
1445	0.2567
1446	0.25694
1447	0.25718
1448	0.25741
1449	0.25767
1450	0.25792
1451	0.25814
1452	0.25834
1453	0.25853
1454	0.25871
1455	0.2589
1456	0.25906
1457	0.25918
1458	0.25928
1459	0.25937
1460	0.25944
1461	0.25952
1462	0.25963
1463	0.25977
1464	0.25995
1465	0.26019
1466	0.26046
1467	0.26079
1468	0.26117
1469	0.26158
1470	0.26201
1471	0.26246
1472	0.26291
1473	0.2634
1474	0.2639
1475	0.26439
1476	0.26488
1477	0.26537
1478	0.26586
1479	0.26636
1480	0.26687
1481	0.26739
1482	0.26791
1483	0.26844
1484	0.26897
1485	0.26951
1486	0.27005
1487	0.27058
1488	0.2711
1489	0.27162
1490	0.27212
1491	0.2726
1492	0.27308
1493	0.27355
1494	0.274
1495	0.27445
1496	0.27488
1497	0.27532
1498	0.27576
1499	0.2762
1500	0.27665
1501	0.27711
1502	0.27758
1503	0.27805
1504	0.27854
1505	0.27902
1506	0.2795
1507	0.27998
1508	0.28044
1509	0.2809
1510	0.28135
1511	0.28178
1512	0.28222
1513	0.28266
1514	0.2831
1515	0.28354
1516	0.28397
1517	0.2844
1518	0.28483
1519	0.28526
1520	0.28569
1521	0.2861
1522	0.28651
1523	0.28691
1524	0.2873
1525	0.2877
1526	0.2881
1527	0.28849
1528	0.28889
1529	0.28928
1530	0.28967
1531	0.29005
1532	0.29042
1533	0.2908
1534	0.29116
1535	0.29153
1536	0.29189
1537	0.29225
1538	0.29261
1539	0.29298
1540	0.29334
1541	0.2937
1542	0.29406
1543	0.29442
1544	0.29478
1545	0.29514
1546	0.29549
1547	0.29584
1548	0.29618
1549	0.29652
1550	0.29685
1551	0.29718
1552	0.29751
1553	0.29783
1554	0.29815
1555	0.29845
1556	0.29875
1557	0.29905
1558	0.29934
1559	0.29963
1560	0.29991
1561	0.3002
1562	0.30049
1563	0.30078
1564	0.30106
1565	0.30135
1566	0.30163
1567	0.3019
1568	0.30217
1569	0.30244
1570	0.30271
1571	0.30298
1572	0.30325
1573	0.30353
1574	0.30381
1575	0.3041
1576	0.30438
1577	0.30466
1578	0.30494
1579	0.30521
1580	0.30547
1581	0.30573
1582	0.30598
1583	0.30624
1584	0.3065
1585	0.30675
1586	0.30701
1587	0.30726
1588	0.30751
1589	0.30776
1590	0.30801
1591	0.30825
1592	0.30849
1593	0.30872
1594	0.30895
1595	0.30918
1596	0.30941
1597	0.30963
1598	0.30985
1599	0.31007
1600	0.31029
1601	0.31051
1602	0.31074
1603	0.31097
1604	0.3112
1605	0.31142
1606	0.31165
1607	0.31187
1608	0.3121
1609	0.31231
1610	0.31252
1611	0.31273
1612	0.31294
1613	0.31315
1614	0.31335
1615	0.31355
1616	0.31375
1617	0.31395
1618	0.31414
1619	0.31433
1620	0.31452
1621	0.31471
1622	0.31489
1623	0.31507
1624	0.31524
1625	0.31542
1626	0.3156
1627	0.31578
1628	0.31595
1629	0.31613
1630	0.3163
1631	0.31646
1632	0.31662
1633	0.31676
1634	0.31691
1635	0.31705
1636	0.31718
1637	0.31731
1638	0.31743
1639	0.31755
1640	0.31768
1641	0.31779
1642	0.31791
1643	0.31803
1644	0.31814
1645	0.31825
1646	0.31836
1647	0.31846
1648	0.31855
1649	0.31864
1650	0.31873
1651	0.31881
1652	0.31888
1653	0.31895
1654	0.31901
1655	0.31907
1656	0.31913
1657	0.31918
1658	0.31922
1659	0.31927
1660	0.31931
1661	0.31935
1662	0.31937
1663	0.31939
1664	0.3194
1665	0.31941
1666	0.31942
1667	0.31942
1668	0.31943
1669	0.31945
1670	0.31946
1671	0.31948
1672	0.3195
1673	0.31952
1674	0.31953
1675	0.31953
1676	0.31954
1677	0.31954
1678	0.31954
1679	0.31954
1680	0.31954
1681	0.31954
1682	0.31953
1683	0.31952
1684	0.3195
1685	0.31947
1686	0.31945
1687	0.31942
1688	0.31939
1689	0.31935
1690	0.31931
1691	0.31926
1692	0.3192
1693	0.31914
1694	0.31907
1695	0.31901
1696	0.31895
1697	0.31889
1698	0.31881
1699	0.31874
1700	0.31867
1701	0.3186
1702	0.31853
1703	0.31845
1704	0.31836
1705	0.31828
1706	0.31818
1707	0.31807
1708	0.31796
1709	0.31784
1710	0.31772
1711	0.31761
1712	0.31748
1713	0.31736
1714	0.31723
1715	0.31709
1716	0.31695
1717	0.3168
1718	0.31666
1719	0.31653
1720	0.31639
1721	0.31625
1722	0.31612
1723	0.31599
1724	0.31587
1725	0.31575
1726	0.31563
1727	0.31552
1728	0.31542
1729	0.31533
1730	0.31525
1731	0.31517
1732	0.3151
1733	0.31505
1734	0.315
1735	0.31494
1736	0.31489
1737	0.31483
1738	0.31477
1739	0.31471
1740	0.31464
1741	0.31456
1742	0.31448
1743	0.31438
1744	0.31428
1745	0.31416
1746	0.31403
1747	0.31389
1748	0.31375
1749	0.3136
1750	0.31345
1751	0.31329
1752	0.31314
1753	0.313
1754	0.31285
1755	0.31271
1756	0.31257
1757	0.31244
1758	0.31231
1759	0.31218
1760	0.31207
1761	0.31195
1762	0.31186
1763	0.31179
1764	0.31171
1765	0.31166
1766	0.31161
1767	0.31156
1768	0.31152
1769	0.31148
1770	0.31143
1771	0.31137
1772	0.31132
1773	0.31125
1774	0.31119
1775	0.31113
1776	0.31107
1777	0.31102
1778	0.31099
1779	0.31097
1780	0.31095
1781	0.31093
1782	0.31091
1783	0.31087
1784	0.31083
1785	0.31077
1786	0.31072
1787	0.31063
1788	0.31053
1789	0.31043
1790	0.31031
1791	0.31022
1792	0.31015
1793	0.31007
1794	0.30998
1795	0.30986
1796	0.30971
1797	0.30946
1798	0.30919
1799	0.30878
1800	0.30827
1801	0.30766
1802	0.30699
1803	0.30624
1804	0.3055
1805	0.30463
1806	0.30376
1807	0.30289
1808	0.30201
1809	0.30114
1810	0.30027
1811	0.2994
1812	0.29853
1813	0.29766
1814	0.29679
1815	0.29592
1816	0.29505
1817	0.29418
1818	0.29331
1819	0.29243
1820	0.29156
1821	0.29069
1822	0.28982
1823	0.28895
1824	0.28808
1825	0.28721
1826	0.28634
1827	0.28547
1828	0.2846
1829	0.28373
1830	0.28285
1831	0.28198
1832	0.28111
1833	0.28024
1834	0.27937
1835	0.2785
1836	0.27763
1837	0.27676
1838	0.27589
1839	0.27502
1840	0.27415
1841	0.27327
1842	0.2724
1843	0.27153
1844	0.27066
1845	0.26979
1846	0.26892
1847	0.26805
1848	0.26718
1849	0.26631
1850	0.26544
1851	0.26457
1852	0.26369
1853	0.26282
1854	0.26195
1855	0.26108
1856	0.26021
1857	0.25934
1858	0.25847
1859	0.2576
1860	0.25673
1861	0.25586
1862	0.25499
1863	0.25411
1864	0.25324
1865	0.25237
1866	0.2515
1867	0.25063
1868	0.24976
1869	0.24889
1870	0.24802
1871	0.24715
1872	0.24628
1873	0.24541
1874	0.24453
1875	0.24366
1876	0.24279
1877	0.24192
1878	0.24105
1879	0.24018
1880	0.23931
1881	0.23844
1882	0.23757
1883	0.2367
1884	0.23583
1885	0.23495
1886	0.23408
1887	0.23321
1888	0.23234
1889	0.23147
1890	0.2306
1891	0.22973
1892	0.22886
1893	0.22799
1894	0.22712
1895	0.22625
1896	0.22537
1897	0.2245
1898	0.22363
1899	0.22276
1900	0.22189
1901	0.22102
1902	0.22015
1903	0.21928
1904	0.21841
1905	0.21754
1906	0.21667
1907	0.21579
1908	0.21492
1909	0.21405
1910	0.21318
1911	0.21231
1912	0.21144
1913	0.21057
1914	0.2097
1915	0.20883
1916	0.20796
1917	0.20709
1918	0.20621
1919	0.20534
1920	0.20447
1921	0.2036
1922	0.20273
1923	0.20186
1924	0.20099
1925	0.20012
1926	0.19925
1927	0.19838
1928	0.19751
1929	0.19663
1930	0.19576
1931	0.19489
1932	0.19402
1933	0.19315
1934	0.19228
1935	0.19141
1936	0.19054
1937	0.18967
1938	0.1888
1939	0.18793
1940	0.18705
1941	0.18618
1942	0.18531
1943	0.18444
1944	0.18357
1945	0.1827
1946	0.18183
1947	0.18103
1948	0.18056
1949	0.18038
1950	0.18045
1951	0.18075
1952	0.18134
1953	0.18201
1954	0.18281
1955	0.18343
1956	0.18403
1957	0.18465
1958	0.18532
1959	0.18604
1960	0.18693
1961	0.18789
1962	0.18886
1963	0.18975
1964	0.19059
1965	0.19135
1966	0.192
1967	0.1926
1968	0.19315
1969	0.19377
1970	0.19444
1971	0.19511
1972	0.19582
1973	0.19655
1974	0.19727
1975	0.198
1976	0.19871
1977	0.1994
1978	0.20006
1979	0.20069
1980	0.2013
1981	0.20191
1982	0.2025
1983	0.20312
1984	0.20374
1985	0.20433
1986	0.20492
1987	0.20549
1988	0.20605
1989	0.2066
1990	0.20713
1991	0.20764
1992	0.20812
1993	0.20858
1994	0.20899
1995	0.20937
1996	0.20969
1997	0.20998
1998	0.21031
1999	0.21074
2000	0.21124
2001	0.21185
2002	0.21257
2003	0.21335
2004	0.21422
2005	0.21518
2006	0.21618
2007	0.21723
2008	0.21828
2009	0.21927
2010	0.22032
2011	0.22135
2012	0.22233
2013	0.22327
2014	0.22418
2015	0.22508
2016	0.22602
2017	0.22694
2018	0.22784
2019	0.2287
2020	0.2295
2021	0.23026
2022	0.23097
2023	0.23162
2024	0.23223
2025	0.23277
2026	0.23328
2027	0.23377
2028	0.23425
2029	0.23473
2030	0.23518
2031	0.23562
2032	0.23605
2033	0.23645
2034	0.23684
2035	0.23723
2036	0.23759
2037	0.23794
2038	0.23828
2039	0.23863
2040	0.23898
2041	0.23934
2042	0.23967
2043	0.24
2044	0.24033
2045	0.24067
2046	0.241
2047	0.24135
2048	0.24173
2049	0.24211
2050	0.24251
2051	0.24294
2052	0.24337
2053	0.24378
2054	0.24418
2055	0.24459
2056	0.245
2057	0.24541
2058	0.24581
2059	0.24619
2060	0.24661
2061	0.24703
2062	0.24743
2063	0.24781
2064	0.24818
2065	0.24853
2066	0.24889
2067	0.24923
2068	0.24954
2069	0.24986
2070	0.25019
2071	0.25053
2072	0.25091
2073	0.25131
2074	0.2517
2075	0.2521
2076	0.25248
2077	0.25284
2078	0.25318
2079	0.25348
2080	0.25378
2081	0.25409
2082	0.2544
2083	0.25472
2084	0.25505
2085	0.25539
2086	0.25572
2087	0.25604
2088	0.25636
2089	0.25667
2090	0.25696
2091	0.25725
2092	0.25754
2093	0.25783
2094	0.25813
2095	0.25841
2096	0.25869
2097	0.25896
2098	0.2592
2099	0.25943
2100	0.25964
2101	0.25983
2102	0.26003
2103	0.26023
2104	0.26044
2105	0.26067
2106	0.26091
2107	0.26118
2108	0.26148
2109	0.26178
2110	0.26208
2111	0.26237
2112	0.26263
2113	0.26287
2114	0.2631
2115	0.26332
2116	0.26355
2117	0.2638
2118	0.26406
2119	0.26433
2120	0.2646
2121	0.26487
2122	0.2651
2123	0.2653
2124	0.26547
2125	0.26561
2126	0.26573
2127	0.26584
2128	0.26594
2129	0.26604
2130	0.26616
2131	0.26628
2132	0.2664
2133	0.2665
2134	0.26656
2135	0.26659
2136	0.26659
2137	0.26655
2138	0.2665
2139	0.26643
2140	0.26634
2141	0.26625
2142	0.26615
2143	0.26604
2144	0.26591
2145	0.26577
2146	0.26561
2147	0.26543
2148	0.26526
2149	0.26509
2150	0.26492
2151	0.26476
2152	0.26459
2153	0.26443
2154	0.26426
2155	0.26407
2156	0.26388
2157	0.26369
2158	0.26351
2159	0.26334
2160	0.26318
2161	0.263
2162	0.26283
2163	0.26264
2164	0.26244
2165	0.26223
2166	0.26204
2167	0.26187
2168	0.26175
2169	0.26167
2170	0.26162
2171	0.26158
2172	0.26154
2173	0.26148
2174	0.26142
2175	0.26131
2176	0.26118
2177	0.26105
2178	0.2609
2179	0.26074
2180	0.26057
2181	0.2604
2182	0.26021
2183	0.26002
2184	0.25983
2185	0.25963
2186	0.25943
2187	0.25922
2188	0.25898
2189	0.25872
2190	0.25844
2191	0.25813
2192	0.2578
2193	0.25746
2194	0.25709
2195	0.25671
2196	0.25634
2197	0.25595
2198	0.25554
2199	0.25511
2200	0.25466
2201	0.2542
2202	0.25375
2203	0.25334
2204	0.25296
2205	0.25261
2206	0.25233
2207	0.25216
2208	0.25208
2209	0.25208
2210	0.25217
2211	0.25232
2212	0.25254
2213	0.25278
2214	0.25303
2215	0.2533
2216	0.25359
2217	0.25386
2218	0.25414
2219	0.25443
2220	0.25468
2221	0.2549
2222	0.25512
2223	0.25528
2224	0.25538
2225	0.25541
2226	0.25537
2227	0.25529
2228	0.25518
2229	0.255
2230	0.2548
2231	0.25458
2232	0.25433
2233	0.25409
2234	0.25384
2235	0.25355
2236	0.25324
2237	0.25293
2238	0.25261
2239	0.25229
2240	0.25196
2241	0.25165
2242	0.25134
2243	0.25103
2244	0.25067
2245	0.25023
2246	0.24976
2247	0.24926
2248	0.24871
2249	0.24812
2250	0.24751
2251	0.24691
2252	0.24636
2253	0.24586
2254	0.24536
2255	0.24484
2256	0.24435
2257	0.24387
2258	0.2434
2259	0.24291
2260	0.2424
2261	0.24187
2262	0.24135
2263	0.24082
2264	0.24028
2265	0.23972
2266	0.23913
2267	0.23852
2268	0.23791
2269	0.23732
2270	0.23676
2271	0.23619
2272	0.23558
2273	0.235
2274	0.23439
2275	0.23379
2276	0.23323
2277	0.23265
2278	0.23208
2279	0.23155
2280	0.231
2281	0.23049
2282	0.23001
2283	0.22948
2284	0.22894
2285	0.22838
2286	0.22779
2287	0.22721
2288	0.2267
2289	0.22617
2290	0.22558
2291	0.22499
2292	0.2244
2293	0.2238
2294	0.22323
2295	0.22269
2296	0.22217
2297	0.22171
2298	0.22126
2299	0.22079
2300	0.22039
2301	0.22
2302	0.21954
2303	0.21911
2304	0.21868
2305	0.21822
2306	0.21778
2307	0.21733
2308	0.21687
2309	0.21646
2310	0.21602
2311	0.21556
2312	0.21517
2313	0.21482
2314	0.21449
2315	0.21418
2316	0.21381
2317	0.21338
2318	0.21294
2319	0.2125
2320	0.21203
2321	0.21151
2322	0.21096
2323	0.21042
2324	0.20993
2325	0.20944
2326	0.20893
2327	0.2084
2328	0.20788
2329	0.20737
2330	0.20683
2331	0.20625
2332	0.20567
2333	0.20512
2334	0.20458
2335	0.20409
2336	0.20362
2337	0.20317
2338	0.20282
2339	0.2025
2340	0.20218
2341	0.2019
2342	0.20166
2343	0.20145
2344	0.20132
2345	0.20124
2346	0.20122
2347	0.20126
2348	0.20132
2349	0.20147
2350	0.20178
2351	0.20214
2352	0.20263
2353	0.20318
2354	0.20369
2355	0.20427
2356	0.2048
2357	0.20524
2358	0.20566
2359	0.20599
2360	0.20629
2361	0.20668
2362	0.20717
2363	0.20766
2364	0.20815
2365	0.20857
2366	0.20883
2367	0.20905
2368	0.20927
2369	0.20938
2370	0.20949
2371	0.2096
2372	0.2097
2373	0.20991
2374	0.21011
2375	0.21016
2376	0.20998
2377	0.20968
2378	0.20938
2379	0.20904
2380	0.20874
2381	0.20849
2382	0.20832
2383	0.20834
2384	0.20842
2385	0.20848
2386	0.20853
2387	0.20849
2388	0.20841
2389	0.20828
2390	0.20808
2391	0.2078
2392	0.20744
2393	0.20705
2394	0.20666
2395	0.20625
2396	0.20576
2397	0.20537
2398	0.20499
2399	0.20461
2400	0.20431
2401	0.20395
2402	0.2035
2403	0.20313
2404	0.20265
2405	0.2022
2406	0.20172
2407	0.20105
2408	0.20039
2409	0.19972
2410	0.19904
2411	0.19837
2412	0.1975
2413	0.19653
2414	0.19551
2415	0.19445
2416	0.19352
2417	0.19263
2418	0.19174
2419	0.19105
2420	0.19052
2421	0.19014
2422	0.18982
2423	0.18944
2424	0.18904
2425	0.18863
2426	0.1882
2427	0.18782
2428	0.1874
2429	0.18687
2430	0.18608
2431	0.18499
2432	0.18394
2433	0.18297
2434	0.18216
2435	0.18154
2436	0.18091
2437	0.18046
2438	0.1802
2439	0.17994
2440	0.17965
2441	0.17905
2442	0.17823
2443	0.1775
2444	0.1768
2445	0.17612
2446	0.17545
2447	0.17479
2448	0.17427
2449	0.17388
2450	0.17359
2451	0.17342
2452	0.17337
2453	0.17337
2454	0.17337
2455	0.17337
2456	0.17336
2457	0.17336
2458	0.17336
2459	0.17336
2460	0.17336
2461	0.17336
2462	0.17336
2463	0.17336
2464	0.17336
2465	0.17336
2466	0.17336
2467	0.17336
2468	0.17336
2469	0.17336
2470	0.17336
2471	0.17336
2472	0.17335
2473	0.17335
2474	0.17335
2475	0.17335
2476	0.17335
2477	0.17335
2478	0.17335
2479	0.17335
2480	0.17335
