*Name: Leaf bot
Type: Leaf Spectrum

Origin: Remote Sensing Laboratories, University of Zurich

Description: abaxial reflectance, adaxial reflectance, and adaxial transmittance

Measurement: Hemispherical Conical Reflectance Factor HCRF measured by ASD Integrating Sphere

Wavelength [nm]	abaxial Reflectance [0 1]	adaxial Reflectance [0 1]	adaxial Transmittance [0 1]
370	0.011534	0.010812	-0.00051116
371	0.016174	0.015313	-0.00021297
372	0.019998	0.019225	-0.00098898
373	0.024149	0.023338	-5.5393e-05
374	0.028171	0.027232	0.0017265
375	0.03146	0.030394	0.003528
376	0.033071	0.032074	0.0048029
377	0.033616	0.032809	0.0072231
378	0.032732	0.032178	0.010119
379	0.033268	0.032623	0.010612
380	0.033772	0.033262	0.011879
381	0.033502	0.032991	0.011499
382	0.033172	0.03257	0.010597
383	0.033655	0.033006	0.010411
384	0.033839	0.033233	0.009618
385	0.033348	0.032939	0.0076785
386	0.032441	0.03216	0.0050022
387	0.03301	0.03259	0.0052775
388	0.033744	0.033183	0.0057591
389	0.033889	0.033268	0.005415
390	0.033982	0.033458	0.0062186
391	0.034625	0.034165	0.0083406
392	0.035082	0.034639	0.009611
393	0.035676	0.035265	0.010559
394	0.036435	0.036102	0.011805
395	0.036927	0.036643	0.012641
396	0.037244	0.036997	0.013345
397	0.037527	0.037375	0.013788
398	0.037795	0.037769	0.014082
399	0.038171	0.038179	0.014377
400	0.038222	0.038189	0.013849
401	0.038394	0.038385	0.013738
402	0.038172	0.038186	0.01306
403	0.03778	0.037771	0.012248
404	0.037667	0.037615	0.012223
405	0.037315	0.037213	0.011533
406	0.03696	0.036846	0.010758
407	0.037245	0.037175	0.011127
408	0.03715	0.037124	0.010659
409	0.03687	0.036894	0.0099594
410	0.036938	0.037005	0.010036
411	0.037196	0.037298	0.010394
412	0.037643	0.037738	0.011083
413	0.038153	0.038226	0.011861
414	0.038231	0.038346	0.011849
415	0.038299	0.038456	0.011885
416	0.038471	0.038649	0.012118
417	0.038571	0.038736	0.012277
418	0.038562	0.03872	0.012237
419	0.038605	0.038779	0.012332
420	0.0387	0.038883	0.012548
421	0.0389	0.039082	0.012849
422	0.038885	0.039066	0.012784
423	0.038896	0.039076	0.012806
424	0.03911	0.039276	0.013194
425	0.039201	0.039345	0.013363
426	0.039247	0.039358	0.01342
427	0.039328	0.039425	0.013578
428	0.039396	0.039491	0.013679
429	0.039487	0.039581	0.01375
430	0.039491	0.039599	0.013675
431	0.03937	0.039499	0.013475
432	0.039437	0.039594	0.013653
433	0.039597	0.039779	0.014052
434	0.039748	0.039918	0.014383
435	0.039858	0.040017	0.014595
436	0.040017	0.040174	0.014905
437	0.04021	0.04037	0.0153
438	0.040387	0.040549	0.015649
439	0.040543	0.040699	0.015926
440	0.040629	0.040767	0.016056
441	0.040637	0.040766	0.016073
442	0.040632	0.040745	0.016005
443	0.040639	0.04074	0.01595
444	0.040538	0.040634	0.015806
445	0.04044	0.040527	0.01573
446	0.04038	0.040463	0.015749
447	0.040373	0.040469	0.015936
448	0.040423	0.040521	0.016191
449	0.040475	0.040578	0.016468
450	0.040516	0.040633	0.016729
451	0.040589	0.040714	0.017052
452	0.040775	0.040907	0.017562
453	0.041006	0.041152	0.018139
454	0.041164	0.041316	0.018535
455	0.04123	0.041392	0.018748
456	0.041271	0.041441	0.018913
457	0.041404	0.04157	0.01923
458	0.04146	0.041615	0.019458
459	0.04148	0.041626	0.019612
460	0.041509	0.041641	0.019742
461	0.041497	0.041637	0.019843
462	0.041443	0.041594	0.019844
463	0.041424	0.041571	0.019841
464	0.041392	0.041549	0.019799
465	0.041395	0.041565	0.01985
466	0.041438	0.041618	0.019986
467	0.041534	0.041742	0.020196
468	0.041604	0.041824	0.020318
469	0.04164	0.041852	0.020368
470	0.041655	0.041859	0.020364
471	0.041753	0.041944	0.020531
472	0.041813	0.041992	0.020691
473	0.041845	0.042011	0.020804
474	0.041824	0.041975	0.020828
475	0.041786	0.041939	0.020843
476	0.041849	0.041997	0.020993
477	0.041922	0.042056	0.021134
478	0.041918	0.042061	0.021183
479	0.041896	0.042051	0.021238
480	0.041909	0.042074	0.021368
481	0.041946	0.04213	0.021521
482	0.041948	0.042138	0.021595
483	0.041935	0.042121	0.021629
484	0.041953	0.042147	0.021694
485	0.042027	0.042229	0.021876
486	0.042078	0.042291	0.022021
487	0.042118	0.042349	0.022152
488	0.042135	0.042377	0.022244
489	0.04222	0.042454	0.022399
490	0.042415	0.042641	0.02278
491	0.04253	0.04275	0.023053
492	0.042593	0.042811	0.023262
493	0.042676	0.042898	0.023549
494	0.042801	0.043022	0.023941
495	0.042943	0.043166	0.024389
496	0.043107	0.04334	0.024912
497	0.043295	0.043533	0.025496
498	0.043518	0.043764	0.026141
499	0.043751	0.044007	0.026817
500	0.043989	0.04426	0.02753
501	0.044271	0.044559	0.028357
502	0.044582	0.044875	0.029244
503	0.044973	0.045259	0.030302
504	0.045453	0.04574	0.0316
505	0.045921	0.046203	0.032888
506	0.046378	0.04666	0.034222
507	0.046913	0.047193	0.035766
508	0.047509	0.04778	0.03749
509	0.048161	0.04843	0.039392
510	0.048823	0.049098	0.041394
511	0.049519	0.049792	0.043512
512	0.050285	0.050552	0.045798
513	0.051138	0.051406	0.048295
514	0.052036	0.052304	0.050929
515	0.052969	0.053235	0.05368
516	0.05398	0.054239	0.056599
517	0.055128	0.055376	0.059784
518	0.056358	0.056591	0.063134
519	0.057581	0.057805	0.066513
520	0.058853	0.059064	0.069999
521	0.060213	0.060403	0.073627
522	0.061615	0.061786	0.077314
523	0.063024	0.063179	0.080993
524	0.064421	0.064559	0.084602
525	0.065843	0.065959	0.088172
526	0.06726	0.06735	0.091673
527	0.068647	0.068721	0.095066
528	0.069969	0.070025	0.098266
529	0.071255	0.071287	0.10131
530	0.072506	0.072521	0.10421
531	0.073712	0.07371	0.10696
532	0.074817	0.074799	0.10949
533	0.07581	0.075776	0.11177
534	0.076757	0.076704	0.1139
535	0.077605	0.077542	0.11582
536	0.078322	0.078252	0.11749
537	0.078939	0.078868	0.11896
538	0.079484	0.079417	0.12025
539	0.079935	0.07987	0.12134
540	0.080288	0.080227	0.12225
541	0.08058	0.08053	0.12303
542	0.08086	0.080828	0.12376
543	0.081123	0.081108	0.12442
544	0.081374	0.08138	0.12504
545	0.081651	0.081678	0.12568
546	0.081916	0.081961	0.12629
547	0.082184	0.082251	0.12691
548	0.082455	0.08255	0.12751
549	0.08272	0.082843	0.12812
550	0.082958	0.083097	0.1287
551	0.083174	0.08333	0.12924
552	0.08335	0.083523	0.12971
553	0.083457	0.083644	0.13006
554	0.083509	0.08371	0.13028
555	0.083522	0.083739	0.13042
556	0.083468	0.083703	0.13043
557	0.08332	0.083572	0.13025
558	0.083119	0.083385	0.12993
559	0.082838	0.083121	0.12945
560	0.082445	0.082749	0.12876
561	0.081988	0.082319	0.12791
562	0.081478	0.081833	0.12693
563	0.080913	0.08129	0.12583
564	0.080283	0.08068	0.12458
565	0.079575	0.07999	0.12316
566	0.078809	0.079245	0.1216
567	0.077993	0.078449	0.1199
568	0.077133	0.0776	0.11808
569	0.076237	0.076716	0.11616
570	0.075298	0.075789	0.11413
571	0.074353	0.074851	0.11205
572	0.073389	0.073891	0.10992
573	0.072408	0.072914	0.10774
574	0.071452	0.07196	0.10559
575	0.070544	0.071058	0.10351
576	0.069695	0.070215	0.10153
577	0.068905	0.069434	0.099648
578	0.068142	0.068678	0.097828
579	0.067395	0.067938	0.096063
580	0.066703	0.067253	0.094409
581	0.066092	0.066647	0.092901
582	0.065496	0.066053	0.091446
583	0.064922	0.065487	0.090067
584	0.064391	0.064961	0.088788
585	0.063894	0.064468	0.087586
586	0.063414	0.063992	0.086445
587	0.062978	0.063557	0.085391
588	0.062547	0.063129	0.084366
589	0.062168	0.062758	0.083446
590	0.061853	0.062451	0.082641
591	0.061584	0.062186	0.081924
592	0.061325	0.06193	0.081254
593	0.061091	0.061698	0.080645
594	0.060904	0.061511	0.080125
595	0.060765	0.061371	0.079703
596	0.060604	0.06121	0.079283
597	0.06045	0.061056	0.078904
598	0.060298	0.060905	0.078548
599	0.06015	0.06076	0.078199
600	0.060011	0.060624	0.077859
601	0.059852	0.060466	0.077487
602	0.05966	0.060277	0.077045
603	0.059493	0.060114	0.076619
604	0.059343	0.059964	0.076195
605	0.059185	0.059807	0.075739
606	0.058999	0.059622	0.075219
607	0.058781	0.059404	0.074616
608	0.058543	0.059168	0.073957
609	0.058298	0.058927	0.073271
610	0.058052	0.058684	0.072562
611	0.057754	0.058389	0.071764
612	0.05743	0.058068	0.070912
613	0.057121	0.057759	0.070056
614	0.056801	0.05744	0.069168
615	0.056462	0.057098	0.068249
616	0.056123	0.056757	0.067327
617	0.055807	0.05644	0.066436
618	0.055508	0.05614	0.065578
619	0.055217	0.055851	0.064751
620	0.054935	0.05557	0.06396
621	0.054653	0.055287	0.06318
622	0.054403	0.055039	0.062479
623	0.05421	0.054849	0.061902
624	0.054057	0.054698	0.061409
625	0.053912	0.054551	0.060956
626	0.053813	0.054446	0.060592
627	0.053737	0.054368	0.060293
628	0.05366	0.054293	0.060037
629	0.0536	0.054234	0.05985
630	0.053587	0.05422	0.059754
631	0.053602	0.054237	0.059706
632	0.053599	0.054237	0.059635
633	0.053557	0.054192	0.059498
634	0.053478	0.05411	0.059294
635	0.053353	0.053985	0.058982
636	0.0532	0.05383	0.058584
637	0.053023	0.053653	0.058085
638	0.052808	0.053436	0.057448
639	0.052559	0.053181	0.05669
640	0.052247	0.052861	0.055771
641	0.051895	0.052506	0.054735
642	0.051531	0.05214	0.053632
643	0.051168	0.051773	0.05247
644	0.050823	0.051421	0.051286
645	0.050462	0.051055	0.050052
646	0.050076	0.050663	0.048762
647	0.049692	0.050271	0.047478
648	0.049329	0.049906	0.046261
649	0.04899	0.049562	0.045118
650	0.048689	0.049252	0.044071
651	0.048427	0.048981	0.043126
652	0.048202	0.048742	0.042288
653	0.048025	0.04855	0.041594
654	0.04786	0.048371	0.040957
655	0.047735	0.048232	0.040398
656	0.047659	0.048145	0.039918
657	0.047581	0.048054	0.039431
658	0.047498	0.047953	0.038917
659	0.047409	0.047846	0.03835
660	0.047296	0.047717	0.037701
661	0.047168	0.047571	0.036985
662	0.047012	0.04739	0.036182
663	0.046848	0.047198	0.035321
664	0.046678	0.046997	0.03441
665	0.0465	0.04678	0.033457
666	0.046323	0.046563	0.032481
667	0.046188	0.046385	0.031563
668	0.046087	0.046236	0.030676
669	0.046039	0.046137	0.029866
670	0.046062	0.046105	0.029178
671	0.046115	0.046096	0.028556
672	0.046206	0.046119	0.028003
673	0.046357	0.046199	0.027545
674	0.046536	0.046304	0.027144
675	0.046737	0.046425	0.026779
676	0.047003	0.046606	0.026508
677	0.047313	0.046827	0.026298
678	0.047635	0.047058	0.02611
679	0.047991	0.047315	0.025956
680	0.048381	0.047604	0.025859
681	0.048827	0.047947	0.02588
682	0.049322	0.048342	0.026019
683	0.049882	0.048809	0.026335
684	0.050502	0.049343	0.026878
685	0.051161	0.049926	0.027662
686	0.051853	0.050558	0.028724
687	0.052605	0.051269	0.030163
688	0.053417	0.05206	0.03203
689	0.0543	0.052945	0.034372
690	0.055313	0.053979	0.037321
691	0.056456	0.055159	0.0409
692	0.057779	0.056531	0.045177
693	0.059338	0.058144	0.050215
694	0.061168	0.060033	0.056051
695	0.063308	0.062234	0.06269
696	0.065777	0.064762	0.070094
697	0.068623	0.067662	0.078258
698	0.071847	0.070934	0.087094
699	0.075458	0.074586	0.096542
700	0.079426	0.07859	0.10646
701	0.083715	0.082914	0.11674
702	0.088288	0.08752	0.12725
703	0.093091	0.092355	0.13785
704	0.098088	0.097382	0.14848
705	0.10322	0.10255	0.15904
706	0.10845	0.1078	0.16943
707	0.11373	0.1131	0.17961
708	0.11904	0.11844	0.18956
709	0.12436	0.12377	0.19927
710	0.12966	0.12909	0.20872
711	0.13498	0.13442	0.21796
712	0.1403	0.13975	0.22698
713	0.14563	0.14508	0.23586
714	0.15097	0.15042	0.24456
715	0.15631	0.15575	0.25308
716	0.16167	0.16109	0.26147
717	0.16704	0.16644	0.26972
718	0.17239	0.17176	0.27784
719	0.17773	0.17707	0.2858
720	0.18304	0.18235	0.29362
721	0.18833	0.1876	0.30129
722	0.19357	0.1928	0.3088
723	0.19875	0.19795	0.31615
724	0.20387	0.20303	0.32332
725	0.20891	0.20802	0.33028
726	0.21384	0.21292	0.33705
727	0.21868	0.21772	0.34361
728	0.22339	0.22239	0.34994
729	0.22797	0.22692	0.35602
730	0.23239	0.2313	0.36184
731	0.23666	0.23552	0.36742
732	0.24078	0.23959	0.37276
733	0.24473	0.2435	0.37785
734	0.2485	0.24722	0.38267
735	0.2521	0.25078	0.38725
736	0.25552	0.25416	0.39159
737	0.25876	0.25737	0.39568
738	0.26182	0.2604	0.39952
739	0.2647	0.26325	0.40311
740	0.2674	0.26593	0.40649
741	0.26992	0.26844	0.40963
742	0.27226	0.27078	0.41256
743	0.27443	0.27294	0.41525
744	0.27641	0.27493	0.41773
745	0.27823	0.27677	0.42004
746	0.2799	0.27847	0.42217
747	0.28142	0.28001	0.42413
748	0.28278	0.28141	0.42592
749	0.28401	0.28269	0.42756
750	0.28511	0.28385	0.42906
751	0.28608	0.28487	0.43039
752	0.28694	0.28579	0.4316
753	0.2877	0.28661	0.43268
754	0.28836	0.28734	0.43364
755	0.28895	0.28799	0.43452
756	0.28946	0.28858	0.4353
757	0.28991	0.28909	0.436
758	0.29029	0.28954	0.43663
759	0.29063	0.28995	0.43721
760	0.29093	0.29031	0.43773
761	0.29119	0.29063	0.43819
762	0.2914	0.29091	0.43861
763	0.29158	0.29114	0.43897
764	0.29172	0.29134	0.43928
765	0.29183	0.29151	0.43956
766	0.29191	0.29165	0.43981
767	0.29196	0.29175	0.44001
768	0.29199	0.29184	0.4402
769	0.292	0.29191	0.44037
770	0.292	0.29197	0.44052
771	0.29198	0.29201	0.44065
772	0.29197	0.29205	0.44079
773	0.29196	0.29208	0.44092
774	0.29194	0.29212	0.44104
775	0.29192	0.29214	0.44114
776	0.2919	0.29216	0.44124
777	0.29188	0.29218	0.44134
778	0.29188	0.29221	0.44145
779	0.29188	0.29224	0.44156
780	0.29187	0.29226	0.44166
781	0.29187	0.29229	0.44177
782	0.29189	0.29233	0.44189
783	0.29192	0.29237	0.44202
784	0.29195	0.29242	0.44213
785	0.29197	0.29246	0.44224
786	0.29201	0.29252	0.44236
787	0.29206	0.29258	0.44248
788	0.29211	0.29265	0.44261
789	0.29216	0.29271	0.44274
790	0.29222	0.29279	0.44289
791	0.29229	0.29288	0.44305
792	0.29235	0.29295	0.4432
793	0.29241	0.29302	0.44335
794	0.29249	0.2931	0.4435
795	0.29257	0.29319	0.44367
796	0.29265	0.29328	0.44385
797	0.29274	0.29336	0.44402
798	0.29283	0.29346	0.44417
799	0.29291	0.29354	0.44432
800	0.29299	0.29363	0.44449
801	0.29309	0.29373	0.44466
802	0.29318	0.29383	0.44482
803	0.29327	0.29393	0.445
804	0.29337	0.29404	0.44518
805	0.29347	0.29415	0.44537
806	0.29355	0.29423	0.44553
807	0.29364	0.29432	0.44569
808	0.29374	0.29442	0.44586
809	0.29384	0.29451	0.44603
810	0.29393	0.29461	0.44618
811	0.29403	0.29471	0.44633
812	0.29414	0.29482	0.44648
813	0.29424	0.29492	0.44663
814	0.29434	0.29502	0.44678
815	0.29444	0.29512	0.44692
816	0.29454	0.29523	0.44705
817	0.29465	0.29534	0.44721
818	0.29476	0.29546	0.44737
819	0.29488	0.29559	0.44754
820	0.29498	0.29569	0.44769
821	0.29508	0.2958	0.44783
822	0.29518	0.2959	0.44797
823	0.29528	0.29601	0.44812
824	0.29538	0.29611	0.44827
825	0.29547	0.29621	0.44839
826	0.29557	0.29631	0.44852
827	0.29566	0.29641	0.44865
828	0.29575	0.2965	0.44878
829	0.29585	0.29659	0.44891
830	0.29596	0.2967	0.44905
831	0.29608	0.29682	0.4492
832	0.2962	0.29694	0.44934
833	0.29632	0.29706	0.44948
834	0.29642	0.29717	0.44961
835	0.29651	0.29727	0.44973
836	0.29661	0.29738	0.44987
837	0.2967	0.29748	0.44999
838	0.29678	0.29757	0.45009
839	0.29683	0.29763	0.45016
840	0.2969	0.2977	0.45024
841	0.29697	0.29778	0.45032
842	0.29704	0.29786	0.4504
843	0.29711	0.29793	0.45048
844	0.29719	0.29802	0.45059
845	0.29728	0.29812	0.45071
846	0.29736	0.29821	0.45083
847	0.29746	0.29831	0.45095
848	0.29755	0.29841	0.45107
849	0.29763	0.29851	0.45118
850	0.2977	0.29859	0.45128
851	0.29776	0.29865	0.45136
852	0.29781	0.29871	0.45144
853	0.29788	0.29879	0.45153
854	0.29795	0.29886	0.45162
855	0.29801	0.29892	0.45169
856	0.29804	0.29896	0.45174
857	0.29809	0.29902	0.4518
858	0.29817	0.29909	0.45188
859	0.29825	0.29917	0.45197
860	0.29834	0.29926	0.45205
861	0.29842	0.29935	0.45213
862	0.29849	0.29942	0.45219
863	0.29853	0.29947	0.45222
864	0.29855	0.2995	0.45226
865	0.29861	0.29956	0.45233
866	0.29868	0.29963	0.45242
867	0.29873	0.29969	0.45249
868	0.29875	0.29972	0.45256
869	0.29876	0.29973	0.45261
870	0.29879	0.29976	0.45265
871	0.29885	0.29983	0.45272
872	0.29891	0.29989	0.45279
873	0.29897	0.29995	0.45284
874	0.29903	0.30001	0.45289
875	0.29908	0.30007	0.45295
876	0.29911	0.30011	0.453
877	0.29915	0.30015	0.45305
878	0.29921	0.30022	0.4531
879	0.29928	0.30029	0.45316
880	0.29932	0.30035	0.45321
881	0.29934	0.30037	0.45321
882	0.29937	0.30041	0.45324
883	0.29942	0.30046	0.45328
884	0.29948	0.30052	0.45332
885	0.29953	0.30057	0.45335
886	0.29957	0.3006	0.45336
887	0.2996	0.30062	0.45338
888	0.29964	0.30066	0.45341
889	0.29971	0.30072	0.45348
890	0.29978	0.30079	0.45355
891	0.29984	0.30084	0.4536
892	0.29991	0.30092	0.45365
893	0.29996	0.30099	0.4537
894	0.30001	0.30104	0.45374
895	0.30007	0.30111	0.45379
896	0.30015	0.30119	0.45385
897	0.30021	0.30125	0.45388
898	0.30024	0.30127	0.45387
899	0.30025	0.30129	0.45384
900	0.30027	0.3013	0.45385
901	0.30029	0.30133	0.45386
902	0.30031	0.30135	0.45386
903	0.30036	0.3014	0.4539
904	0.30041	0.30144	0.45394
905	0.30044	0.30148	0.45397
906	0.30047	0.30151	0.454
907	0.30053	0.30157	0.45404
908	0.30059	0.30163	0.45409
909	0.30065	0.30168	0.45414
910	0.30074	0.30177	0.45421
911	0.30081	0.30185	0.45426
912	0.30085	0.30189	0.45427
913	0.30086	0.30189	0.45425
914	0.30088	0.30191	0.45426
915	0.30091	0.30193	0.45426
916	0.30095	0.30197	0.45425
917	0.301	0.302	0.45427
918	0.30105	0.30204	0.45428
919	0.3011	0.30209	0.45432
920	0.30117	0.30216	0.45438
921	0.30124	0.30224	0.45441
922	0.30127	0.30227	0.45442
923	0.30126	0.30228	0.45442
924	0.30128	0.30231	0.45443
925	0.30128	0.30233	0.45443
926	0.30125	0.3023	0.45439
927	0.3012	0.30224	0.45434
928	0.30121	0.30225	0.45434
929	0.30124	0.30227	0.45433
930	0.30126	0.3023	0.45435
931	0.30128	0.30232	0.45439
932	0.30137	0.30241	0.45449
933	0.30147	0.3025	0.4546
934	0.30155	0.30258	0.45467
935	0.30158	0.30261	0.45466
936	0.30157	0.30261	0.4546
937	0.30154	0.30258	0.45452
938	0.30152	0.30256	0.45443
939	0.30149	0.30253	0.45436
940	0.30143	0.30246	0.45426
941	0.30138	0.3024	0.45416
942	0.30135	0.30237	0.45409
943	0.30131	0.30234	0.45403
944	0.30126	0.30229	0.454
945	0.30122	0.30224	0.45398
946	0.30122	0.30222	0.45396
947	0.30117	0.30216	0.45387
948	0.3011	0.30209	0.45375
949	0.30103	0.30201	0.45364
950	0.30091	0.30189	0.45356
951	0.30083	0.3018	0.45349
952	0.30075	0.30171	0.45342
953	0.30062	0.30158	0.45332
954	0.30052	0.30147	0.45323
955	0.30046	0.30141	0.45315
956	0.30044	0.30137	0.45307
957	0.30041	0.30134	0.45296
958	0.30038	0.30132	0.45283
959	0.30034	0.30127	0.45268
960	0.30028	0.30121	0.45251
961	0.30023	0.30117	0.45235
962	0.30016	0.30111	0.45217
963	0.30009	0.30103	0.45205
964	0.30001	0.30094	0.45196
965	0.29989	0.30082	0.45184
966	0.29983	0.30076	0.45182
967	0.29983	0.30074	0.45186
968	0.29989	0.30077	0.45192
969	0.29998	0.30085	0.452
970	0.30011	0.30097	0.45212
971	0.30023	0.30111	0.45226
972	0.30032	0.30122	0.4524
973	0.30037	0.30129	0.45249
974	0.30039	0.30132	0.45252
975	0.30041	0.30133	0.45251
976	0.30038	0.30129	0.45246
977	0.3003	0.30122	0.4524
978	0.30019	0.30111	0.45231
979	0.30007	0.301	0.4522
980	0.30008	0.30098	0.4522
981	0.30013	0.30102	0.4522
982	0.30016	0.30104	0.45219
983	0.30018	0.30105	0.4522
984	0.30025	0.30113	0.45223
985	0.30033	0.30121	0.45228
986	0.30041	0.3013	0.45235
987	0.30053	0.30141	0.45247
988	0.30065	0.30152	0.45264
989	0.30077	0.30165	0.45286
990	0.3009	0.3018	0.45313
991	0.30102	0.30194	0.45337
992	0.3011	0.30203	0.45345
993	0.3013	0.30222	0.45366
994	0.30153	0.30243	0.45391
995	0.30175	0.30264	0.45413
996	0.30203	0.30292	0.45441
997	0.30223	0.3031	0.45455
998	0.30239	0.30324	0.45463
999	0.30247	0.30332	0.45466
1000	0.30251	0.30334	0.45469
1001	0.30254	0.30336	0.45477
1002	0.30259	0.3034	0.45492
1003	0.30263	0.30344	0.455
1004	0.30263	0.30344	0.45502
1005	0.30258	0.3034	0.45496
1006	0.30254	0.30335	0.45482
1007	0.30266	0.30344	0.45489
1008	0.30276	0.30354	0.45494
1009	0.30286	0.30362	0.45502
1010	0.303	0.30376	0.45517
1011	0.30306	0.30382	0.45527
1012	0.30312	0.30391	0.45543
1013	0.30314	0.30396	0.45556
1014	0.30318	0.30402	0.4557
1015	0.30324	0.30409	0.45593
1016	0.3033	0.30419	0.4562
1017	0.30337	0.30431	0.45642
1018	0.30343	0.30443	0.45661
1019	0.30351	0.30454	0.45675
1020	0.30362	0.30468	0.45685
1021	0.30372	0.3048	0.45688
1022	0.30379	0.30487	0.45689
1023	0.30383	0.3049	0.45689
1024	0.30388	0.30496	0.45693
1025	0.30399	0.30508	0.45703
1026	0.30413	0.3052	0.4571
1027	0.30426	0.30528	0.45711
1028	0.30439	0.30537	0.45718
1029	0.30454	0.3055	0.45734
1030	0.30471	0.30567	0.45751
1031	0.30489	0.30585	0.45766
1032	0.30506	0.306	0.45782
1033	0.30519	0.30613	0.45799
1034	0.30528	0.30623	0.45813
1035	0.30533	0.30626	0.45824
1036	0.30536	0.30628	0.45836
1037	0.30534	0.30628	0.45844
1038	0.30528	0.30625	0.45848
1039	0.30521	0.30618	0.45849
1040	0.30519	0.3061	0.45849
1041	0.30524	0.30609	0.45853
1042	0.30537	0.30617	0.4586
1043	0.30554	0.30631	0.45868
1044	0.30573	0.30645	0.45874
1045	0.30586	0.30656	0.45874
1046	0.30594	0.30665	0.45873
1047	0.30601	0.30677	0.45876
1048	0.30609	0.30691	0.45883
1049	0.30614	0.30704	0.4589
1050	0.30617	0.30717	0.45896
1051	0.30617	0.30727	0.459
1052	0.30617	0.30733	0.45911
1053	0.3062	0.30738	0.45929
1054	0.30632	0.30751	0.45954
1055	0.3065	0.3077	0.45979
1056	0.30668	0.30788	0.45999
1057	0.30682	0.30801	0.46011
1058	0.3069	0.30806	0.46018
1059	0.30691	0.30802	0.46018
1060	0.30687	0.30797	0.46015
1061	0.30684	0.30792	0.46014
1062	0.30684	0.30792	0.46016
1063	0.30685	0.30793	0.46017
1064	0.30689	0.30796	0.46018
1065	0.30695	0.308	0.46024
1066	0.30702	0.30805	0.46034
1067	0.30709	0.30812	0.46045
1068	0.30715	0.3082	0.46055
1069	0.30717	0.30827	0.46062
1070	0.30718	0.30832	0.46066
1071	0.30717	0.30834	0.46072
1072	0.30715	0.30832	0.46079
1073	0.30713	0.30833	0.46085
1074	0.30713	0.30836	0.46091
1075	0.30716	0.30841	0.46099
1076	0.30724	0.30849	0.46108
1077	0.30733	0.30856	0.46114
1078	0.30741	0.30861	0.46117
1079	0.30748	0.30863	0.46118
1080	0.30756	0.30863	0.46119
1081	0.30762	0.30863	0.46122
1082	0.30765	0.30862	0.46123
1083	0.30768	0.30861	0.46123
1084	0.30773	0.30861	0.46125
1085	0.3078	0.30863	0.46126
1086	0.30785	0.30865	0.46129
1087	0.30791	0.3087	0.46133
1088	0.30799	0.30877	0.46137
1089	0.30806	0.30883	0.4614
1090	0.3081	0.30886	0.46139
1091	0.3081	0.30886	0.46134
1092	0.30809	0.30885	0.46131
1093	0.3081	0.30884	0.4613
1094	0.30812	0.30887	0.46135
1095	0.30814	0.30892	0.46143
1096	0.30814	0.30896	0.46148
1097	0.30813	0.30898	0.46152
1098	0.30814	0.309	0.46157
1099	0.30814	0.30898	0.46161
1100	0.30813	0.30896	0.46165
1101	0.30814	0.30895	0.46168
1102	0.30817	0.30896	0.46168
1103	0.30814	0.30893	0.46164
1104	0.30806	0.30888	0.46155
1105	0.30798	0.30883	0.46147
1106	0.30791	0.30878	0.46139
1107	0.30784	0.30872	0.46132
1108	0.30777	0.30868	0.46128
1109	0.30774	0.30866	0.46126
1110	0.30772	0.30866	0.46124
1111	0.30773	0.30867	0.46125
1112	0.30775	0.30869	0.4613
1113	0.3078	0.30874	0.46136
1114	0.30785	0.3088	0.46143
1115	0.30791	0.30886	0.4615
1116	0.30795	0.30889	0.46156
1117	0.30794	0.30888	0.46159
1118	0.30792	0.30885	0.46157
1119	0.30788	0.30881	0.46154
1120	0.30781	0.30874	0.46148
1121	0.30771	0.30863	0.46138
1122	0.30762	0.30854	0.46128
1123	0.30755	0.30847	0.46117
1124	0.30751	0.30845	0.46111
1125	0.30746	0.30843	0.46108
1126	0.30739	0.30838	0.46098
1127	0.30727	0.30829	0.46081
1128	0.30714	0.30814	0.46062
1129	0.30701	0.30795	0.46044
1130	0.30686	0.30772	0.46024
1131	0.30669	0.30746	0.46002
1132	0.3065	0.3072	0.45977
1133	0.30632	0.30695	0.45953
1134	0.30613	0.30671	0.45928
1135	0.30589	0.30646	0.459
1136	0.30564	0.30624	0.45871
1137	0.30541	0.30606	0.45846
1138	0.3052	0.30591	0.45824
1139	0.30492	0.3057	0.45794
1140	0.30458	0.30542	0.45754
1141	0.30425	0.30514	0.45713
1142	0.30393	0.30484	0.45675
1143	0.30361	0.30454	0.45636
1144	0.30327	0.30421	0.45597
1145	0.30291	0.30382	0.45555
1146	0.30256	0.30341	0.45511
1147	0.30222	0.303	0.45467
1148	0.30189	0.30259	0.45422
1149	0.30155	0.3022	0.45379
1150	0.30124	0.30185	0.45339
1151	0.30098	0.30154	0.45305
1152	0.3007	0.30124	0.45271
1153	0.30041	0.30093	0.45238
1154	0.30014	0.30068	0.4521
1155	0.29991	0.30048	0.45189
1156	0.29967	0.30029	0.4517
1157	0.29943	0.3001	0.45152
1158	0.29917	0.29989	0.45133
1159	0.2989	0.29965	0.45113
1160	0.29866	0.29942	0.45097
1161	0.29848	0.29924	0.45085
1162	0.29836	0.29912	0.45078
1163	0.29827	0.29904	0.45073
1164	0.29822	0.29898	0.45068
1165	0.2982	0.29893	0.45063
1166	0.2982	0.29889	0.45056
1167	0.29822	0.29887	0.45051
1168	0.29824	0.29884	0.45047
1169	0.29822	0.2988	0.45043
1170	0.29816	0.29872	0.45035
1171	0.29806	0.2986	0.45023
1172	0.29795	0.29847	0.4501
1173	0.29784	0.29835	0.45
1174	0.29775	0.29826	0.44995
1175	0.29768	0.2982	0.44995
1176	0.29764	0.29818	0.44998
1177	0.29764	0.29818	0.45005
1178	0.29768	0.29821	0.45012
1179	0.29773	0.29824	0.45016
1180	0.29779	0.29826	0.4502
1181	0.29783	0.29827	0.45022
1182	0.29785	0.29828	0.45023
1183	0.29784	0.29827	0.45023
1184	0.2978	0.29824	0.45021
1185	0.29775	0.29819	0.45018
1186	0.29772	0.29817	0.45018
1187	0.29771	0.29818	0.4502
1188	0.29771	0.29821	0.45024
1189	0.29772	0.29826	0.45028
1190	0.29776	0.29833	0.45035
1191	0.29782	0.29841	0.45042
1192	0.29787	0.29847	0.45048
1193	0.29788	0.29849	0.4505
1194	0.29787	0.29848	0.45046
1195	0.29783	0.29846	0.45037
1196	0.29777	0.29842	0.45027
1197	0.29771	0.29838	0.45018
1198	0.29765	0.29834	0.45012
1199	0.29762	0.29831	0.4501
1200	0.29762	0.29832	0.45012
1201	0.29764	0.29835	0.45016
1202	0.29769	0.29842	0.45023
1203	0.29777	0.2985	0.45032
1204	0.29787	0.29861	0.45043
1205	0.29797	0.2987	0.45055
1206	0.29804	0.29878	0.45067
1207	0.2981	0.29882	0.45077
1208	0.29813	0.29884	0.45082
1209	0.29814	0.29883	0.45086
1210	0.29814	0.29881	0.45089
1211	0.29815	0.29879	0.45092
1212	0.29819	0.29877	0.45098
1213	0.29825	0.2988	0.45107
1214	0.29835	0.29888	0.4512
1215	0.29846	0.299	0.45133
1216	0.2986	0.29916	0.45145
1217	0.29877	0.29935	0.4516
1218	0.29894	0.29958	0.45177
1219	0.29909	0.29977	0.45193
1220	0.2992	0.29992	0.45207
1221	0.2993	0.30005	0.45221
1222	0.29939	0.30016	0.45236
1223	0.29947	0.30024	0.45249
1224	0.29954	0.30028	0.45261
1225	0.29962	0.30031	0.45272
1226	0.2997	0.30034	0.45282
1227	0.29979	0.3004	0.45294
1228	0.2999	0.30047	0.45305
1229	0.3	0.30055	0.45316
1230	0.30009	0.30061	0.45327
1231	0.30018	0.30069	0.45339
1232	0.30023	0.30076	0.45348
1233	0.30025	0.30083	0.45353
1234	0.30026	0.3009	0.45358
1235	0.30031	0.30101	0.45366
1236	0.3004	0.30115	0.45378
1237	0.30051	0.3013	0.45392
1238	0.30063	0.30141	0.45405
1239	0.30075	0.30152	0.45418
1240	0.30087	0.30161	0.45431
1241	0.301	0.30171	0.45444
1242	0.30113	0.30179	0.45458
1243	0.30123	0.30185	0.4547
1244	0.30129	0.30187	0.45479
1245	0.30133	0.30189	0.45485
1246	0.30134	0.3019	0.45485
1247	0.30132	0.3019	0.45482
1248	0.30129	0.3019	0.45478
1249	0.30127	0.30191	0.45476
1250	0.30128	0.30195	0.45479
1251	0.30132	0.30201	0.45485
1252	0.30137	0.30206	0.45491
1253	0.30146	0.30216	0.45501
1254	0.30159	0.30228	0.45514
1255	0.30171	0.3024	0.45528
1256	0.30185	0.30253	0.45542
1257	0.302	0.30268	0.45556
1258	0.30216	0.30282	0.45569
1259	0.3023	0.30295	0.45582
1260	0.3024	0.30303	0.45592
1261	0.30242	0.30305	0.45597
1262	0.30239	0.30303	0.45598
1263	0.30235	0.303	0.456
1264	0.30233	0.30298	0.45602
1265	0.30231	0.30296	0.45606
1266	0.30228	0.30295	0.45609
1267	0.30225	0.30293	0.45612
1268	0.30222	0.3029	0.45613
1269	0.30216	0.30285	0.45612
1270	0.30209	0.30281	0.45609
1271	0.30206	0.3028	0.45608
1272	0.30204	0.3028	0.45607
1273	0.30205	0.30283	0.45609
1274	0.30208	0.30288	0.4561
1275	0.30213	0.30293	0.4561
1276	0.30218	0.303	0.45612
1277	0.30226	0.30309	0.45617
1278	0.30235	0.30317	0.45625
1279	0.30243	0.30322	0.45632
1280	0.30249	0.30324	0.45637
1281	0.30251	0.30322	0.45639
1282	0.30247	0.30314	0.45638
1283	0.30235	0.30301	0.45632
1284	0.30221	0.30286	0.45625
1285	0.30209	0.30272	0.45616
1286	0.30199	0.30261	0.45604
1287	0.30192	0.30254	0.45589
1288	0.30187	0.30249	0.45574
1289	0.30181	0.30244	0.45562
1290	0.30173	0.30239	0.45551
1291	0.30164	0.30229	0.45539
1292	0.30155	0.3022	0.45531
1293	0.30148	0.30212	0.45525
1294	0.30142	0.30206	0.4552
1295	0.30133	0.302	0.45518
1296	0.30121	0.3019	0.45515
1297	0.30109	0.3018	0.45509
1298	0.30101	0.30171	0.45502
1299	0.30095	0.30165	0.45497
1300	0.3009	0.3016	0.45488
1301	0.30083	0.30155	0.45476
1302	0.30075	0.30146	0.4546
1303	0.30062	0.30134	0.4544
1304	0.30044	0.30116	0.45416
1305	0.30024	0.30095	0.4539
1306	0.30005	0.30075	0.45366
1307	0.29985	0.30055	0.45345
1308	0.29963	0.30035	0.45325
1309	0.29941	0.30015	0.45306
1310	0.2992	0.29993	0.45287
1311	0.29902	0.2997	0.45265
1312	0.29884	0.29946	0.45243
1313	0.29866	0.29922	0.45221
1314	0.29844	0.29894	0.45194
1315	0.29818	0.29863	0.45162
1316	0.29787	0.29828	0.45124
1317	0.29752	0.29791	0.45084
1318	0.29717	0.29755	0.45044
1319	0.29682	0.29721	0.45006
1320	0.29647	0.29686	0.44972
1321	0.29612	0.29653	0.44939
1322	0.29577	0.29622	0.44906
1323	0.29545	0.29593	0.44873
1324	0.29511	0.29561	0.44838
1325	0.29477	0.29528	0.44801
1326	0.29442	0.29491	0.44763
1327	0.29405	0.2945	0.44722
1328	0.29367	0.2941	0.4468
1329	0.29329	0.29371	0.44636
1330	0.29288	0.2933	0.44588
1331	0.29245	0.29289	0.44539
1332	0.29203	0.29248	0.44488
1333	0.29161	0.29206	0.44435
1334	0.29121	0.29166	0.44385
1335	0.29082	0.29128	0.44336
1336	0.29044	0.29092	0.44286
1337	0.29005	0.29056	0.44236
1338	0.28964	0.29017	0.44184
1339	0.28922	0.28975	0.44133
1340	0.2888	0.28931	0.44083
1341	0.28838	0.28887	0.44034
1342	0.288	0.28849	0.43988
1343	0.28764	0.28812	0.43944
1344	0.28728	0.28773	0.43901
1345	0.28693	0.28733	0.43857
1346	0.28659	0.28694	0.43813
1347	0.28623	0.28655	0.43771
1348	0.28587	0.28616	0.43734
1349	0.28553	0.28581	0.43697
1350	0.28519	0.28548	0.43661
1351	0.28489	0.28518	0.43626
1352	0.28458	0.2849	0.4359
1353	0.28423	0.28458	0.43554
1354	0.28385	0.28424	0.43517
1355	0.28345	0.28387	0.43479
1356	0.28305	0.2835	0.4344
1357	0.28271	0.28314	0.43401
1358	0.2824	0.28278	0.43361
1359	0.2821	0.28241	0.43321
1360	0.28177	0.28201	0.43279
1361	0.28137	0.28155	0.43233
1362	0.28093	0.28106	0.43182
1363	0.28047	0.28057	0.43126
1364	0.28001	0.28009	0.43066
1365	0.27954	0.27961	0.43003
1366	0.27901	0.27907	0.42936
1367	0.27839	0.27845	0.42862
1368	0.2777	0.27779	0.4278
1369	0.27696	0.27707	0.42692
1370	0.2762	0.2763	0.426
1371	0.27543	0.27549	0.42505
1372	0.27461	0.27462	0.42404
1373	0.27373	0.27368	0.42296
1374	0.27278	0.27267	0.42179
1375	0.27174	0.27157	0.42051
1376	0.2706	0.2704	0.41911
1377	0.26938	0.26917	0.41758
1378	0.26809	0.26787	0.41594
1379	0.26669	0.26646	0.41419
1380	0.26518	0.26494	0.4123
1381	0.26353	0.2633	0.41022
1382	0.26177	0.26155	0.40801
1383	0.25989	0.25967	0.40565
1384	0.25789	0.25765	0.40314
1385	0.25577	0.2555	0.40045
1386	0.25351	0.25323	0.39762
1387	0.25116	0.25086	0.39462
1388	0.24873	0.24837	0.39149
1389	0.24618	0.24575	0.38817
1390	0.24351	0.24304	0.3847
1391	0.24075	0.24025	0.38109
1392	0.23792	0.23741	0.37737
1393	0.23505	0.23452	0.37355
1394	0.23214	0.23159	0.36965
1395	0.22916	0.22862	0.36565
1396	0.22616	0.22563	0.36159
1397	0.22313	0.2226	0.35746
1398	0.22009	0.21954	0.3533
1399	0.21705	0.21647	0.34914
1400	0.21403	0.21341	0.34502
1401	0.21108	0.21041	0.34097
1402	0.20817	0.20745	0.33698
1403	0.20527	0.2045	0.33301
1404	0.20242	0.20163	0.32911
1405	0.19966	0.19886	0.32528
1406	0.19702	0.1962	0.32156
1407	0.19453	0.1937	0.31799
1408	0.19214	0.19134	0.31455
1409	0.18983	0.18906	0.31122
1410	0.18761	0.18686	0.30802
1411	0.18548	0.18472	0.30491
1412	0.18345	0.18268	0.30193
1413	0.18152	0.18072	0.29908
1414	0.17969	0.17888	0.29639
1415	0.17799	0.17717	0.29388
1416	0.17637	0.17555	0.2915
1417	0.17478	0.17397	0.28921
1418	0.1733	0.1725	0.28705
1419	0.17194	0.17115	0.28504
1420	0.17071	0.16995	0.2832
1421	0.16961	0.16887	0.28152
1422	0.16857	0.16786	0.27998
1423	0.16755	0.16688	0.27851
1424	0.16658	0.16594	0.27713
1425	0.16567	0.16505	0.2758
1426	0.16483	0.16423	0.27456
1427	0.16404	0.16345	0.27339
1428	0.16328	0.1627	0.27228
1429	0.16257	0.16199	0.27125
1430	0.16191	0.16133	0.27029
1431	0.16128	0.1607	0.26938
1432	0.16072	0.16012	0.26855
1433	0.16024	0.15964	0.26782
1434	0.15984	0.15922	0.26717
1435	0.15948	0.15885	0.26662
1436	0.15915	0.15853	0.26614
1437	0.15883	0.15824	0.26571
1438	0.15853	0.15797	0.26533
1439	0.15827	0.15773	0.26499
1440	0.15805	0.15753	0.26469
1441	0.15784	0.15734	0.26441
1442	0.15765	0.15718	0.26419
1443	0.15751	0.15705	0.26403
1444	0.15739	0.15693	0.26389
1445	0.15728	0.15681	0.26375
1446	0.15712	0.15665	0.26357
1447	0.15695	0.15647	0.26339
1448	0.15683	0.15632	0.26326
1449	0.15673	0.15621	0.26321
1450	0.15666	0.15613	0.26322
1451	0.15669	0.15618	0.26333
1452	0.15669	0.15619	0.26341
1453	0.15671	0.15621	0.26351
1454	0.15675	0.15625	0.26365
1455	0.15682	0.15631	0.26383
1456	0.1569	0.15639	0.26403
1457	0.15701	0.1565	0.26427
1458	0.15716	0.15664	0.26456
1459	0.15734	0.15682	0.26489
1460	0.15754	0.15702	0.26527
1461	0.15777	0.15726	0.26569
1462	0.15803	0.15752	0.26616
1463	0.15832	0.15782	0.26667
1464	0.15864	0.15816	0.26723
1465	0.159	0.15852	0.26782
1466	0.15938	0.15892	0.26846
1467	0.15979	0.15934	0.26914
1468	0.16022	0.15978	0.26985
1469	0.16067	0.16024	0.27058
1470	0.16113	0.16072	0.27135
1471	0.1616	0.1612	0.27215
1472	0.16211	0.16173	0.27302
1473	0.16266	0.16228	0.27396
1474	0.16323	0.16287	0.27494
1475	0.16384	0.16349	0.27595
1476	0.16447	0.16413	0.277
1477	0.16513	0.1648	0.2781
1478	0.16581	0.16549	0.27921
1479	0.16649	0.16619	0.28034
1480	0.16719	0.1669	0.28149
1481	0.16792	0.16764	0.28267
1482	0.16866	0.16839	0.28387
1483	0.1694	0.16916	0.28509
1484	0.17015	0.16993	0.28631
1485	0.17092	0.17071	0.28755
1486	0.17169	0.1715	0.2888
1487	0.17248	0.1723	0.29007
1488	0.17329	0.17311	0.29135
1489	0.17411	0.17393	0.29265
1490	0.17494	0.17476	0.29396
1491	0.17578	0.17559	0.29528
1492	0.17662	0.17643	0.2966
1493	0.17746	0.17728	0.29791
1494	0.17831	0.17813	0.29924
1495	0.17917	0.17899	0.30057
1496	0.18002	0.17984	0.30189
1497	0.18087	0.18071	0.30321
1498	0.18173	0.18157	0.30453
1499	0.18258	0.18243	0.30584
1500	0.18343	0.18328	0.30713
1501	0.18427	0.18413	0.3084
1502	0.1851	0.18496	0.30966
1503	0.18592	0.18578	0.3109
1504	0.18674	0.18661	0.31215
1505	0.18758	0.18744	0.31341
1506	0.18841	0.18828	0.31467
1507	0.18924	0.18911	0.31594
1508	0.19007	0.18995	0.3172
1509	0.1909	0.19077	0.31845
1510	0.19173	0.1916	0.31969
1511	0.19256	0.19243	0.32093
1512	0.1934	0.19327	0.32217
1513	0.19424	0.1941	0.3234
1514	0.19506	0.19493	0.32461
1515	0.19587	0.19574	0.32581
1516	0.19667	0.19655	0.32698
1517	0.19746	0.19735	0.32814
1518	0.19826	0.19815	0.32931
1519	0.19905	0.19895	0.33047
1520	0.19984	0.19974	0.33162
1521	0.20063	0.20052	0.33277
1522	0.20141	0.2013	0.33393
1523	0.20219	0.20207	0.33507
1524	0.20297	0.20284	0.33622
1525	0.20373	0.20362	0.33735
1526	0.20449	0.20439	0.33847
1527	0.20524	0.20515	0.33958
1528	0.20598	0.2059	0.34066
1529	0.20672	0.20664	0.34174
1530	0.20746	0.20737	0.34281
1531	0.20819	0.2081	0.34387
1532	0.20891	0.20882	0.34492
1533	0.20962	0.20954	0.34595
1534	0.21032	0.21024	0.34696
1535	0.21102	0.21093	0.34796
1536	0.2117	0.21161	0.34893
1537	0.21235	0.21227	0.34988
1538	0.21299	0.21292	0.35081
1539	0.21363	0.21357	0.35174
1540	0.21427	0.21423	0.35268
1541	0.21491	0.21487	0.35361
1542	0.21553	0.21549	0.3545
1543	0.21614	0.21611	0.35538
1544	0.21675	0.21673	0.35624
1545	0.21737	0.21736	0.35711
1546	0.218	0.218	0.35799
1547	0.21863	0.21864	0.35887
1548	0.21926	0.21928	0.35974
1549	0.21988	0.21989	0.36059
1550	0.22047	0.22048	0.36141
1551	0.22106	0.22107	0.36223
1552	0.22164	0.22165	0.36305
1553	0.22223	0.22224	0.36387
1554	0.22282	0.22283	0.36469
1555	0.22339	0.2234	0.36549
1556	0.22395	0.22395	0.36628
1557	0.22449	0.22449	0.36705
1558	0.22503	0.22503	0.36782
1559	0.22556	0.22556	0.36856
1560	0.22608	0.22609	0.3693
1561	0.2266	0.22662	0.37002
1562	0.22711	0.22714	0.37073
1563	0.22763	0.22766	0.37143
1564	0.22813	0.22816	0.37212
1565	0.22862	0.22865	0.3728
1566	0.2291	0.22913	0.37346
1567	0.22956	0.22961	0.3741
1568	0.23003	0.23007	0.37474
1569	0.23047	0.23051	0.37537
1570	0.2309	0.23095	0.37598
1571	0.23132	0.23137	0.37658
1572	0.23174	0.23179	0.37718
1573	0.23214	0.23221	0.37776
1574	0.23254	0.23262	0.37834
1575	0.23295	0.23303	0.37894
1576	0.23336	0.23344	0.37953
1577	0.23377	0.23385	0.38012
1578	0.23419	0.23427	0.3807
1579	0.23461	0.2347	0.3813
1580	0.23504	0.23513	0.3819
1581	0.23548	0.23556	0.38251
1582	0.23591	0.23598	0.38312
1583	0.23634	0.23639	0.38372
1584	0.23675	0.23679	0.38431
1585	0.23716	0.23719	0.38489
1586	0.23756	0.23758	0.38546
1587	0.23799	0.238	0.38604
1588	0.23842	0.23842	0.38663
1589	0.23884	0.23883	0.38719
1590	0.23924	0.23922	0.38773
1591	0.23962	0.23959	0.38826
1592	0.23999	0.23996	0.38878
1593	0.24036	0.24033	0.3893
1594	0.24073	0.24071	0.38982
1595	0.24109	0.24109	0.39032
1596	0.24145	0.24146	0.3908
1597	0.24181	0.24184	0.39127
1598	0.24215	0.2422	0.39174
1599	0.24251	0.24257	0.39222
1600	0.24286	0.24292	0.3927
1601	0.24319	0.24326	0.39316
1602	0.24351	0.24359	0.39361
1603	0.24384	0.24392	0.39406
1604	0.24416	0.24425	0.3945
1605	0.24448	0.24458	0.39495
1606	0.24481	0.24491	0.39539
1607	0.24513	0.24522	0.39583
1608	0.24544	0.24553	0.39626
1609	0.24576	0.24584	0.39669
1610	0.24608	0.24615	0.39713
1611	0.2464	0.24646	0.39758
1612	0.24671	0.24678	0.39802
1613	0.24702	0.24709	0.39846
1614	0.24732	0.24739	0.39888
1615	0.24761	0.24769	0.39931
1616	0.2479	0.24798	0.39973
1617	0.24819	0.24826	0.40014
1618	0.24848	0.24855	0.40055
1619	0.24877	0.24883	0.40094
1620	0.24905	0.2491	0.40132
1621	0.24932	0.24937	0.40169
1622	0.2496	0.24964	0.40206
1623	0.24987	0.24991	0.40243
1624	0.25011	0.25016	0.40277
1625	0.25032	0.25038	0.40309
1626	0.25053	0.25061	0.40343
1627	0.25075	0.25084	0.40377
1628	0.25095	0.25107	0.4041
1629	0.25116	0.2513	0.40442
1630	0.25136	0.25152	0.40473
1631	0.25158	0.25175	0.40503
1632	0.25179	0.25197	0.40533
1633	0.25199	0.25217	0.40564
1634	0.25218	0.25237	0.40595
1635	0.25237	0.25256	0.40626
1636	0.25256	0.25275	0.40655
1637	0.25273	0.25293	0.40682
1638	0.2529	0.25312	0.40709
1639	0.25308	0.25331	0.40735
1640	0.25324	0.25349	0.4076
1641	0.25341	0.25366	0.40786
1642	0.25359	0.25383	0.40811
1643	0.25377	0.254	0.40837
1644	0.25396	0.25418	0.40864
1645	0.25413	0.25435	0.4089
1646	0.25429	0.2545	0.40913
1647	0.25444	0.25465	0.40939
1648	0.2546	0.25479	0.40964
1649	0.25475	0.25492	0.40988
1650	0.25488	0.25504	0.4101
1651	0.25501	0.25516	0.4103
1652	0.25514	0.25526	0.41049
1653	0.25524	0.25534	0.41065
1654	0.25533	0.2554	0.41078
1655	0.25539	0.25545	0.4109
1656	0.25543	0.25549	0.41101
1657	0.25548	0.25553	0.41113
1658	0.25552	0.25557	0.41124
1659	0.25555	0.2556	0.41134
1660	0.25558	0.25563	0.41143
1661	0.25561	0.25566	0.41154
1662	0.25563	0.25568	0.41164
1663	0.25565	0.2557	0.41172
1664	0.25566	0.2557	0.4118
1665	0.25569	0.25573	0.41189
1666	0.25572	0.25575	0.41199
1667	0.25574	0.25576	0.41208
1668	0.25574	0.25575	0.41217
1669	0.25573	0.25574	0.41225
1670	0.25572	0.25574	0.41233
1671	0.25573	0.25575	0.41242
1672	0.25573	0.25577	0.41251
1673	0.25572	0.25579	0.4126
1674	0.2557	0.2558	0.41268
1675	0.25568	0.2558	0.41276
1676	0.25567	0.25581	0.41284
1677	0.25566	0.2558	0.41293
1678	0.25565	0.2558	0.41303
1679	0.25564	0.25579	0.41312
1680	0.2556	0.25575	0.41319
1681	0.25554	0.2557	0.41323
1682	0.25548	0.25564	0.41327
1683	0.25543	0.25559	0.41331
1684	0.25536	0.25553	0.41333
1685	0.25527	0.25545	0.41332
1686	0.25516	0.25534	0.41328
1687	0.25503	0.2552	0.41322
1688	0.25488	0.25505	0.41313
1689	0.25474	0.2549	0.41304
1690	0.2546	0.25475	0.41294
1691	0.25447	0.25459	0.41283
1692	0.25433	0.25442	0.41271
1693	0.25421	0.25427	0.41259
1694	0.25407	0.25412	0.41247
1695	0.25393	0.25395	0.41232
1696	0.25378	0.25378	0.41217
1697	0.25363	0.25362	0.41203
1698	0.25348	0.25345	0.41187
1699	0.25333	0.25325	0.4117
1700	0.25319	0.25308	0.41155
1701	0.25307	0.25291	0.41141
1702	0.25293	0.25274	0.41125
1703	0.25279	0.25258	0.4111
1704	0.25266	0.25242	0.41093
1705	0.25254	0.25228	0.41077
1706	0.25243	0.25215	0.41062
1707	0.25231	0.25202	0.41049
1708	0.25217	0.25188	0.41035
1709	0.25202	0.25174	0.41018
1710	0.25187	0.25159	0.41002
1711	0.25172	0.25144	0.40985
1712	0.25156	0.25129	0.40969
1713	0.2514	0.25113	0.40953
1714	0.25121	0.25096	0.40936
1715	0.25101	0.25078	0.40916
1716	0.25079	0.25059	0.40895
1717	0.25055	0.25038	0.40873
1718	0.25032	0.25017	0.40851
1719	0.25009	0.24997	0.40829
1720	0.24983	0.24973	0.40803
1721	0.24954	0.24946	0.40773
1722	0.24924	0.24917	0.40744
1723	0.24894	0.24889	0.40715
1724	0.24866	0.24862	0.40686
1725	0.2484	0.24835	0.40656
1726	0.24813	0.24808	0.40623
1727	0.24785	0.24779	0.4059
1728	0.24759	0.24752	0.40558
1729	0.24734	0.24727	0.40529
1730	0.24707	0.247	0.40498
1731	0.24681	0.24673	0.40468
1732	0.24657	0.24649	0.40439
1733	0.24634	0.24625	0.40411
1734	0.24611	0.246	0.40381
1735	0.24587	0.24575	0.40352
1736	0.24565	0.24552	0.40324
1737	0.24544	0.24531	0.40296
1738	0.24523	0.2451	0.40268
1739	0.24503	0.24491	0.40241
1740	0.24484	0.24472	0.40214
1741	0.24465	0.24453	0.40189
1742	0.24446	0.24435	0.40164
1743	0.24426	0.24417	0.4014
1744	0.24406	0.244	0.40115
1745	0.24385	0.24381	0.40089
1746	0.24362	0.24359	0.4006
1747	0.24337	0.24337	0.4003
1748	0.24311	0.24313	0.39999
1749	0.24282	0.24285	0.39964
1750	0.24251	0.24254	0.39926
1751	0.24219	0.24222	0.39888
1752	0.24186	0.24188	0.39851
1753	0.24151	0.24153	0.39813
1754	0.24116	0.24118	0.39774
1755	0.24079	0.24082	0.39733
1756	0.2404	0.24044	0.3969
1757	0.24004	0.24007	0.39649
1758	0.2397	0.23974	0.3961
1759	0.23936	0.23938	0.39571
1760	0.239	0.239	0.39532
1761	0.23866	0.23864	0.39492
1762	0.23833	0.23828	0.39453
1763	0.238	0.23793	0.39414
1764	0.23769	0.2376	0.39377
1765	0.23742	0.2373	0.39341
1766	0.23717	0.23702	0.39306
1767	0.23689	0.23672	0.39269
1768	0.23661	0.23641	0.3923
1769	0.23634	0.23612	0.39195
1770	0.23608	0.23584	0.39161
1771	0.23583	0.23556	0.39128
1772	0.2356	0.23532	0.39097
1773	0.23539	0.2351	0.39069
1774	0.23519	0.2349	0.39042
1775	0.23499	0.2347	0.39016
1776	0.2348	0.23451	0.38992
1777	0.23462	0.23433	0.38968
1778	0.23448	0.23417	0.38948
1779	0.23437	0.23405	0.3893
1780	0.23426	0.23392	0.38912
1781	0.23413	0.23377	0.38891
1782	0.234	0.23361	0.3887
1783	0.23389	0.23348	0.38853
1784	0.23379	0.23335	0.38837
1785	0.23367	0.23321	0.38823
1786	0.23358	0.23312	0.38816
1787	0.23352	0.23308	0.38816
1788	0.23347	0.23301	0.38811
1789	0.23342	0.23291	0.38801
1790	0.23335	0.2328	0.38792
1791	0.23327	0.23271	0.38786
1792	0.23322	0.23268	0.38785
1793	0.23324	0.23277	0.38791
1794	0.23327	0.23288	0.38801
1795	0.23328	0.23293	0.38809
1796	0.23331	0.23297	0.38815
1797	0.23334	0.23304	0.3882
1798	0.23336	0.23312	0.38825
1799	0.23341	0.23323	0.38832
1800	0.23351	0.23339	0.38841
1801	0.23364	0.23355	0.38852
1802	0.23373	0.23364	0.38859
1803	0.23377	0.23368	0.38864
1804	0.23388	0.23382	0.38877
1805	0.23405	0.23403	0.38896
1806	0.23426	0.2343	0.3892
1807	0.23451	0.23461	0.38947
1808	0.23468	0.23484	0.38969
1809	0.23476	0.23497	0.38983
1810	0.2348	0.23504	0.38992
1811	0.23486	0.2351	0.39002
1812	0.23494	0.23516	0.39013
1813	0.23501	0.2352	0.39023
1814	0.23507	0.23522	0.39033
1815	0.23515	0.23525	0.39043
1816	0.23523	0.23528	0.39053
1817	0.2353	0.23533	0.39067
1818	0.23535	0.2354	0.39087
1819	0.23541	0.23547	0.39106
1820	0.23547	0.23552	0.39121
1821	0.23553	0.23556	0.39133
1822	0.2356	0.23558	0.39146
1823	0.23562	0.23552	0.39152
1824	0.23561	0.23542	0.39152
1825	0.23561	0.23536	0.39156
1826	0.23559	0.23533	0.39165
1827	0.23557	0.23532	0.39173
1828	0.23561	0.23537	0.39184
1829	0.2357	0.23547	0.39197
1830	0.23574	0.23549	0.39201
1831	0.2356	0.23533	0.39188
1832	0.23536	0.23512	0.39166
1833	0.23519	0.23501	0.39149
1834	0.23508	0.23494	0.39136
1835	0.23502	0.23491	0.39122
1836	0.23494	0.23486	0.39107
1837	0.23482	0.23475	0.39089
1838	0.23469	0.23463	0.39069
1839	0.23455	0.23453	0.39046
1840	0.23436	0.2344	0.3902
1841	0.2341	0.23418	0.38983
1842	0.2338	0.23391	0.38942
1843	0.23341	0.23355	0.3889
1844	0.23287	0.233	0.38815
1845	0.23225	0.23237	0.38727
1846	0.23168	0.23175	0.38642
1847	0.23114	0.23116	0.38563
1848	0.23053	0.23051	0.3848
1849	0.22979	0.22973	0.38381
1850	0.22899	0.2289	0.38273
1851	0.2282	0.22805	0.38163
1852	0.22734	0.22714	0.38048
1853	0.22644	0.22622	0.3793
1854	0.2255	0.22526	0.37805
1855	0.22448	0.2242	0.37663
1856	0.22334	0.22302	0.37503
1857	0.22209	0.22173	0.37333
1858	0.22079	0.22034	0.37154
1859	0.21943	0.2189	0.36962
1860	0.21798	0.21741	0.36756
1861	0.2164	0.21583	0.36533
1862	0.21468	0.2141	0.36293
1863	0.21283	0.21224	0.36035
1864	0.21088	0.21031	0.35758
1865	0.20877	0.20825	0.35459
1866	0.20643	0.20599	0.35126
1867	0.20387	0.20354	0.34764
1868	0.20127	0.20104	0.34384
1869	0.19871	0.19854	0.33994
1870	0.196	0.19587	0.33575
1871	0.19302	0.19293	0.33122
1872	0.18981	0.18977	0.32636
1873	0.18642	0.18639	0.32117
1874	0.18286	0.18284	0.31565
1875	0.17918	0.17916	0.30986
1876	0.17543	0.17539	0.30386
1877	0.17164	0.17156	0.29765
1878	0.16779	0.16768	0.29124
1879	0.16386	0.1637	0.28458
1880	0.15986	0.15961	0.27772
1881	0.15586	0.15551	0.27077
1882	0.15187	0.15143	0.26381
1883	0.14787	0.14736	0.25673
1884	0.1438	0.14322	0.24948
1885	0.13972	0.13906	0.24212
1886	0.13578	0.13502	0.23483
1887	0.13201	0.13115	0.22767
1888	0.12832	0.12739	0.22054
1889	0.12465	0.12368	0.21342
1890	0.12101	0.12	0.20631
1891	0.11747	0.11641	0.19928
1892	0.1141	0.11297	0.19241
1893	0.11095	0.10974	0.18578
1894	0.10799	0.10673	0.17939
1895	0.10506	0.10381	0.17314
1896	0.10216	0.10095	0.16702
1897	0.099392	0.098197	0.16112
1898	0.096811	0.09562	0.15551
1899	0.094404	0.09325	0.15016
1900	0.092152	0.091084	0.14508
1901	0.090035	0.089079	0.14026
1902	0.087999	0.087148	0.13564
1903	0.08608	0.085312	0.13126
1904	0.084359	0.083637	0.12718
1905	0.082808	0.082105	0.12341
1906	0.081316	0.080641	0.11986
1907	0.079855	0.079218	0.11649
1908	0.078524	0.077925	0.11338
1909	0.077325	0.076768	0.1105
1910	0.076288	0.075768	0.10792
1911	0.075479	0.074978	0.10569
1912	0.07483	0.07434	0.10374
1913	0.074189	0.073717	0.10192
1914	0.073571	0.073118	0.10023
1915	0.072983	0.072539	0.098682
1916	0.072428	0.071984	0.097262
1917	0.071965	0.071537	0.096048
1918	0.07161	0.071226	0.095062
1919	0.071316	0.070964	0.094225
1920	0.071009	0.07066	0.093421
1921	0.070735	0.070374	0.092701
1922	0.070542	0.07014	0.092107
1923	0.070379	0.069916	0.091597
1924	0.070186	0.069689	0.09111
1925	0.069991	0.06948	0.090667
1926	0.069882	0.069335	0.090343
1927	0.069852	0.069247	0.090132
1928	0.069818	0.06919	0.08999
1929	0.069767	0.069178	0.089907
1930	0.069704	0.069161	0.089878
1931	0.06965	0.069115	0.089921
1932	0.06967	0.069132	0.090092
1933	0.069716	0.069197	0.090313
1934	0.069763	0.069283	0.090573
1935	0.069858	0.069432	0.090976
1936	0.070001	0.069637	0.091508
1937	0.070123	0.069805	0.092034
1938	0.070201	0.069906	0.09251
1939	0.070359	0.070075	0.093089
1940	0.070659	0.070369	0.093844
1941	0.071001	0.070711	0.094685
1942	0.071303	0.071057	0.09552
1943	0.071594	0.071419	0.096374
1944	0.071923	0.071794	0.097292
1945	0.072303	0.072189	0.098282
1946	0.072776	0.072663	0.099403
1947	0.073314	0.073189	0.10062
1948	0.073789	0.073625	0.10175
1949	0.074173	0.073932	0.10276
1950	0.074571	0.074258	0.10383
1951	0.074981	0.07464	0.105
1952	0.075408	0.075054	0.10622
1953	0.075844	0.075438	0.10741
1954	0.076249	0.075761	0.10855
1955	0.076632	0.076059	0.10964
1956	0.077015	0.076353	0.11071
1957	0.07744	0.076656	0.11183
1958	0.077902	0.076975	0.113
1959	0.078327	0.077292	0.11413
1960	0.078706	0.077616	0.11521
1961	0.079085	0.077938	0.11633
1962	0.07947	0.078259	0.11752
1963	0.07985	0.078611	0.11871
1964	0.080239	0.079027	0.1199
1965	0.080671	0.079501	0.12113
1966	0.081144	0.079995	0.12248
1967	0.081627	0.080484	0.1239
1968	0.082119	0.080962	0.12524
1969	0.082614	0.081432	0.12651
1970	0.083069	0.08192	0.12784
1971	0.083498	0.082442	0.12923
1972	0.083915	0.082957	0.13059
1973	0.084336	0.083449	0.13188
1974	0.084808	0.083973	0.1332
1975	0.085361	0.084578	0.13462
1976	0.085971	0.085245	0.13611
1977	0.086617	0.085959	0.13766
1978	0.087288	0.086696	0.13923
1979	0.087947	0.087365	0.1408
1980	0.088615	0.087985	0.14238
1981	0.089361	0.0887	0.14404
1982	0.090176	0.089507	0.14576
1983	0.090929	0.090249	0.14739
1984	0.0916	0.090894	0.14893
1985	0.092212	0.091483	0.15041
1986	0.092761	0.09204	0.15183
1987	0.093302	0.092593	0.15323
1988	0.093939	0.093187	0.15468
1989	0.094638	0.093805	0.15617
1990	0.095233	0.094364	0.15756
1991	0.095758	0.094892	0.15889
1992	0.096344	0.095448	0.16028
1993	0.096982	0.096023	0.16174
1994	0.097529	0.096567	0.16315
1995	0.097943	0.097053	0.16449
1996	0.098383	0.09758	0.16587
1997	0.09895	0.098221	0.16738
1998	0.099553	0.098902	0.16892
1999	0.10011	0.09954	0.1704
2000	0.10069	0.10021	0.17191
2001	0.10145	0.10105	0.17364
2002	0.1023	0.10196	0.1755
2003	0.10301	0.10273	0.17714
2004	0.10365	0.10338	0.1786
2005	0.10425	0.10408	0.18011
2006	0.10479	0.10481	0.18168
2007	0.10543	0.1056	0.18327
2008	0.10622	0.10644	0.18489
2009	0.10706	0.10732	0.18655
2010	0.10786	0.10823	0.18823
2011	0.10866	0.10912	0.18991
2012	0.10947	0.10994	0.19155
2013	0.11032	0.11076	0.19323
2014	0.11125	0.11168	0.195
2015	0.11218	0.11261	0.19676
2016	0.113	0.11342	0.19829
2017	0.11376	0.11415	0.19964
2018	0.11451	0.11487	0.20101
2019	0.11525	0.11557	0.2024
2020	0.11599	0.11626	0.20372
2021	0.11671	0.1169	0.2049
2022	0.11739	0.11752	0.20612
2023	0.1181	0.11822	0.20754
2024	0.11887	0.119	0.20904
2025	0.11955	0.11971	0.21031
2026	0.12004	0.12025	0.21133
2027	0.12053	0.12069	0.21237
2028	0.12109	0.12116	0.21353
2029	0.12158	0.12162	0.21464
2030	0.12194	0.12202	0.21565
2031	0.12232	0.12235	0.21662
2032	0.12281	0.12269	0.21764
2033	0.12331	0.12309	0.21865
2034	0.12371	0.12348	0.2196
2035	0.12413	0.12386	0.22057
2036	0.12468	0.12433	0.22168
2037	0.12531	0.12484	0.22285
2038	0.12576	0.12523	0.22389
2039	0.12607	0.12551	0.22479
2040	0.12654	0.12601	0.22587
2041	0.12718	0.12672	0.22712
2042	0.12777	0.12738	0.2283
2043	0.12834	0.12794	0.2294
2044	0.12902	0.12855	0.23054
2045	0.12978	0.12926	0.23174
2046	0.13051	0.12998	0.23297
2047	0.13121	0.13064	0.23418
2048	0.13202	0.13134	0.23543
2049	0.13296	0.13223	0.23674
2050	0.13388	0.13314	0.23801
2051	0.13452	0.1338	0.23902
2052	0.13498	0.13426	0.23983
2053	0.13563	0.13492	0.2409
2054	0.13645	0.13579	0.24222
2055	0.13705	0.13654	0.24338
2056	0.13745	0.13712	0.24432
2057	0.13777	0.13759	0.24527
2058	0.13808	0.138	0.24631
2059	0.13845	0.13847	0.24731
2060	0.13888	0.13898	0.24819
2061	0.13924	0.13935	0.24895
2062	0.13948	0.13953	0.24965
2063	0.13975	0.1397	0.25043
2064	0.14013	0.14007	0.25133
2065	0.14053	0.14049	0.25226
2066	0.14088	0.14079	0.25312
2067	0.14125	0.14103	0.25394
2068	0.14166	0.14133	0.25479
2069	0.14205	0.14166	0.25563
2070	0.14242	0.14194	0.25647
2071	0.14286	0.14223	0.25741
2072	0.14347	0.14268	0.25853
2073	0.14416	0.14326	0.25975
2074	0.14472	0.14378	0.26086
2075	0.14519	0.14426	0.2619
2076	0.14577	0.14487	0.26301
2077	0.14644	0.14551	0.26418
2078	0.14703	0.14607	0.2652
2079	0.14759	0.14661	0.26608
2080	0.14821	0.1472	0.26695
2081	0.14885	0.14781	0.26792
2082	0.14947	0.14845	0.26895
2083	0.15012	0.14909	0.26989
2084	0.15078	0.14972	0.27074
2085	0.15123	0.15018	0.27149
2086	0.15145	0.15046	0.27219
2087	0.15171	0.1508	0.27305
2088	0.15215	0.15133	0.27407
2089	0.15261	0.15186	0.27502
2090	0.15285	0.1522	0.27576
2091	0.15296	0.15242	0.2765
2092	0.15326	0.15278	0.27748
2093	0.15375	0.15329	0.27854
2094	0.15424	0.15384	0.27948
2095	0.15466	0.15437	0.28035
2096	0.15501	0.15482	0.28124
2097	0.15534	0.1552	0.28214
2098	0.15572	0.15563	0.28305
2099	0.1562	0.15619	0.28408
2100	0.15677	0.15687	0.28526
2101	0.15736	0.15752	0.28642
2102	0.15785	0.15794	0.28738
2103	0.15828	0.15825	0.28822
2104	0.15878	0.15864	0.28914
2105	0.15935	0.15915	0.29011
2106	0.16004	0.15972	0.2911
2107	0.16084	0.16039	0.29213
2108	0.16165	0.1611	0.29328
2109	0.16231	0.16169	0.29434
2110	0.16283	0.16222	0.29521
2111	0.16343	0.16291	0.29607
2112	0.16418	0.16375	0.29707
2113	0.16485	0.1644	0.29797
2114	0.1653	0.16478	0.29858
2115	0.16564	0.16504	0.29899
2116	0.16597	0.16526	0.29945
2117	0.16641	0.1655	0.30008
2118	0.16686	0.16574	0.30072
2119	0.16723	0.16594	0.30128
2120	0.16749	0.1661	0.30182
2121	0.16766	0.16621	0.30235
2122	0.16791	0.16641	0.30299
2123	0.16828	0.16666	0.30369
2124	0.16858	0.16686	0.30426
2125	0.16878	0.16698	0.30477
2126	0.16905	0.16716	0.30549
2127	0.16942	0.16753	0.30642
2128	0.16983	0.16802	0.30732
2129	0.17019	0.16849	0.30802
2130	0.17036	0.16875	0.30851
2131	0.17036	0.16886	0.30894
2132	0.17026	0.1689	0.30927
2133	0.17021	0.16894	0.30955
2134	0.17033	0.16918	0.31001
2135	0.17052	0.16954	0.31056
2136	0.17076	0.1699	0.31111
2137	0.17105	0.17017	0.31159
2138	0.1714	0.17045	0.31212
2139	0.17185	0.17089	0.31277
2140	0.17229	0.17137	0.31342
2141	0.17271	0.1718	0.31406
2142	0.1733	0.1724	0.31488
2143	0.17397	0.17316	0.31584
2144	0.17437	0.17373	0.31663
2145	0.17461	0.17411	0.31716
2146	0.17491	0.17452	0.31762
2147	0.17518	0.1749	0.31804
2148	0.17535	0.17508	0.31841
2149	0.17551	0.17513	0.31874
2150	0.17562	0.17512	0.31891
2151	0.17561	0.17507	0.3189
2152	0.1756	0.17502	0.31894
2153	0.17575	0.17508	0.31916
2154	0.17594	0.17521	0.3194
2155	0.17607	0.1753	0.31962
2156	0.17617	0.17535	0.31989
2157	0.17628	0.17544	0.32017
2158	0.17639	0.17558	0.32041
2159	0.17652	0.17565	0.32058
2160	0.17672	0.17578	0.32082
2161	0.17701	0.17605	0.32127
2162	0.17726	0.17634	0.32176
2163	0.17738	0.17651	0.32209
2164	0.17739	0.17649	0.32223
2165	0.17732	0.17636	0.32218
2166	0.17713	0.17619	0.32203
2167	0.17692	0.17605	0.322
2168	0.1768	0.17593	0.32208
2169	0.1768	0.1759	0.32223
2170	0.17687	0.17598	0.3224
2171	0.17695	0.17606	0.32261
2172	0.17712	0.1762	0.32299
2173	0.17733	0.1764	0.32349
2174	0.17744	0.17656	0.32392
2175	0.17739	0.17657	0.32422
2176	0.1773	0.17658	0.32449
2177	0.17735	0.17679	0.32488
2178	0.17761	0.17723	0.32542
2179	0.17778	0.17755	0.32587
2180	0.17769	0.17752	0.32604
2181	0.17765	0.17747	0.32617
2182	0.17775	0.17762	0.32644
2183	0.17777	0.17773	0.3267
2184	0.17773	0.17773	0.32689
2185	0.17784	0.17778	0.32713
2186	0.178	0.17794	0.32734
2187	0.17805	0.17809	0.3275
2188	0.17807	0.17814	0.32768
2189	0.17811	0.17812	0.32781
2190	0.17816	0.1781	0.32791
2191	0.17826	0.17818	0.32814
2192	0.17837	0.17831	0.32837
2193	0.17841	0.1784	0.32847
2194	0.17844	0.17839	0.32853
2195	0.17856	0.17839	0.32877
2196	0.17879	0.1785	0.32919
2197	0.17896	0.17856	0.32956
2198	0.17895	0.17838	0.32974
2199	0.17894	0.17819	0.32991
2200	0.17902	0.17817	0.33015
2201	0.1791	0.17821	0.33029
2202	0.17912	0.17822	0.33038
2203	0.17918	0.17829	0.33061
2204	0.17923	0.17838	0.33086
2205	0.17913	0.17833	0.33089
2206	0.17892	0.17814	0.33083
2207	0.17876	0.17801	0.33094
2208	0.1787	0.17801	0.33115
2209	0.17863	0.17797	0.33122
2210	0.17851	0.17785	0.33125
2211	0.17841	0.17774	0.33135
2212	0.17836	0.17766	0.33146
2213	0.17839	0.17761	0.3316
2214	0.17851	0.17766	0.33192
2215	0.17859	0.17769	0.33222
2216	0.17852	0.17752	0.33224
2217	0.17837	0.17734	0.33219
2218	0.17827	0.1773	0.33226
2219	0.1782	0.17731	0.33237
2220	0.17818	0.17731	0.33246
2221	0.17825	0.17741	0.33265
2222	0.1783	0.17754	0.33281
2223	0.17819	0.1775	0.33274
2224	0.17808	0.17739	0.33258
2225	0.17804	0.17737	0.33244
2226	0.17796	0.1774	0.33233
2227	0.17782	0.17741	0.3323
2228	0.17774	0.1774	0.33244
2229	0.17779	0.17746	0.33267
2230	0.17786	0.1775	0.33275
2231	0.17791	0.17748	0.33274
2232	0.17794	0.17742	0.33276
2233	0.17786	0.17728	0.33276
2234	0.17772	0.17714	0.33269
2235	0.17757	0.17706	0.33251
2236	0.17734	0.17688	0.33225
2237	0.17701	0.17657	0.33197
2238	0.17669	0.17632	0.33179
2239	0.17641	0.17617	0.33164
2240	0.17605	0.17589	0.33133
2241	0.17561	0.17545	0.33093
2242	0.17525	0.17512	0.33063
2243	0.17517	0.17504	0.3305
2244	0.17514	0.17492	0.33032
2245	0.17481	0.17446	0.3299
2246	0.17433	0.17386	0.32939
2247	0.17401	0.17341	0.32896
2248	0.17389	0.17309	0.32862
2249	0.17379	0.17282	0.3283
2250	0.17355	0.17249	0.32787
2251	0.17319	0.17213	0.32737
2252	0.17287	0.17178	0.32692
2253	0.17258	0.17145	0.32647
2254	0.17224	0.1711	0.32593
2255	0.1719	0.17073	0.32538
2256	0.17159	0.17041	0.325
2257	0.17136	0.17015	0.32465
2258	0.17113	0.16982	0.32406
2259	0.17078	0.16943	0.32334
2260	0.17029	0.16898	0.32269
2261	0.1698	0.1685	0.32209
2262	0.16941	0.16811	0.32156
2263	0.16899	0.16769	0.32108
2264	0.16852	0.16718	0.32059
2265	0.16812	0.16666	0.32001
2266	0.1678	0.16616	0.31944
2267	0.16735	0.16565	0.31896
2268	0.16659	0.16496	0.31836
2269	0.16568	0.16415	0.31756
2270	0.16489	0.16351	0.31683
2271	0.16417	0.16304	0.31624
2272	0.16331	0.16249	0.31559
2273	0.1625	0.16192	0.31483
2274	0.16191	0.16151	0.31407
2275	0.16138	0.16116	0.3133
2276	0.16082	0.16073	0.31253
2277	0.16033	0.16038	0.31187
2278	0.15997	0.1602	0.31137
2279	0.15959	0.15996	0.31089
2280	0.15902	0.15945	0.31029
2281	0.15839	0.1589	0.30964
2282	0.15797	0.15862	0.30909
2283	0.15777	0.15852	0.30864
2284	0.15756	0.15833	0.30815
2285	0.15725	0.15799	0.30756
2286	0.15696	0.15774	0.30706
2287	0.15674	0.15766	0.30678
2288	0.15661	0.15753	0.30637
2289	0.15659	0.15733	0.30572
2290	0.15658	0.15718	0.30513
2291	0.15647	0.15701	0.30479
2292	0.15643	0.15687	0.30467
2293	0.15654	0.15679	0.30437
2294	0.15656	0.15668	0.3038
2295	0.15642	0.15655	0.30341
2296	0.15613	0.15623	0.3031
2297	0.15606	0.15599	0.30284
2298	0.15615	0.15589	0.3026
2299	0.15587	0.15546	0.30214
2300	0.15551	0.15489	0.30167
2301	0.15528	0.1543	0.30111
2302	0.15496	0.15364	0.30033
2303	0.15437	0.15295	0.29949
2304	0.15357	0.15214	0.29852
2305	0.15287	0.15132	0.29746
2306	0.15232	0.15061	0.29644
2307	0.15179	0.15004	0.29543
2308	0.15127	0.14959	0.29439
2309	0.15082	0.14921	0.29344
2310	0.15031	0.14877	0.29264
2311	0.14968	0.14821	0.29191
2312	0.14928	0.14788	0.29139
2313	0.14929	0.148	0.29124
2314	0.14919	0.14803	0.29105
2315	0.14855	0.14747	0.29037
2316	0.14778	0.14675	0.28952
2317	0.14731	0.14641	0.28889
2318	0.1468	0.1461	0.28814
2319	0.14594	0.1454	0.287
2320	0.1451	0.14462	0.28597
2321	0.14473	0.14411	0.28539
2322	0.14452	0.14371	0.28481
2323	0.14405	0.14323	0.28387
2324	0.14366	0.14285	0.28286
2325	0.14357	0.14267	0.28204
2326	0.14339	0.1424	0.28115
2327	0.14293	0.14199	0.28022
2328	0.14252	0.14167	0.27945
2329	0.14226	0.14139	0.27862
2330	0.14196	0.14098	0.27781
2331	0.14165	0.14062	0.27736
2332	0.14151	0.14057	0.27718
2333	0.1417	0.1409	0.27717
2334	0.1419	0.14118	0.27709
2335	0.14177	0.14099	0.2767
2336	0.14158	0.14062	0.27615
2337	0.14142	0.14012	0.27557
2338	0.14143	0.13978	0.27523
2339	0.14138	0.13961	0.27501
2340	0.14115	0.13932	0.27455
2341	0.14108	0.13908	0.27397
2342	0.14121	0.13906	0.27373
2343	0.1413	0.13925	0.27387
2344	0.14113	0.13941	0.27389
2345	0.14091	0.13939	0.27377
2346	0.14074	0.13924	0.27374
2347	0.14068	0.13916	0.27367
2348	0.1407	0.13941	0.2735
2349	0.1405	0.13966	0.2732
2350	0.13995	0.1393	0.27266
2351	0.13902	0.13838	0.27186
2352	0.13809	0.13775	0.2711
2353	0.13742	0.1377	0.27068
2354	0.13685	0.13763	0.27027
2355	0.13642	0.13716	0.2695
2356	0.13657	0.13705	0.26886
2357	0.13706	0.13738	0.26843
2358	0.13711	0.13726	0.26753
2359	0.1368	0.13671	0.26631
2360	0.13633	0.13625	0.26524
2361	0.1357	0.1359	0.26411
2362	0.1349	0.13524	0.26266
2363	0.13407	0.13439	0.26145
2364	0.13334	0.13362	0.26064
2365	0.13261	0.13295	0.25977
2366	0.13181	0.1323	0.25879
2367	0.13104	0.1316	0.25798
2368	0.13047	0.13106	0.25729
2369	0.12986	0.13051	0.25626
2370	0.12894	0.12983	0.25499
2371	0.12792	0.12902	0.25385
2372	0.12713	0.12792	0.25263
2373	0.12649	0.12686	0.25136
2374	0.12591	0.12636	0.2502
2375	0.1254	0.12611	0.24902
2376	0.12516	0.12575	0.24797
2377	0.12493	0.1253	0.24701
2378	0.12409	0.12454	0.24568
2379	0.12296	0.12374	0.24418
2380	0.12228	0.12343	0.24298
2381	0.12171	0.12316	0.24187
2382	0.12099	0.12288	0.2409
2383	0.1206	0.12308	0.24033
2384	0.12001	0.12298	0.23953
2385	0.11889	0.1221	0.23824
2386	0.11786	0.12096	0.23696
2387	0.11699	0.12007	0.23578
2388	0.11633	0.11979	0.23471
2389	0.11605	0.11985	0.23389
2390	0.11589	0.11948	0.23276
2391	0.11561	0.11879	0.23109
2392	0.11522	0.11858	0.22963
2393	0.11449	0.1182	0.22831
2394	0.11362	0.11706	0.22699
2395	0.11296	0.11617	0.226
2396	0.1124	0.11629	0.22548
2397	0.1121	0.11684	0.22507
2398	0.11143	0.11632	0.2238
2399	0.11013	0.11505	0.22206
2400	0.10892	0.11394	0.22058
2401	0.10792	0.11286	0.21899
2402	0.10675	0.11172	0.217
2403	0.10568	0.11102	0.21505
2404	0.10531	0.11107	0.21392
2405	0.10527	0.11105	0.21305
2406	0.10576	0.11124	0.2128
2407	0.10691	0.11187	0.21313
2408	0.1072	0.11157	0.21219
2409	0.10662	0.11071	0.21043
2410	0.10696	0.1108	0.20966
2411	0.10835	0.11161	0.20977
2412	0.10904	0.112	0.20963
2413	0.10871	0.11187	0.20883
2414	0.10799	0.11101	0.207
2415	0.10739	0.10981	0.20482
2416	0.10712	0.10926	0.20346
2417	0.1069	0.10912	0.20251
2418	0.10662	0.10826	0.20133
2419	0.10584	0.10622	0.19944
2420	0.10435	0.10362	0.19659
2421	0.10305	0.10166	0.19389
2422	0.10288	0.10101	0.19273
2423	0.10295	0.10072	0.19209
2424	0.10172	0.099336	0.19004
2425	0.099698	0.097365	0.18746
2426	0.098318	0.096153	0.18609
2427	0.097691	0.095948	0.18565
2428	0.09677	0.095697	0.18447
2429	0.095408	0.094725	0.18263
2430	0.094332	0.093576	0.18129
2431	0.09362	0.093087	0.18031
2432	0.092977	0.093297	0.1796
2433	0.091915	0.092845	0.17852
2434	0.090441	0.091291	0.17683
2435	0.089663	0.090367	0.17583
2436	0.089386	0.090589	0.17546
2437	0.088677	0.090704	0.17444
2438	0.08798	0.090404	0.17283
2439	0.088424	0.090373	0.17205
2440	0.090028	0.090721	0.17229
2441	0.09111	0.090532	0.17182
2442	0.091065	0.089941	0.17102
2443	0.09066	0.089343	0.17029
2444	0.090152	0.08852	0.16872
2445	0.090084	0.088253	0.16717
2446	0.090637	0.089235	0.16682
2447	0.090819	0.090145	0.16709
2448	0.090057	0.089552	0.16695
2449	0.088695	0.087638	0.16517
2450	0.086825	0.085279	0.16161
2451	0.08563	0.084018	0.15939
2452	0.086838	0.085258	0.16091
2453	0.088333	0.086453	0.16192
2454	0.086716	0.084152	0.15868
2455	0.084173	0.081504	0.15482
2456	0.083091	0.081457	0.15315
2457	0.082302	0.081876	0.15165
2458	0.080568	0.080896	0.14914
2459	0.078636	0.079159	0.14603
2460	0.077423	0.07767	0.14325
2461	0.076791	0.076799	0.14143
2462	0.076278	0.076433	0.13989
2463	0.076216	0.076655	0.13823
2464	0.076865	0.077157	0.13674
2465	0.076476	0.076351	0.13507
2466	0.074781	0.074656	0.13325
2467	0.074533	0.075146	0.13313
2468	0.07659	0.078164	0.13544
2469	0.077629	0.079165	0.1366
2470	0.07776	0.078556	0.13649
2471	0.077962	0.078261	0.13562
2472	0.077482	0.077638	0.13326
2473	0.077314	0.076479	0.13086
2474	0.078019	0.075346	0.12952
2475	0.079216	0.075113	0.12893
2476	0.080352	0.075991	0.12882
2477	0.08207	0.076981	0.13023
2478	0.083553	0.07727	0.13191
2479	0.081989	0.075573	0.12935
2480	0.077688	0.072806	0.12372
