*Name: Unvegetated Ground
Type: Gravel and bare soil
Particle Size: Solid
Wavelength Range: All

Origin: Remote Sensing Laboratories, University of Zurich

Description: linear spectral mix of 1/3 gravel and 2/3 bare soil

Measurement: Hemispherical Conical Reflectance Factor HCRF

First Column:  X Wavelength (micrometers)
Second Column:  Y Reflectance (percent)
First X Value: 0.354
Last X Value: 2.45
Number of X Values: 2097
Additional Information:  None*

*Number of Lambda pertinent values : *  2097
*Lambda_min - Lambda_max : *  0.354 2.45
*Hapke parameters : Bo - h - b1 - c1 - b2 - c2 *  1 1 1 1 1 1
*Lambda - Ro - Refraction index - A - Alpha - w_Hapke - A_Hapke_spec - Alpha_Hapke_spec - T_Direct - T_Diffus*
0.354	3.3972	1.4	1000	0.2	30	1000	0.2	0	0
0.355	3.41	1.4	1000	0.2	30	1000	0.2	0	0
0.356	3.4225	1.4	1000	0.2	30	1000	0.2	0	0
0.357	3.4334	1.4	1000	0.2	30	1000	0.2	0	0
0.358	3.4446	1.4	1000	0.2	30	1000	0.2	0	0
0.359	3.4579	1.4	1000	0.2	30	1000	0.2	0	0
0.36	3.4717	1.4	1000	0.2	30	1000	0.2	0	0
0.361	3.485	1.4	1000	0.2	30	1000	0.2	0	0
0.362	3.4977	1.4	1000	0.2	30	1000	0.2	0	0
0.363	3.5111	1.4	1000	0.2	30	1000	0.2	0	0
0.364	3.5266	1.4	1000	0.2	30	1000	0.2	0	0
0.365	3.5436	1.4	1000	0.2	30	1000	0.2	0	0
0.366	3.56	1.4	1000	0.2	30	1000	0.2	0	0
0.367	3.5749	1.4	1000	0.2	30	1000	0.2	0	0
0.368	3.5908	1.4	1000	0.2	30	1000	0.2	0	0
0.369	3.6079	1.4	1000	0.2	30	1000	0.2	0	0
0.37	3.6254	1.4	1000	0.2	30	1000	0.2	0	0
0.371	3.643	1.4	1000	0.2	30	1000	0.2	0	0
0.372	3.6602	1.4	1000	0.2	30	1000	0.2	0	0
0.373	3.6789	1.4	1000	0.2	30	1000	0.2	0	0
0.374	3.7018	1.4	1000	0.2	30	1000	0.2	0	0
0.375	3.726	1.4	1000	0.2	30	1000	0.2	0	0
0.376	3.7508	1.4	1000	0.2	30	1000	0.2	0	0
0.377	3.7763	1.4	1000	0.2	30	1000	0.2	0	0
0.378	3.8025	1.4	1000	0.2	30	1000	0.2	0	0
0.379	3.8296	1.4	1000	0.2	30	1000	0.2	0	0
0.38	3.8577	1.4	1000	0.2	30	1000	0.2	0	0
0.381	3.886	1.4	1000	0.2	30	1000	0.2	0	0
0.382	3.9142	1.4	1000	0.2	30	1000	0.2	0	0
0.383	3.9424	1.4	1000	0.2	30	1000	0.2	0	0
0.384	3.9717	1.4	1000	0.2	30	1000	0.2	0	0
0.385	4.0031	1.4	1000	0.2	30	1000	0.2	0	0
0.386	4.036	1.4	1000	0.2	30	1000	0.2	0	0
0.387	4.0684	1.4	1000	0.2	30	1000	0.2	0	0
0.388	4.0998	1.4	1000	0.2	30	1000	0.2	0	0
0.389	4.132	1.4	1000	0.2	30	1000	0.2	0	0
0.39	4.1649	1.4	1000	0.2	30	1000	0.2	0	0
0.391	4.1978	1.4	1000	0.2	30	1000	0.2	0	0
0.392	4.2295	1.4	1000	0.2	30	1000	0.2	0	0
0.393	4.2594	1.4	1000	0.2	30	1000	0.2	0	0
0.394	4.2899	1.4	1000	0.2	30	1000	0.2	0	0
0.395	4.3216	1.4	1000	0.2	30	1000	0.2	0	0
0.396	4.352	1.4	1000	0.2	30	1000	0.2	0	0
0.397	4.3815	1.4	1000	0.2	30	1000	0.2	0	0
0.398	4.4097	1.4	1000	0.2	30	1000	0.2	0	0
0.399	4.4362	1.4	1000	0.2	30	1000	0.2	0	0
0.4	4.4627	1.4	1000	0.2	30	1000	0.2	0	0
0.401	4.4882	1.4	1000	0.2	30	1000	0.2	0	0
0.402	4.5122	1.4	1000	0.2	30	1000	0.2	0	0
0.403	4.5359	1.4	1000	0.2	30	1000	0.2	0	0
0.404	4.5597	1.4	1000	0.2	30	1000	0.2	0	0
0.405	4.584	1.4	1000	0.2	30	1000	0.2	0	0
0.406	4.609	1.4	1000	0.2	30	1000	0.2	0	0
0.407	4.6349	1.4	1000	0.2	30	1000	0.2	0	0
0.408	4.6613	1.4	1000	0.2	30	1000	0.2	0	0
0.409	4.6879	1.4	1000	0.2	30	1000	0.2	0	0
0.41	4.7149	1.4	1000	0.2	30	1000	0.2	0	0
0.411	4.7418	1.4	1000	0.2	30	1000	0.2	0	0
0.412	4.7692	1.4	1000	0.2	30	1000	0.2	0	0
0.413	4.7973	1.4	1000	0.2	30	1000	0.2	0	0
0.414	4.8246	1.4	1000	0.2	30	1000	0.2	0	0
0.415	4.8521	1.4	1000	0.2	30	1000	0.2	0	0
0.416	4.8805	1.4	1000	0.2	30	1000	0.2	0	0
0.417	4.9096	1.4	1000	0.2	30	1000	0.2	0	0
0.418	4.939	1.4	1000	0.2	30	1000	0.2	0	0
0.419	4.9688	1.4	1000	0.2	30	1000	0.2	0	0
0.42	4.9991	1.4	1000	0.2	30	1000	0.2	0	0
0.421	5.0307	1.4	1000	0.2	30	1000	0.2	0	0
0.422	5.063	1.4	1000	0.2	30	1000	0.2	0	0
0.423	5.0957	1.4	1000	0.2	30	1000	0.2	0	0
0.424	5.129	1.4	1000	0.2	30	1000	0.2	0	0
0.425	5.1634	1.4	1000	0.2	30	1000	0.2	0	0
0.426	5.1991	1.4	1000	0.2	30	1000	0.2	0	0
0.427	5.2356	1.4	1000	0.2	30	1000	0.2	0	0
0.428	5.273	1.4	1000	0.2	30	1000	0.2	0	0
0.429	5.3116	1.4	1000	0.2	30	1000	0.2	0	0
0.43	5.3514	1.4	1000	0.2	30	1000	0.2	0	0
0.431	5.392	1.4	1000	0.2	30	1000	0.2	0	0
0.432	5.4328	1.4	1000	0.2	30	1000	0.2	0	0
0.433	5.4734	1.4	1000	0.2	30	1000	0.2	0	0
0.434	5.5139	1.4	1000	0.2	30	1000	0.2	0	0
0.435	5.5542	1.4	1000	0.2	30	1000	0.2	0	0
0.436	5.594	1.4	1000	0.2	30	1000	0.2	0	0
0.437	5.6333	1.4	1000	0.2	30	1000	0.2	0	0
0.438	5.6722	1.4	1000	0.2	30	1000	0.2	0	0
0.439	5.7111	1.4	1000	0.2	30	1000	0.2	0	0
0.44	5.7499	1.4	1000	0.2	30	1000	0.2	0	0
0.441	5.7881	1.4	1000	0.2	30	1000	0.2	0	0
0.442	5.8261	1.4	1000	0.2	30	1000	0.2	0	0
0.443	5.8632	1.4	1000	0.2	30	1000	0.2	0	0
0.444	5.899	1.4	1000	0.2	30	1000	0.2	0	0
0.445	5.9338	1.4	1000	0.2	30	1000	0.2	0	0
0.446	5.9675	1.4	1000	0.2	30	1000	0.2	0	0
0.447	6.0001	1.4	1000	0.2	30	1000	0.2	0	0
0.448	6.0315	1.4	1000	0.2	30	1000	0.2	0	0
0.449	6.0613	1.4	1000	0.2	30	1000	0.2	0	0
0.45	6.0896	1.4	1000	0.2	30	1000	0.2	0	0
0.451	6.1169	1.4	1000	0.2	30	1000	0.2	0	0
0.452	6.1433	1.4	1000	0.2	30	1000	0.2	0	0
0.453	6.1684	1.4	1000	0.2	30	1000	0.2	0	0
0.454	6.1921	1.4	1000	0.2	30	1000	0.2	0	0
0.455	6.2151	1.4	1000	0.2	30	1000	0.2	0	0
0.456	6.2371	1.4	1000	0.2	30	1000	0.2	0	0
0.457	6.2583	1.4	1000	0.2	30	1000	0.2	0	0
0.458	6.2787	1.4	1000	0.2	30	1000	0.2	0	0
0.459	6.298	1.4	1000	0.2	30	1000	0.2	0	0
0.46	6.3167	1.4	1000	0.2	30	1000	0.2	0	0
0.461	6.335	1.4	1000	0.2	30	1000	0.2	0	0
0.462	6.3526	1.4	1000	0.2	30	1000	0.2	0	0
0.463	6.37	1.4	1000	0.2	30	1000	0.2	0	0
0.464	6.3874	1.4	1000	0.2	30	1000	0.2	0	0
0.465	6.4047	1.4	1000	0.2	30	1000	0.2	0	0
0.466	6.4221	1.4	1000	0.2	30	1000	0.2	0	0
0.467	6.4397	1.4	1000	0.2	30	1000	0.2	0	0
0.468	6.4573	1.4	1000	0.2	30	1000	0.2	0	0
0.469	6.4751	1.4	1000	0.2	30	1000	0.2	0	0
0.47	6.4932	1.4	1000	0.2	30	1000	0.2	0	0
0.471	6.5117	1.4	1000	0.2	30	1000	0.2	0	0
0.472	6.5303	1.4	1000	0.2	30	1000	0.2	0	0
0.473	6.5493	1.4	1000	0.2	30	1000	0.2	0	0
0.474	6.5686	1.4	1000	0.2	30	1000	0.2	0	0
0.475	6.588	1.4	1000	0.2	30	1000	0.2	0	0
0.476	6.6079	1.4	1000	0.2	30	1000	0.2	0	0
0.477	6.6284	1.4	1000	0.2	30	1000	0.2	0	0
0.478	6.6499	1.4	1000	0.2	30	1000	0.2	0	0
0.479	6.672	1.4	1000	0.2	30	1000	0.2	0	0
0.48	6.6947	1.4	1000	0.2	30	1000	0.2	0	0
0.481	6.7185	1.4	1000	0.2	30	1000	0.2	0	0
0.482	6.744	1.4	1000	0.2	30	1000	0.2	0	0
0.483	6.7705	1.4	1000	0.2	30	1000	0.2	0	0
0.484	6.7978	1.4	1000	0.2	30	1000	0.2	0	0
0.485	6.826	1.4	1000	0.2	30	1000	0.2	0	0
0.486	6.8553	1.4	1000	0.2	30	1000	0.2	0	0
0.487	6.8854	1.4	1000	0.2	30	1000	0.2	0	0
0.488	6.9159	1.4	1000	0.2	30	1000	0.2	0	0
0.489	6.9465	1.4	1000	0.2	30	1000	0.2	0	0
0.49	6.978	1.4	1000	0.2	30	1000	0.2	0	0
0.491	7.0104	1.4	1000	0.2	30	1000	0.2	0	0
0.492	7.0433	1.4	1000	0.2	30	1000	0.2	0	0
0.493	7.0769	1.4	1000	0.2	30	1000	0.2	0	0
0.494	7.1113	1.4	1000	0.2	30	1000	0.2	0	0
0.495	7.1466	1.4	1000	0.2	30	1000	0.2	0	0
0.496	7.1828	1.4	1000	0.2	30	1000	0.2	0	0
0.497	7.2196	1.4	1000	0.2	30	1000	0.2	0	0
0.498	7.2572	1.4	1000	0.2	30	1000	0.2	0	0
0.499	7.2955	1.4	1000	0.2	30	1000	0.2	0	0
0.5	7.3345	1.4	1000	0.2	30	1000	0.2	0	0
0.501	7.374	1.4	1000	0.2	30	1000	0.2	0	0
0.502	7.4139	1.4	1000	0.2	30	1000	0.2	0	0
0.503	7.4541	1.4	1000	0.2	30	1000	0.2	0	0
0.504	7.4945	1.4	1000	0.2	30	1000	0.2	0	0
0.505	7.5346	1.4	1000	0.2	30	1000	0.2	0	0
0.506	7.5748	1.4	1000	0.2	30	1000	0.2	0	0
0.507	7.6151	1.4	1000	0.2	30	1000	0.2	0	0
0.508	7.6556	1.4	1000	0.2	30	1000	0.2	0	0
0.509	7.6964	1.4	1000	0.2	30	1000	0.2	0	0
0.51	7.7375	1.4	1000	0.2	30	1000	0.2	0	0
0.511	7.7794	1.4	1000	0.2	30	1000	0.2	0	0
0.512	7.8218	1.4	1000	0.2	30	1000	0.2	0	0
0.513	7.8647	1.4	1000	0.2	30	1000	0.2	0	0
0.514	7.9081	1.4	1000	0.2	30	1000	0.2	0	0
0.515	7.952	1.4	1000	0.2	30	1000	0.2	0	0
0.516	7.9963	1.4	1000	0.2	30	1000	0.2	0	0
0.517	8.0404	1.4	1000	0.2	30	1000	0.2	0	0
0.518	8.084	1.4	1000	0.2	30	1000	0.2	0	0
0.519	8.1275	1.4	1000	0.2	30	1000	0.2	0	0
0.52	8.1711	1.4	1000	0.2	30	1000	0.2	0	0
0.521	8.2145	1.4	1000	0.2	30	1000	0.2	0	0
0.522	8.2577	1.4	1000	0.2	30	1000	0.2	0	0
0.523	8.3012	1.4	1000	0.2	30	1000	0.2	0	0
0.524	8.3453	1.4	1000	0.2	30	1000	0.2	0	0
0.525	8.3901	1.4	1000	0.2	30	1000	0.2	0	0
0.526	8.4351	1.4	1000	0.2	30	1000	0.2	0	0
0.527	8.4802	1.4	1000	0.2	30	1000	0.2	0	0
0.528	8.5256	1.4	1000	0.2	30	1000	0.2	0	0
0.529	8.5711	1.4	1000	0.2	30	1000	0.2	0	0
0.53	8.6169	1.4	1000	0.2	30	1000	0.2	0	0
0.531	8.6629	1.4	1000	0.2	30	1000	0.2	0	0
0.532	8.7087	1.4	1000	0.2	30	1000	0.2	0	0
0.533	8.7548	1.4	1000	0.2	30	1000	0.2	0	0
0.534	8.8013	1.4	1000	0.2	30	1000	0.2	0	0
0.535	8.8482	1.4	1000	0.2	30	1000	0.2	0	0
0.536	8.8952	1.4	1000	0.2	30	1000	0.2	0	0
0.537	8.9423	1.4	1000	0.2	30	1000	0.2	0	0
0.538	8.9895	1.4	1000	0.2	30	1000	0.2	0	0
0.539	9.0369	1.4	1000	0.2	30	1000	0.2	0	0
0.54	9.0843	1.4	1000	0.2	30	1000	0.2	0	0
0.541	9.1315	1.4	1000	0.2	30	1000	0.2	0	0
0.542	9.1784	1.4	1000	0.2	30	1000	0.2	0	0
0.543	9.2252	1.4	1000	0.2	30	1000	0.2	0	0
0.544	9.272	1.4	1000	0.2	30	1000	0.2	0	0
0.545	9.3186	1.4	1000	0.2	30	1000	0.2	0	0
0.546	9.3649	1.4	1000	0.2	30	1000	0.2	0	0
0.547	9.411	1.4	1000	0.2	30	1000	0.2	0	0
0.548	9.4572	1.4	1000	0.2	30	1000	0.2	0	0
0.549	9.5033	1.4	1000	0.2	30	1000	0.2	0	0
0.55	9.5492	1.4	1000	0.2	30	1000	0.2	0	0
0.551	9.5948	1.4	1000	0.2	30	1000	0.2	0	0
0.552	9.6404	1.4	1000	0.2	30	1000	0.2	0	0
0.553	9.6857	1.4	1000	0.2	30	1000	0.2	0	0
0.554	9.7309	1.4	1000	0.2	30	1000	0.2	0	0
0.555	9.776	1.4	1000	0.2	30	1000	0.2	0	0
0.556	9.8208	1.4	1000	0.2	30	1000	0.2	0	0
0.557	9.8655	1.4	1000	0.2	30	1000	0.2	0	0
0.558	9.9098	1.4	1000	0.2	30	1000	0.2	0	0
0.559	9.9536	1.4	1000	0.2	30	1000	0.2	0	0
0.56	9.997	1.4	1000	0.2	30	1000	0.2	0	0
0.561	10.0402	1.4	1000	0.2	30	1000	0.2	0	0
0.562	10.0825	1.4	1000	0.2	30	1000	0.2	0	0
0.563	10.1243	1.4	1000	0.2	30	1000	0.2	0	0
0.564	10.1657	1.4	1000	0.2	30	1000	0.2	0	0
0.565	10.2067	1.4	1000	0.2	30	1000	0.2	0	0
0.566	10.2473	1.4	1000	0.2	30	1000	0.2	0	0
0.567	10.2874	1.4	1000	0.2	30	1000	0.2	0	0
0.568	10.3268	1.4	1000	0.2	30	1000	0.2	0	0
0.569	10.3659	1.4	1000	0.2	30	1000	0.2	0	0
0.57	10.4046	1.4	1000	0.2	30	1000	0.2	0	0
0.571	10.4427	1.4	1000	0.2	30	1000	0.2	0	0
0.572	10.4799	1.4	1000	0.2	30	1000	0.2	0	0
0.573	10.5167	1.4	1000	0.2	30	1000	0.2	0	0
0.574	10.5532	1.4	1000	0.2	30	1000	0.2	0	0
0.575	10.5894	1.4	1000	0.2	30	1000	0.2	0	0
0.576	10.6251	1.4	1000	0.2	30	1000	0.2	0	0
0.577	10.6603	1.4	1000	0.2	30	1000	0.2	0	0
0.578	10.6949	1.4	1000	0.2	30	1000	0.2	0	0
0.579	10.7292	1.4	1000	0.2	30	1000	0.2	0	0
0.58	10.7629	1.4	1000	0.2	30	1000	0.2	0	0
0.581	10.7962	1.4	1000	0.2	30	1000	0.2	0	0
0.582	10.829	1.4	1000	0.2	30	1000	0.2	0	0
0.583	10.8617	1.4	1000	0.2	30	1000	0.2	0	0
0.584	10.8945	1.4	1000	0.2	30	1000	0.2	0	0
0.585	10.9274	1.4	1000	0.2	30	1000	0.2	0	0
0.586	10.9603	1.4	1000	0.2	30	1000	0.2	0	0
0.587	10.9929	1.4	1000	0.2	30	1000	0.2	0	0
0.588	11.0252	1.4	1000	0.2	30	1000	0.2	0	0
0.589	11.057	1.4	1000	0.2	30	1000	0.2	0	0
0.59	11.088	1.4	1000	0.2	30	1000	0.2	0	0
0.591	11.1184	1.4	1000	0.2	30	1000	0.2	0	0
0.592	11.148	1.4	1000	0.2	30	1000	0.2	0	0
0.593	11.1772	1.4	1000	0.2	30	1000	0.2	0	0
0.594	11.2061	1.4	1000	0.2	30	1000	0.2	0	0
0.595	11.2348	1.4	1000	0.2	30	1000	0.2	0	0
0.596	11.2634	1.4	1000	0.2	30	1000	0.2	0	0
0.597	11.2919	1.4	1000	0.2	30	1000	0.2	0	0
0.598	11.3204	1.4	1000	0.2	30	1000	0.2	0	0
0.599	11.3486	1.4	1000	0.2	30	1000	0.2	0	0
0.6	11.3765	1.4	1000	0.2	30	1000	0.2	0	0
0.601	11.4043	1.4	1000	0.2	30	1000	0.2	0	0
0.602	11.432	1.4	1000	0.2	30	1000	0.2	0	0
0.603	11.4598	1.4	1000	0.2	30	1000	0.2	0	0
0.604	11.488	1.4	1000	0.2	30	1000	0.2	0	0
0.605	11.5163	1.4	1000	0.2	30	1000	0.2	0	0
0.606	11.5449	1.4	1000	0.2	30	1000	0.2	0	0
0.607	11.574	1.4	1000	0.2	30	1000	0.2	0	0
0.608	11.6034	1.4	1000	0.2	30	1000	0.2	0	0
0.609	11.6328	1.4	1000	0.2	30	1000	0.2	0	0
0.61	11.662	1.4	1000	0.2	30	1000	0.2	0	0
0.611	11.6905	1.4	1000	0.2	30	1000	0.2	0	0
0.612	11.7186	1.4	1000	0.2	30	1000	0.2	0	0
0.613	11.7462	1.4	1000	0.2	30	1000	0.2	0	0
0.614	11.7731	1.4	1000	0.2	30	1000	0.2	0	0
0.615	11.7995	1.4	1000	0.2	30	1000	0.2	0	0
0.616	11.8254	1.4	1000	0.2	30	1000	0.2	0	0
0.617	11.851	1.4	1000	0.2	30	1000	0.2	0	0
0.618	11.8763	1.4	1000	0.2	30	1000	0.2	0	0
0.619	11.9014	1.4	1000	0.2	30	1000	0.2	0	0
0.62	11.9265	1.4	1000	0.2	30	1000	0.2	0	0
0.621	11.9518	1.4	1000	0.2	30	1000	0.2	0	0
0.622	11.9774	1.4	1000	0.2	30	1000	0.2	0	0
0.623	12.0033	1.4	1000	0.2	30	1000	0.2	0	0
0.624	12.0295	1.4	1000	0.2	30	1000	0.2	0	0
0.625	12.0562	1.4	1000	0.2	30	1000	0.2	0	0
0.626	12.0836	1.4	1000	0.2	30	1000	0.2	0	0
0.627	12.1115	1.4	1000	0.2	30	1000	0.2	0	0
0.628	12.1394	1.4	1000	0.2	30	1000	0.2	0	0
0.629	12.167	1.4	1000	0.2	30	1000	0.2	0	0
0.63	12.1946	1.4	1000	0.2	30	1000	0.2	0	0
0.631	12.2227	1.4	1000	0.2	30	1000	0.2	0	0
0.632	12.2512	1.4	1000	0.2	30	1000	0.2	0	0
0.633	12.2802	1.4	1000	0.2	30	1000	0.2	0	0
0.634	12.3096	1.4	1000	0.2	30	1000	0.2	0	0
0.635	12.3399	1.4	1000	0.2	30	1000	0.2	0	0
0.636	12.3712	1.4	1000	0.2	30	1000	0.2	0	0
0.637	12.4034	1.4	1000	0.2	30	1000	0.2	0	0
0.638	12.4363	1.4	1000	0.2	30	1000	0.2	0	0
0.639	12.4699	1.4	1000	0.2	30	1000	0.2	0	0
0.64	12.504	1.4	1000	0.2	30	1000	0.2	0	0
0.641	12.5383	1.4	1000	0.2	30	1000	0.2	0	0
0.642	12.5729	1.4	1000	0.2	30	1000	0.2	0	0
0.643	12.6078	1.4	1000	0.2	30	1000	0.2	0	0
0.644	12.6428	1.4	1000	0.2	30	1000	0.2	0	0
0.645	12.6774	1.4	1000	0.2	30	1000	0.2	0	0
0.646	12.7114	1.4	1000	0.2	30	1000	0.2	0	0
0.647	12.7451	1.4	1000	0.2	30	1000	0.2	0	0
0.648	12.7786	1.4	1000	0.2	30	1000	0.2	0	0
0.649	12.8118	1.4	1000	0.2	30	1000	0.2	0	0
0.65	12.845	1.4	1000	0.2	30	1000	0.2	0	0
0.651	12.8784	1.4	1000	0.2	30	1000	0.2	0	0
0.652	12.9123	1.4	1000	0.2	30	1000	0.2	0	0
0.653	12.9465	1.4	1000	0.2	30	1000	0.2	0	0
0.654	12.9804	1.4	1000	0.2	30	1000	0.2	0	0
0.655	13.0137	1.4	1000	0.2	30	1000	0.2	0	0
0.656	13.0465	1.4	1000	0.2	30	1000	0.2	0	0
0.657	13.0787	1.4	1000	0.2	30	1000	0.2	0	0
0.658	13.1099	1.4	1000	0.2	30	1000	0.2	0	0
0.659	13.1402	1.4	1000	0.2	30	1000	0.2	0	0
0.66	13.1702	1.4	1000	0.2	30	1000	0.2	0	0
0.661	13.2003	1.4	1000	0.2	30	1000	0.2	0	0
0.662	13.2308	1.4	1000	0.2	30	1000	0.2	0	0
0.663	13.2619	1.4	1000	0.2	30	1000	0.2	0	0
0.664	13.2935	1.4	1000	0.2	30	1000	0.2	0	0
0.665	13.3253	1.4	1000	0.2	30	1000	0.2	0	0
0.666	13.3577	1.4	1000	0.2	30	1000	0.2	0	0
0.667	13.3906	1.4	1000	0.2	30	1000	0.2	0	0
0.668	13.424	1.4	1000	0.2	30	1000	0.2	0	0
0.669	13.4582	1.4	1000	0.2	30	1000	0.2	0	0
0.67	13.4929	1.4	1000	0.2	30	1000	0.2	0	0
0.671	13.5281	1.4	1000	0.2	30	1000	0.2	0	0
0.672	13.5641	1.4	1000	0.2	30	1000	0.2	0	0
0.673	13.6008	1.4	1000	0.2	30	1000	0.2	0	0
0.674	13.6381	1.4	1000	0.2	30	1000	0.2	0	0
0.675	13.6758	1.4	1000	0.2	30	1000	0.2	0	0
0.676	13.7139	1.4	1000	0.2	30	1000	0.2	0	0
0.677	13.7527	1.4	1000	0.2	30	1000	0.2	0	0
0.678	13.7924	1.4	1000	0.2	30	1000	0.2	0	0
0.679	13.8331	1.4	1000	0.2	30	1000	0.2	0	0
0.68	13.8748	1.4	1000	0.2	30	1000	0.2	0	0
0.681	13.918	1.4	1000	0.2	30	1000	0.2	0	0
0.682	13.9631	1.4	1000	0.2	30	1000	0.2	0	0
0.683	14.0103	1.4	1000	0.2	30	1000	0.2	0	0
0.684	14.0599	1.4	1000	0.2	30	1000	0.2	0	0
0.685	14.1117	1.4	1000	0.2	30	1000	0.2	0	0
0.686	14.1649	1.4	1000	0.2	30	1000	0.2	0	0
0.687	14.2185	1.4	1000	0.2	30	1000	0.2	0	0
0.688	14.2724	1.4	1000	0.2	30	1000	0.2	0	0
0.689	14.3267	1.4	1000	0.2	30	1000	0.2	0	0
0.69	14.3811	1.4	1000	0.2	30	1000	0.2	0	0
0.691	14.4349	1.4	1000	0.2	30	1000	0.2	0	0
0.692	14.4877	1.4	1000	0.2	30	1000	0.2	0	0
0.693	14.5402	1.4	1000	0.2	30	1000	0.2	0	0
0.694	14.5928	1.4	1000	0.2	30	1000	0.2	0	0
0.695	14.6454	1.4	1000	0.2	30	1000	0.2	0	0
0.696	14.6976	1.4	1000	0.2	30	1000	0.2	0	0
0.697	14.7494	1.4	1000	0.2	30	1000	0.2	0	0
0.698	14.8006	1.4	1000	0.2	30	1000	0.2	0	0
0.699	14.8514	1.4	1000	0.2	30	1000	0.2	0	0
0.7	14.9016	1.4	1000	0.2	30	1000	0.2	0	0
0.701	14.9514	1.4	1000	0.2	30	1000	0.2	0	0
0.702	15.0007	1.4	1000	0.2	30	1000	0.2	0	0
0.703	15.0493	1.4	1000	0.2	30	1000	0.2	0	0
0.704	15.0969	1.4	1000	0.2	30	1000	0.2	0	0
0.705	15.144	1.4	1000	0.2	30	1000	0.2	0	0
0.706	15.191	1.4	1000	0.2	30	1000	0.2	0	0
0.707	15.238	1.4	1000	0.2	30	1000	0.2	0	0
0.708	15.2847	1.4	1000	0.2	30	1000	0.2	0	0
0.709	15.3313	1.4	1000	0.2	30	1000	0.2	0	0
0.71	15.3779	1.4	1000	0.2	30	1000	0.2	0	0
0.711	15.4248	1.4	1000	0.2	30	1000	0.2	0	0
0.712	15.4721	1.4	1000	0.2	30	1000	0.2	0	0
0.713	15.5202	1.4	1000	0.2	30	1000	0.2	0	0
0.714	15.5699	1.4	1000	0.2	30	1000	0.2	0	0
0.715	15.6213	1.4	1000	0.2	30	1000	0.2	0	0
0.716	15.6734	1.4	1000	0.2	30	1000	0.2	0	0
0.717	15.7246	1.4	1000	0.2	30	1000	0.2	0	0
0.718	15.7743	1.4	1000	0.2	30	1000	0.2	0	0
0.719	15.8224	1.4	1000	0.2	30	1000	0.2	0	0
0.72	15.8695	1.4	1000	0.2	30	1000	0.2	0	0
0.721	15.9152	1.4	1000	0.2	30	1000	0.2	0	0
0.722	15.9596	1.4	1000	0.2	30	1000	0.2	0	0
0.723	16.003	1.4	1000	0.2	30	1000	0.2	0	0
0.724	16.047	1.4	1000	0.2	30	1000	0.2	0	0
0.725	16.0921	1.4	1000	0.2	30	1000	0.2	0	0
0.726	16.1379	1.4	1000	0.2	30	1000	0.2	0	0
0.727	16.1827	1.4	1000	0.2	30	1000	0.2	0	0
0.728	16.2264	1.4	1000	0.2	30	1000	0.2	0	0
0.729	16.2688	1.4	1000	0.2	30	1000	0.2	0	0
0.73	16.3104	1.4	1000	0.2	30	1000	0.2	0	0
0.731	16.3511	1.4	1000	0.2	30	1000	0.2	0	0
0.732	16.3914	1.4	1000	0.2	30	1000	0.2	0	0
0.733	16.4317	1.4	1000	0.2	30	1000	0.2	0	0
0.734	16.4724	1.4	1000	0.2	30	1000	0.2	0	0
0.735	16.5133	1.4	1000	0.2	30	1000	0.2	0	0
0.736	16.5546	1.4	1000	0.2	30	1000	0.2	0	0
0.737	16.5965	1.4	1000	0.2	30	1000	0.2	0	0
0.738	16.6389	1.4	1000	0.2	30	1000	0.2	0	0
0.739	16.6815	1.4	1000	0.2	30	1000	0.2	0	0
0.74	16.7239	1.4	1000	0.2	30	1000	0.2	0	0
0.741	16.7661	1.4	1000	0.2	30	1000	0.2	0	0
0.742	16.8083	1.4	1000	0.2	30	1000	0.2	0	0
0.743	16.8505	1.4	1000	0.2	30	1000	0.2	0	0
0.744	16.8925	1.4	1000	0.2	30	1000	0.2	0	0
0.745	16.9345	1.4	1000	0.2	30	1000	0.2	0	0
0.746	16.9766	1.4	1000	0.2	30	1000	0.2	0	0
0.747	17.0186	1.4	1000	0.2	30	1000	0.2	0	0
0.748	17.0607	1.4	1000	0.2	30	1000	0.2	0	0
0.749	17.1029	1.4	1000	0.2	30	1000	0.2	0	0
0.75	17.1449	1.4	1000	0.2	30	1000	0.2	0	0
0.751	17.1869	1.4	1000	0.2	30	1000	0.2	0	0
0.752	17.2288	1.4	1000	0.2	30	1000	0.2	0	0
0.753	17.2705	1.4	1000	0.2	30	1000	0.2	0	0
0.754	17.3128	1.4	1000	0.2	30	1000	0.2	0	0
0.755	17.3557	1.4	1000	0.2	30	1000	0.2	0	0
0.756	17.4009	1.4	1000	0.2	30	1000	0.2	0	0
0.757	17.4527	1.4	1000	0.2	30	1000	0.2	0	0
0.758	17.5124	1.4	1000	0.2	30	1000	0.2	0	0
0.759	17.5701	1.4	1000	0.2	30	1000	0.2	0	0
0.76	17.6256	1.4	1000	0.2	30	1000	0.2	0	0
0.761	17.6775	1.4	1000	0.2	30	1000	0.2	0	0
0.762	17.7254	1.4	1000	0.2	30	1000	0.2	0	0
0.763	17.768	1.4	1000	0.2	30	1000	0.2	0	0
0.764	17.8015	1.4	1000	0.2	30	1000	0.2	0	0
0.765	17.8254	1.4	1000	0.2	30	1000	0.2	0	0
0.766	17.8502	1.4	1000	0.2	30	1000	0.2	0	0
0.767	17.8768	1.4	1000	0.2	30	1000	0.2	0	0
0.768	17.9058	1.4	1000	0.2	30	1000	0.2	0	0
0.769	17.9375	1.4	1000	0.2	30	1000	0.2	0	0
0.77	17.9719	1.4	1000	0.2	30	1000	0.2	0	0
0.771	18.0084	1.4	1000	0.2	30	1000	0.2	0	0
0.772	18.0466	1.4	1000	0.2	30	1000	0.2	0	0
0.773	18.0853	1.4	1000	0.2	30	1000	0.2	0	0
0.774	18.1239	1.4	1000	0.2	30	1000	0.2	0	0
0.775	18.1625	1.4	1000	0.2	30	1000	0.2	0	0
0.776	18.2013	1.4	1000	0.2	30	1000	0.2	0	0
0.777	18.24	1.4	1000	0.2	30	1000	0.2	0	0
0.778	18.2782	1.4	1000	0.2	30	1000	0.2	0	0
0.779	18.3163	1.4	1000	0.2	30	1000	0.2	0	0
0.78	18.3543	1.4	1000	0.2	30	1000	0.2	0	0
0.781	18.3924	1.4	1000	0.2	30	1000	0.2	0	0
0.782	18.4305	1.4	1000	0.2	30	1000	0.2	0	0
0.783	18.4688	1.4	1000	0.2	30	1000	0.2	0	0
0.784	18.507	1.4	1000	0.2	30	1000	0.2	0	0
0.785	18.5451	1.4	1000	0.2	30	1000	0.2	0	0
0.786	18.5836	1.4	1000	0.2	30	1000	0.2	0	0
0.787	18.6221	1.4	1000	0.2	30	1000	0.2	0	0
0.788	18.6605	1.4	1000	0.2	30	1000	0.2	0	0
0.789	18.6987	1.4	1000	0.2	30	1000	0.2	0	0
0.79	18.7362	1.4	1000	0.2	30	1000	0.2	0	0
0.791	18.7737	1.4	1000	0.2	30	1000	0.2	0	0
0.792	18.811	1.4	1000	0.2	30	1000	0.2	0	0
0.793	18.8474	1.4	1000	0.2	30	1000	0.2	0	0
0.794	18.8835	1.4	1000	0.2	30	1000	0.2	0	0
0.795	18.9194	1.4	1000	0.2	30	1000	0.2	0	0
0.796	18.9553	1.4	1000	0.2	30	1000	0.2	0	0
0.797	18.9911	1.4	1000	0.2	30	1000	0.2	0	0
0.798	19.027	1.4	1000	0.2	30	1000	0.2	0	0
0.799	19.0631	1.4	1000	0.2	30	1000	0.2	0	0
0.8	19.0989	1.4	1000	0.2	30	1000	0.2	0	0
0.801	19.1344	1.4	1000	0.2	30	1000	0.2	0	0
0.802	19.1696	1.4	1000	0.2	30	1000	0.2	0	0
0.803	19.2048	1.4	1000	0.2	30	1000	0.2	0	0
0.804	19.2399	1.4	1000	0.2	30	1000	0.2	0	0
0.805	19.2746	1.4	1000	0.2	30	1000	0.2	0	0
0.806	19.309	1.4	1000	0.2	30	1000	0.2	0	0
0.807	19.3436	1.4	1000	0.2	30	1000	0.2	0	0
0.808	19.3787	1.4	1000	0.2	30	1000	0.2	0	0
0.809	19.4141	1.4	1000	0.2	30	1000	0.2	0	0
0.81	19.4496	1.4	1000	0.2	30	1000	0.2	0	0
0.811	19.4862	1.4	1000	0.2	30	1000	0.2	0	0
0.812	19.5239	1.4	1000	0.2	30	1000	0.2	0	0
0.813	19.5621	1.4	1000	0.2	30	1000	0.2	0	0
0.814	19.6002	1.4	1000	0.2	30	1000	0.2	0	0
0.815	19.6376	1.4	1000	0.2	30	1000	0.2	0	0
0.816	19.6741	1.4	1000	0.2	30	1000	0.2	0	0
0.817	19.7091	1.4	1000	0.2	30	1000	0.2	0	0
0.818	19.7423	1.4	1000	0.2	30	1000	0.2	0	0
0.819	19.7744	1.4	1000	0.2	30	1000	0.2	0	0
0.82	19.8057	1.4	1000	0.2	30	1000	0.2	0	0
0.821	19.8367	1.4	1000	0.2	30	1000	0.2	0	0
0.822	19.8667	1.4	1000	0.2	30	1000	0.2	0	0
0.823	19.8959	1.4	1000	0.2	30	1000	0.2	0	0
0.824	19.9256	1.4	1000	0.2	30	1000	0.2	0	0
0.825	19.9563	1.4	1000	0.2	30	1000	0.2	0	0
0.826	19.9869	1.4	1000	0.2	30	1000	0.2	0	0
0.827	20.017	1.4	1000	0.2	30	1000	0.2	0	0
0.828	20.0464	1.4	1000	0.2	30	1000	0.2	0	0
0.829	20.0762	1.4	1000	0.2	30	1000	0.2	0	0
0.83	20.1069	1.4	1000	0.2	30	1000	0.2	0	0
0.831	20.1371	1.4	1000	0.2	30	1000	0.2	0	0
0.832	20.1659	1.4	1000	0.2	30	1000	0.2	0	0
0.833	20.1943	1.4	1000	0.2	30	1000	0.2	0	0
0.834	20.2225	1.4	1000	0.2	30	1000	0.2	0	0
0.835	20.2505	1.4	1000	0.2	30	1000	0.2	0	0
0.836	20.278	1.4	1000	0.2	30	1000	0.2	0	0
0.837	20.3054	1.4	1000	0.2	30	1000	0.2	0	0
0.838	20.3331	1.4	1000	0.2	30	1000	0.2	0	0
0.839	20.3609	1.4	1000	0.2	30	1000	0.2	0	0
0.84	20.3883	1.4	1000	0.2	30	1000	0.2	0	0
0.841	20.4157	1.4	1000	0.2	30	1000	0.2	0	0
0.842	20.4437	1.4	1000	0.2	30	1000	0.2	0	0
0.843	20.4723	1.4	1000	0.2	30	1000	0.2	0	0
0.844	20.5002	1.4	1000	0.2	30	1000	0.2	0	0
0.845	20.528	1.4	1000	0.2	30	1000	0.2	0	0
0.846	20.5563	1.4	1000	0.2	30	1000	0.2	0	0
0.847	20.5842	1.4	1000	0.2	30	1000	0.2	0	0
0.848	20.6114	1.4	1000	0.2	30	1000	0.2	0	0
0.849	20.6382	1.4	1000	0.2	30	1000	0.2	0	0
0.85	20.6653	1.4	1000	0.2	30	1000	0.2	0	0
0.851	20.6934	1.4	1000	0.2	30	1000	0.2	0	0
0.852	20.7215	1.4	1000	0.2	30	1000	0.2	0	0
0.853	20.7481	1.4	1000	0.2	30	1000	0.2	0	0
0.854	20.7744	1.4	1000	0.2	30	1000	0.2	0	0
0.855	20.8008	1.4	1000	0.2	30	1000	0.2	0	0
0.856	20.8272	1.4	1000	0.2	30	1000	0.2	0	0
0.857	20.8529	1.4	1000	0.2	30	1000	0.2	0	0
0.858	20.8773	1.4	1000	0.2	30	1000	0.2	0	0
0.859	20.9015	1.4	1000	0.2	30	1000	0.2	0	0
0.86	20.9267	1.4	1000	0.2	30	1000	0.2	0	0
0.861	20.9523	1.4	1000	0.2	30	1000	0.2	0	0
0.862	20.9779	1.4	1000	0.2	30	1000	0.2	0	0
0.863	21.0038	1.4	1000	0.2	30	1000	0.2	0	0
0.864	21.0303	1.4	1000	0.2	30	1000	0.2	0	0
0.865	21.0566	1.4	1000	0.2	30	1000	0.2	0	0
0.866	21.0824	1.4	1000	0.2	30	1000	0.2	0	0
0.867	21.1082	1.4	1000	0.2	30	1000	0.2	0	0
0.868	21.1339	1.4	1000	0.2	30	1000	0.2	0	0
0.869	21.1596	1.4	1000	0.2	30	1000	0.2	0	0
0.87	21.1852	1.4	1000	0.2	30	1000	0.2	0	0
0.871	21.2103	1.4	1000	0.2	30	1000	0.2	0	0
0.872	21.2358	1.4	1000	0.2	30	1000	0.2	0	0
0.873	21.2618	1.4	1000	0.2	30	1000	0.2	0	0
0.874	21.2875	1.4	1000	0.2	30	1000	0.2	0	0
0.875	21.3136	1.4	1000	0.2	30	1000	0.2	0	0
0.876	21.34	1.4	1000	0.2	30	1000	0.2	0	0
0.877	21.366	1.4	1000	0.2	30	1000	0.2	0	0
0.878	21.3918	1.4	1000	0.2	30	1000	0.2	0	0
0.879	21.4174	1.4	1000	0.2	30	1000	0.2	0	0
0.88	21.4432	1.4	1000	0.2	30	1000	0.2	0	0
0.881	21.4695	1.4	1000	0.2	30	1000	0.2	0	0
0.882	21.4954	1.4	1000	0.2	30	1000	0.2	0	0
0.883	21.5211	1.4	1000	0.2	30	1000	0.2	0	0
0.884	21.5471	1.4	1000	0.2	30	1000	0.2	0	0
0.885	21.5745	1.4	1000	0.2	30	1000	0.2	0	0
0.886	21.6017	1.4	1000	0.2	30	1000	0.2	0	0
0.887	21.6283	1.4	1000	0.2	30	1000	0.2	0	0
0.888	21.6558	1.4	1000	0.2	30	1000	0.2	0	0
0.889	21.6832	1.4	1000	0.2	30	1000	0.2	0	0
0.89	21.7107	1.4	1000	0.2	30	1000	0.2	0	0
0.891	21.7387	1.4	1000	0.2	30	1000	0.2	0	0
0.892	21.7658	1.4	1000	0.2	30	1000	0.2	0	0
0.893	21.7935	1.4	1000	0.2	30	1000	0.2	0	0
0.894	21.8219	1.4	1000	0.2	30	1000	0.2	0	0
0.895	21.8487	1.4	1000	0.2	30	1000	0.2	0	0
0.896	21.876	1.4	1000	0.2	30	1000	0.2	0	0
0.897	21.9042	1.4	1000	0.2	30	1000	0.2	0	0
0.898	21.9322	1.4	1000	0.2	30	1000	0.2	0	0
0.899	21.9596	1.4	1000	0.2	30	1000	0.2	0	0
0.9	21.9859	1.4	1000	0.2	30	1000	0.2	0	0
0.901	22.0114	1.4	1000	0.2	30	1000	0.2	0	0
0.902	22.037	1.4	1000	0.2	30	1000	0.2	0	0
0.903	22.0616	1.4	1000	0.2	30	1000	0.2	0	0
0.904	22.0855	1.4	1000	0.2	30	1000	0.2	0	0
0.905	22.1098	1.4	1000	0.2	30	1000	0.2	0	0
0.906	22.1355	1.4	1000	0.2	30	1000	0.2	0	0
0.907	22.1615	1.4	1000	0.2	30	1000	0.2	0	0
0.908	22.187	1.4	1000	0.2	30	1000	0.2	0	0
0.909	22.2119	1.4	1000	0.2	30	1000	0.2	0	0
0.91	22.2383	1.4	1000	0.2	30	1000	0.2	0	0
0.911	22.2649	1.4	1000	0.2	30	1000	0.2	0	0
0.912	22.2904	1.4	1000	0.2	30	1000	0.2	0	0
0.913	22.315	1.4	1000	0.2	30	1000	0.2	0	0
0.914	22.3394	1.4	1000	0.2	30	1000	0.2	0	0
0.915	22.3642	1.4	1000	0.2	30	1000	0.2	0	0
0.916	22.3897	1.4	1000	0.2	30	1000	0.2	0	0
0.917	22.4135	1.4	1000	0.2	30	1000	0.2	0	0
0.918	22.4367	1.4	1000	0.2	30	1000	0.2	0	0
0.919	22.4603	1.4	1000	0.2	30	1000	0.2	0	0
0.92	22.4835	1.4	1000	0.2	30	1000	0.2	0	0
0.921	22.5069	1.4	1000	0.2	30	1000	0.2	0	0
0.922	22.5299	1.4	1000	0.2	30	1000	0.2	0	0
0.923	22.552	1.4	1000	0.2	30	1000	0.2	0	0
0.924	22.5752	1.4	1000	0.2	30	1000	0.2	0	0
0.925	22.5971	1.4	1000	0.2	30	1000	0.2	0	0
0.926	22.6172	1.4	1000	0.2	30	1000	0.2	0	0
0.927	22.639	1.4	1000	0.2	30	1000	0.2	0	0
0.928	22.66	1.4	1000	0.2	30	1000	0.2	0	0
0.929	22.679	1.4	1000	0.2	30	1000	0.2	0	0
0.93	22.6972	1.4	1000	0.2	30	1000	0.2	0	0
0.931	22.7159	1.4	1000	0.2	30	1000	0.2	0	0
0.932	22.7356	1.4	1000	0.2	30	1000	0.2	0	0
0.933	22.7573	1.4	1000	0.2	30	1000	0.2	0	0
0.934	22.7794	1.4	1000	0.2	30	1000	0.2	0	0
0.935	22.802	1.4	1000	0.2	30	1000	0.2	0	0
0.936	22.8276	1.4	1000	0.2	30	1000	0.2	0	0
0.937	22.8553	1.4	1000	0.2	30	1000	0.2	0	0
0.938	22.8799	1.4	1000	0.2	30	1000	0.2	0	0
0.939	22.9045	1.4	1000	0.2	30	1000	0.2	0	0
0.94	22.9286	1.4	1000	0.2	30	1000	0.2	0	0
0.941	22.9504	1.4	1000	0.2	30	1000	0.2	0	0
0.942	22.975	1.4	1000	0.2	30	1000	0.2	0	0
0.943	22.9975	1.4	1000	0.2	30	1000	0.2	0	0
0.944	23.0171	1.4	1000	0.2	30	1000	0.2	0	0
0.945	23.0382	1.4	1000	0.2	30	1000	0.2	0	0
0.946	23.0611	1.4	1000	0.2	30	1000	0.2	0	0
0.947	23.0846	1.4	1000	0.2	30	1000	0.2	0	0
0.948	23.1073	1.4	1000	0.2	30	1000	0.2	0	0
0.949	23.1259	1.4	1000	0.2	30	1000	0.2	0	0
0.95	23.1455	1.4	1000	0.2	30	1000	0.2	0	0
0.951	23.1677	1.4	1000	0.2	30	1000	0.2	0	0
0.952	23.1912	1.4	1000	0.2	30	1000	0.2	0	0
0.953	23.2151	1.4	1000	0.2	30	1000	0.2	0	0
0.954	23.2379	1.4	1000	0.2	30	1000	0.2	0	0
0.955	23.2597	1.4	1000	0.2	30	1000	0.2	0	0
0.956	23.2823	1.4	1000	0.2	30	1000	0.2	0	0
0.957	23.309	1.4	1000	0.2	30	1000	0.2	0	0
0.958	23.336	1.4	1000	0.2	30	1000	0.2	0	0
0.959	23.3612	1.4	1000	0.2	30	1000	0.2	0	0
0.96	23.3844	1.4	1000	0.2	30	1000	0.2	0	0
0.961	23.407	1.4	1000	0.2	30	1000	0.2	0	0
0.962	23.4326	1.4	1000	0.2	30	1000	0.2	0	0
0.963	23.4609	1.4	1000	0.2	30	1000	0.2	0	0
0.964	23.4843	1.4	1000	0.2	30	1000	0.2	0	0
0.965	23.5062	1.4	1000	0.2	30	1000	0.2	0	0
0.966	23.529	1.4	1000	0.2	30	1000	0.2	0	0
0.967	23.5518	1.4	1000	0.2	30	1000	0.2	0	0
0.968	23.5754	1.4	1000	0.2	30	1000	0.2	0	0
0.969	23.5978	1.4	1000	0.2	30	1000	0.2	0	0
0.97	23.6194	1.4	1000	0.2	30	1000	0.2	0	0
0.971	23.6435	1.4	1000	0.2	30	1000	0.2	0	0
0.972	23.6684	1.4	1000	0.2	30	1000	0.2	0	0
0.973	23.6924	1.4	1000	0.2	30	1000	0.2	0	0
0.974	23.7152	1.4	1000	0.2	30	1000	0.2	0	0
0.975	23.7383	1.4	1000	0.2	30	1000	0.2	0	0
0.976	23.7615	1.4	1000	0.2	30	1000	0.2	0	0
0.977	23.785	1.4	1000	0.2	30	1000	0.2	0	0
0.978	23.8073	1.4	1000	0.2	30	1000	0.2	0	0
0.979	23.8278	1.4	1000	0.2	30	1000	0.2	0	0
0.98	23.8502	1.4	1000	0.2	30	1000	0.2	0	0
0.981	23.8745	1.4	1000	0.2	30	1000	0.2	0	0
0.982	23.8987	1.4	1000	0.2	30	1000	0.2	0	0
0.983	23.9221	1.4	1000	0.2	30	1000	0.2	0	0
0.984	23.9452	1.4	1000	0.2	30	1000	0.2	0	0
0.985	23.9679	1.4	1000	0.2	30	1000	0.2	0	0
0.986	23.9915	1.4	1000	0.2	30	1000	0.2	0	0
0.987	24.0139	1.4	1000	0.2	30	1000	0.2	0	0
0.988	24.0352	1.4	1000	0.2	30	1000	0.2	0	0
0.989	24.0555	1.4	1000	0.2	30	1000	0.2	0	0
0.99	24.0752	1.4	1000	0.2	30	1000	0.2	0	0
0.991	24.096	1.4	1000	0.2	30	1000	0.2	0	0
0.992	24.1177	1.4	1000	0.2	30	1000	0.2	0	0
0.993	24.1393	1.4	1000	0.2	30	1000	0.2	0	0
0.994	24.159	1.4	1000	0.2	30	1000	0.2	0	0
0.995	24.1773	1.4	1000	0.2	30	1000	0.2	0	0
0.996	24.1979	1.4	1000	0.2	30	1000	0.2	0	0
0.997	24.221	1.4	1000	0.2	30	1000	0.2	0	0
0.998	24.2391	1.4	1000	0.2	30	1000	0.2	0	0
0.999	24.2564	1.4	1000	0.2	30	1000	0.2	0	0
1	24.2746	1.4	1000	0.2	30	1000	0.2	0	0
1.001	24.2954	1.4	1000	0.2	30	1000	0.2	0	0
1.002	24.3176	1.4	1000	0.2	30	1000	0.2	0	0
1.003	24.3387	1.4	1000	0.2	30	1000	0.2	0	0
1.004	24.3584	1.4	1000	0.2	30	1000	0.2	0	0
1.005	24.382	1.4	1000	0.2	30	1000	0.2	0	0
1.006	24.4059	1.4	1000	0.2	30	1000	0.2	0	0
1.007	24.4304	1.4	1000	0.2	30	1000	0.2	0	0
1.008	24.4551	1.4	1000	0.2	30	1000	0.2	0	0
1.009	24.4798	1.4	1000	0.2	30	1000	0.2	0	0
1.01	24.5043	1.4	1000	0.2	30	1000	0.2	0	0
1.011	24.5289	1.4	1000	0.2	30	1000	0.2	0	0
1.012	24.5525	1.4	1000	0.2	30	1000	0.2	0	0
1.013	24.5758	1.4	1000	0.2	30	1000	0.2	0	0
1.014	24.5991	1.4	1000	0.2	30	1000	0.2	0	0
1.015	24.622	1.4	1000	0.2	30	1000	0.2	0	0
1.016	24.645	1.4	1000	0.2	30	1000	0.2	0	0
1.017	24.6683	1.4	1000	0.2	30	1000	0.2	0	0
1.018	24.692	1.4	1000	0.2	30	1000	0.2	0	0
1.019	24.716	1.4	1000	0.2	30	1000	0.2	0	0
1.02	24.7397	1.4	1000	0.2	30	1000	0.2	0	0
1.021	24.7627	1.4	1000	0.2	30	1000	0.2	0	0
1.022	24.7853	1.4	1000	0.2	30	1000	0.2	0	0
1.023	24.8077	1.4	1000	0.2	30	1000	0.2	0	0
1.024	24.83	1.4	1000	0.2	30	1000	0.2	0	0
1.025	24.8525	1.4	1000	0.2	30	1000	0.2	0	0
1.026	24.8755	1.4	1000	0.2	30	1000	0.2	0	0
1.027	24.8988	1.4	1000	0.2	30	1000	0.2	0	0
1.028	24.9224	1.4	1000	0.2	30	1000	0.2	0	0
1.029	24.9458	1.4	1000	0.2	30	1000	0.2	0	0
1.03	24.9691	1.4	1000	0.2	30	1000	0.2	0	0
1.031	24.9918	1.4	1000	0.2	30	1000	0.2	0	0
1.032	25.0138	1.4	1000	0.2	30	1000	0.2	0	0
1.033	25.0356	1.4	1000	0.2	30	1000	0.2	0	0
1.034	25.0573	1.4	1000	0.2	30	1000	0.2	0	0
1.035	25.079	1.4	1000	0.2	30	1000	0.2	0	0
1.036	25.1016	1.4	1000	0.2	30	1000	0.2	0	0
1.037	25.1246	1.4	1000	0.2	30	1000	0.2	0	0
1.038	25.1477	1.4	1000	0.2	30	1000	0.2	0	0
1.039	25.171	1.4	1000	0.2	30	1000	0.2	0	0
1.04	25.1937	1.4	1000	0.2	30	1000	0.2	0	0
1.041	25.2161	1.4	1000	0.2	30	1000	0.2	0	0
1.042	25.2385	1.4	1000	0.2	30	1000	0.2	0	0
1.043	25.2604	1.4	1000	0.2	30	1000	0.2	0	0
1.044	25.2821	1.4	1000	0.2	30	1000	0.2	0	0
1.045	25.3038	1.4	1000	0.2	30	1000	0.2	0	0
1.046	25.3254	1.4	1000	0.2	30	1000	0.2	0	0
1.047	25.3473	1.4	1000	0.2	30	1000	0.2	0	0
1.048	25.3687	1.4	1000	0.2	30	1000	0.2	0	0
1.049	25.39	1.4	1000	0.2	30	1000	0.2	0	0
1.05	25.4115	1.4	1000	0.2	30	1000	0.2	0	0
1.051	25.4331	1.4	1000	0.2	30	1000	0.2	0	0
1.052	25.4547	1.4	1000	0.2	30	1000	0.2	0	0
1.053	25.4768	1.4	1000	0.2	30	1000	0.2	0	0
1.054	25.4991	1.4	1000	0.2	30	1000	0.2	0	0
1.055	25.5217	1.4	1000	0.2	30	1000	0.2	0	0
1.056	25.5443	1.4	1000	0.2	30	1000	0.2	0	0
1.057	25.5667	1.4	1000	0.2	30	1000	0.2	0	0
1.058	25.5887	1.4	1000	0.2	30	1000	0.2	0	0
1.059	25.6111	1.4	1000	0.2	30	1000	0.2	0	0
1.06	25.6334	1.4	1000	0.2	30	1000	0.2	0	0
1.061	25.656	1.4	1000	0.2	30	1000	0.2	0	0
1.062	25.6792	1.4	1000	0.2	30	1000	0.2	0	0
1.063	25.7027	1.4	1000	0.2	30	1000	0.2	0	0
1.064	25.7265	1.4	1000	0.2	30	1000	0.2	0	0
1.065	25.7508	1.4	1000	0.2	30	1000	0.2	0	0
1.066	25.7747	1.4	1000	0.2	30	1000	0.2	0	0
1.067	25.7983	1.4	1000	0.2	30	1000	0.2	0	0
1.068	25.8218	1.4	1000	0.2	30	1000	0.2	0	0
1.069	25.845	1.4	1000	0.2	30	1000	0.2	0	0
1.07	25.868	1.4	1000	0.2	30	1000	0.2	0	0
1.071	25.8908	1.4	1000	0.2	30	1000	0.2	0	0
1.072	25.9134	1.4	1000	0.2	30	1000	0.2	0	0
1.073	25.9364	1.4	1000	0.2	30	1000	0.2	0	0
1.074	25.9596	1.4	1000	0.2	30	1000	0.2	0	0
1.075	25.9827	1.4	1000	0.2	30	1000	0.2	0	0
1.076	26.0062	1.4	1000	0.2	30	1000	0.2	0	0
1.077	26.0297	1.4	1000	0.2	30	1000	0.2	0	0
1.078	26.0529	1.4	1000	0.2	30	1000	0.2	0	0
1.079	26.0761	1.4	1000	0.2	30	1000	0.2	0	0
1.08	26.0987	1.4	1000	0.2	30	1000	0.2	0	0
1.081	26.1212	1.4	1000	0.2	30	1000	0.2	0	0
1.082	26.144	1.4	1000	0.2	30	1000	0.2	0	0
1.083	26.1667	1.4	1000	0.2	30	1000	0.2	0	0
1.084	26.1895	1.4	1000	0.2	30	1000	0.2	0	0
1.085	26.2133	1.4	1000	0.2	30	1000	0.2	0	0
1.086	26.2372	1.4	1000	0.2	30	1000	0.2	0	0
1.087	26.2617	1.4	1000	0.2	30	1000	0.2	0	0
1.088	26.2865	1.4	1000	0.2	30	1000	0.2	0	0
1.089	26.311	1.4	1000	0.2	30	1000	0.2	0	0
1.09	26.3354	1.4	1000	0.2	30	1000	0.2	0	0
1.091	26.3598	1.4	1000	0.2	30	1000	0.2	0	0
1.092	26.3839	1.4	1000	0.2	30	1000	0.2	0	0
1.093	26.4086	1.4	1000	0.2	30	1000	0.2	0	0
1.094	26.4332	1.4	1000	0.2	30	1000	0.2	0	0
1.095	26.4573	1.4	1000	0.2	30	1000	0.2	0	0
1.096	26.4816	1.4	1000	0.2	30	1000	0.2	0	0
1.097	26.5052	1.4	1000	0.2	30	1000	0.2	0	0
1.098	26.5288	1.4	1000	0.2	30	1000	0.2	0	0
1.099	26.5529	1.4	1000	0.2	30	1000	0.2	0	0
1.1	26.5769	1.4	1000	0.2	30	1000	0.2	0	0
1.101	26.6014	1.4	1000	0.2	30	1000	0.2	0	0
1.102	26.6268	1.4	1000	0.2	30	1000	0.2	0	0
1.103	26.6522	1.4	1000	0.2	30	1000	0.2	0	0
1.104	26.678	1.4	1000	0.2	30	1000	0.2	0	0
1.105	26.7035	1.4	1000	0.2	30	1000	0.2	0	0
1.106	26.7277	1.4	1000	0.2	30	1000	0.2	0	0
1.107	26.7508	1.4	1000	0.2	30	1000	0.2	0	0
1.108	26.7728	1.4	1000	0.2	30	1000	0.2	0	0
1.109	26.7933	1.4	1000	0.2	30	1000	0.2	0	0
1.11	26.8138	1.4	1000	0.2	30	1000	0.2	0	0
1.111	26.8343	1.4	1000	0.2	30	1000	0.2	0	0
1.112	26.8551	1.4	1000	0.2	30	1000	0.2	0	0
1.113	26.8767	1.4	1000	0.2	30	1000	0.2	0	0
1.114	26.8991	1.4	1000	0.2	30	1000	0.2	0	0
1.115	26.9241	1.4	1000	0.2	30	1000	0.2	0	0
1.116	26.9538	1.4	1000	0.2	30	1000	0.2	0	0
1.117	26.9887	1.4	1000	0.2	30	1000	0.2	0	0
1.118	27.03	1.4	1000	0.2	30	1000	0.2	0	0
1.119	27.079	1.4	1000	0.2	30	1000	0.2	0	0
1.12	27.1335	1.4	1000	0.2	30	1000	0.2	0	0
1.121	27.1922	1.4	1000	0.2	30	1000	0.2	0	0
1.122	27.253	1.4	1000	0.2	30	1000	0.2	0	0
1.123	27.3122	1.4	1000	0.2	30	1000	0.2	0	0
1.124	27.3678	1.4	1000	0.2	30	1000	0.2	0	0
1.125	27.4168	1.4	1000	0.2	30	1000	0.2	0	0
1.126	27.457	1.4	1000	0.2	30	1000	0.2	0	0
1.127	27.4907	1.4	1000	0.2	30	1000	0.2	0	0
1.128	27.5187	1.4	1000	0.2	30	1000	0.2	0	0
1.129	27.5407	1.4	1000	0.2	30	1000	0.2	0	0
1.13	27.5594	1.4	1000	0.2	30	1000	0.2	0	0
1.131	27.5744	1.4	1000	0.2	30	1000	0.2	0	0
1.132	27.5872	1.4	1000	0.2	30	1000	0.2	0	0
1.133	27.599	1.4	1000	0.2	30	1000	0.2	0	0
1.134	27.6098	1.4	1000	0.2	30	1000	0.2	0	0
1.135	27.6204	1.4	1000	0.2	30	1000	0.2	0	0
1.136	27.6316	1.4	1000	0.2	30	1000	0.2	0	0
1.137	27.6419	1.4	1000	0.2	30	1000	0.2	0	0
1.138	27.6546	1.4	1000	0.2	30	1000	0.2	0	0
1.139	27.6688	1.4	1000	0.2	30	1000	0.2	0	0
1.14	27.6829	1.4	1000	0.2	30	1000	0.2	0	0
1.141	27.6983	1.4	1000	0.2	30	1000	0.2	0	0
1.142	27.7131	1.4	1000	0.2	30	1000	0.2	0	0
1.143	27.7276	1.4	1000	0.2	30	1000	0.2	0	0
1.144	27.7434	1.4	1000	0.2	30	1000	0.2	0	0
1.145	27.7567	1.4	1000	0.2	30	1000	0.2	0	0
1.146	27.7705	1.4	1000	0.2	30	1000	0.2	0	0
1.147	27.7853	1.4	1000	0.2	30	1000	0.2	0	0
1.148	27.797	1.4	1000	0.2	30	1000	0.2	0	0
1.149	27.809	1.4	1000	0.2	30	1000	0.2	0	0
1.15	27.819	1.4	1000	0.2	30	1000	0.2	0	0
1.151	27.8261	1.4	1000	0.2	30	1000	0.2	0	0
1.152	27.8332	1.4	1000	0.2	30	1000	0.2	0	0
1.153	27.8393	1.4	1000	0.2	30	1000	0.2	0	0
1.154	27.845	1.4	1000	0.2	30	1000	0.2	0	0
1.155	27.8527	1.4	1000	0.2	30	1000	0.2	0	0
1.156	27.8608	1.4	1000	0.2	30	1000	0.2	0	0
1.157	27.8702	1.4	1000	0.2	30	1000	0.2	0	0
1.158	27.8816	1.4	1000	0.2	30	1000	0.2	0	0
1.159	27.8935	1.4	1000	0.2	30	1000	0.2	0	0
1.16	27.9052	1.4	1000	0.2	30	1000	0.2	0	0
1.161	27.9175	1.4	1000	0.2	30	1000	0.2	0	0
1.162	27.9299	1.4	1000	0.2	30	1000	0.2	0	0
1.163	27.9429	1.4	1000	0.2	30	1000	0.2	0	0
1.164	27.9572	1.4	1000	0.2	30	1000	0.2	0	0
1.165	27.9717	1.4	1000	0.2	30	1000	0.2	0	0
1.166	27.987	1.4	1000	0.2	30	1000	0.2	0	0
1.167	28.0027	1.4	1000	0.2	30	1000	0.2	0	0
1.168	28.0185	1.4	1000	0.2	30	1000	0.2	0	0
1.169	28.035	1.4	1000	0.2	30	1000	0.2	0	0
1.17	28.0515	1.4	1000	0.2	30	1000	0.2	0	0
1.171	28.0684	1.4	1000	0.2	30	1000	0.2	0	0
1.172	28.086	1.4	1000	0.2	30	1000	0.2	0	0
1.173	28.1038	1.4	1000	0.2	30	1000	0.2	0	0
1.174	28.1225	1.4	1000	0.2	30	1000	0.2	0	0
1.175	28.1416	1.4	1000	0.2	30	1000	0.2	0	0
1.176	28.1604	1.4	1000	0.2	30	1000	0.2	0	0
1.177	28.1795	1.4	1000	0.2	30	1000	0.2	0	0
1.178	28.1993	1.4	1000	0.2	30	1000	0.2	0	0
1.179	28.2187	1.4	1000	0.2	30	1000	0.2	0	0
1.18	28.2383	1.4	1000	0.2	30	1000	0.2	0	0
1.181	28.2582	1.4	1000	0.2	30	1000	0.2	0	0
1.182	28.2778	1.4	1000	0.2	30	1000	0.2	0	0
1.183	28.2982	1.4	1000	0.2	30	1000	0.2	0	0
1.184	28.3186	1.4	1000	0.2	30	1000	0.2	0	0
1.185	28.3388	1.4	1000	0.2	30	1000	0.2	0	0
1.186	28.3596	1.4	1000	0.2	30	1000	0.2	0	0
1.187	28.38	1.4	1000	0.2	30	1000	0.2	0	0
1.188	28.4	1.4	1000	0.2	30	1000	0.2	0	0
1.189	28.42	1.4	1000	0.2	30	1000	0.2	0	0
1.19	28.439	1.4	1000	0.2	30	1000	0.2	0	0
1.191	28.4577	1.4	1000	0.2	30	1000	0.2	0	0
1.192	28.476	1.4	1000	0.2	30	1000	0.2	0	0
1.193	28.4934	1.4	1000	0.2	30	1000	0.2	0	0
1.194	28.5112	1.4	1000	0.2	30	1000	0.2	0	0
1.195	28.5296	1.4	1000	0.2	30	1000	0.2	0	0
1.196	28.5484	1.4	1000	0.2	30	1000	0.2	0	0
1.197	28.5683	1.4	1000	0.2	30	1000	0.2	0	0
1.198	28.5889	1.4	1000	0.2	30	1000	0.2	0	0
1.199	28.61	1.4	1000	0.2	30	1000	0.2	0	0
1.2	28.6321	1.4	1000	0.2	30	1000	0.2	0	0
1.201	28.6542	1.4	1000	0.2	30	1000	0.2	0	0
1.202	28.6763	1.4	1000	0.2	30	1000	0.2	0	0
1.203	28.6988	1.4	1000	0.2	30	1000	0.2	0	0
1.204	28.721	1.4	1000	0.2	30	1000	0.2	0	0
1.205	28.7435	1.4	1000	0.2	30	1000	0.2	0	0
1.206	28.7662	1.4	1000	0.2	30	1000	0.2	0	0
1.207	28.7886	1.4	1000	0.2	30	1000	0.2	0	0
1.208	28.8111	1.4	1000	0.2	30	1000	0.2	0	0
1.209	28.8332	1.4	1000	0.2	30	1000	0.2	0	0
1.21	28.8552	1.4	1000	0.2	30	1000	0.2	0	0
1.211	28.8772	1.4	1000	0.2	30	1000	0.2	0	0
1.212	28.8989	1.4	1000	0.2	30	1000	0.2	0	0
1.213	28.9204	1.4	1000	0.2	30	1000	0.2	0	0
1.214	28.9423	1.4	1000	0.2	30	1000	0.2	0	0
1.215	28.9642	1.4	1000	0.2	30	1000	0.2	0	0
1.216	28.9862	1.4	1000	0.2	30	1000	0.2	0	0
1.217	29.008	1.4	1000	0.2	30	1000	0.2	0	0
1.218	29.0294	1.4	1000	0.2	30	1000	0.2	0	0
1.219	29.0507	1.4	1000	0.2	30	1000	0.2	0	0
1.22	29.0719	1.4	1000	0.2	30	1000	0.2	0	0
1.221	29.0928	1.4	1000	0.2	30	1000	0.2	0	0
1.222	29.114	1.4	1000	0.2	30	1000	0.2	0	0
1.223	29.1354	1.4	1000	0.2	30	1000	0.2	0	0
1.224	29.1566	1.4	1000	0.2	30	1000	0.2	0	0
1.225	29.1784	1.4	1000	0.2	30	1000	0.2	0	0
1.226	29.2003	1.4	1000	0.2	30	1000	0.2	0	0
1.227	29.2222	1.4	1000	0.2	30	1000	0.2	0	0
1.228	29.2443	1.4	1000	0.2	30	1000	0.2	0	0
1.229	29.266	1.4	1000	0.2	30	1000	0.2	0	0
1.23	29.2875	1.4	1000	0.2	30	1000	0.2	0	0
1.231	29.3088	1.4	1000	0.2	30	1000	0.2	0	0
1.232	29.3295	1.4	1000	0.2	30	1000	0.2	0	0
1.233	29.3499	1.4	1000	0.2	30	1000	0.2	0	0
1.234	29.37	1.4	1000	0.2	30	1000	0.2	0	0
1.235	29.3896	1.4	1000	0.2	30	1000	0.2	0	0
1.236	29.4092	1.4	1000	0.2	30	1000	0.2	0	0
1.237	29.4291	1.4	1000	0.2	30	1000	0.2	0	0
1.238	29.4493	1.4	1000	0.2	30	1000	0.2	0	0
1.239	29.4702	1.4	1000	0.2	30	1000	0.2	0	0
1.24	29.4912	1.4	1000	0.2	30	1000	0.2	0	0
1.241	29.5121	1.4	1000	0.2	30	1000	0.2	0	0
1.242	29.5332	1.4	1000	0.2	30	1000	0.2	0	0
1.243	29.5541	1.4	1000	0.2	30	1000	0.2	0	0
1.244	29.5749	1.4	1000	0.2	30	1000	0.2	0	0
1.245	29.5959	1.4	1000	0.2	30	1000	0.2	0	0
1.246	29.6168	1.4	1000	0.2	30	1000	0.2	0	0
1.247	29.6377	1.4	1000	0.2	30	1000	0.2	0	0
1.248	29.6586	1.4	1000	0.2	30	1000	0.2	0	0
1.249	29.6793	1.4	1000	0.2	30	1000	0.2	0	0
1.25	29.6999	1.4	1000	0.2	30	1000	0.2	0	0
1.251	29.7203	1.4	1000	0.2	30	1000	0.2	0	0
1.252	29.7403	1.4	1000	0.2	30	1000	0.2	0	0
1.253	29.7598	1.4	1000	0.2	30	1000	0.2	0	0
1.254	29.7788	1.4	1000	0.2	30	1000	0.2	0	0
1.255	29.7975	1.4	1000	0.2	30	1000	0.2	0	0
1.256	29.8161	1.4	1000	0.2	30	1000	0.2	0	0
1.257	29.8345	1.4	1000	0.2	30	1000	0.2	0	0
1.258	29.8527	1.4	1000	0.2	30	1000	0.2	0	0
1.259	29.8709	1.4	1000	0.2	30	1000	0.2	0	0
1.26	29.8891	1.4	1000	0.2	30	1000	0.2	0	0
1.261	29.9078	1.4	1000	0.2	30	1000	0.2	0	0
1.262	29.927	1.4	1000	0.2	30	1000	0.2	0	0
1.263	29.9468	1.4	1000	0.2	30	1000	0.2	0	0
1.264	29.9673	1.4	1000	0.2	30	1000	0.2	0	0
1.265	29.9881	1.4	1000	0.2	30	1000	0.2	0	0
1.266	30.0089	1.4	1000	0.2	30	1000	0.2	0	0
1.267	30.0298	1.4	1000	0.2	30	1000	0.2	0	0
1.268	30.0503	1.4	1000	0.2	30	1000	0.2	0	0
1.269	30.0702	1.4	1000	0.2	30	1000	0.2	0	0
1.27	30.0895	1.4	1000	0.2	30	1000	0.2	0	0
1.271	30.1079	1.4	1000	0.2	30	1000	0.2	0	0
1.272	30.1256	1.4	1000	0.2	30	1000	0.2	0	0
1.273	30.1422	1.4	1000	0.2	30	1000	0.2	0	0
1.274	30.158	1.4	1000	0.2	30	1000	0.2	0	0
1.275	30.1737	1.4	1000	0.2	30	1000	0.2	0	0
1.276	30.1885	1.4	1000	0.2	30	1000	0.2	0	0
1.277	30.2029	1.4	1000	0.2	30	1000	0.2	0	0
1.278	30.2173	1.4	1000	0.2	30	1000	0.2	0	0
1.279	30.2315	1.4	1000	0.2	30	1000	0.2	0	0
1.28	30.246	1.4	1000	0.2	30	1000	0.2	0	0
1.281	30.261	1.4	1000	0.2	30	1000	0.2	0	0
1.282	30.2758	1.4	1000	0.2	30	1000	0.2	0	0
1.283	30.2906	1.4	1000	0.2	30	1000	0.2	0	0
1.284	30.3052	1.4	1000	0.2	30	1000	0.2	0	0
1.285	30.3195	1.4	1000	0.2	30	1000	0.2	0	0
1.286	30.3338	1.4	1000	0.2	30	1000	0.2	0	0
1.287	30.3484	1.4	1000	0.2	30	1000	0.2	0	0
1.288	30.3625	1.4	1000	0.2	30	1000	0.2	0	0
1.289	30.3764	1.4	1000	0.2	30	1000	0.2	0	0
1.29	30.3906	1.4	1000	0.2	30	1000	0.2	0	0
1.291	30.4044	1.4	1000	0.2	30	1000	0.2	0	0
1.292	30.418	1.4	1000	0.2	30	1000	0.2	0	0
1.293	30.4312	1.4	1000	0.2	30	1000	0.2	0	0
1.294	30.4438	1.4	1000	0.2	30	1000	0.2	0	0
1.295	30.4565	1.4	1000	0.2	30	1000	0.2	0	0
1.296	30.469	1.4	1000	0.2	30	1000	0.2	0	0
1.297	30.4815	1.4	1000	0.2	30	1000	0.2	0	0
1.298	30.4941	1.4	1000	0.2	30	1000	0.2	0	0
1.299	30.506	1.4	1000	0.2	30	1000	0.2	0	0
1.3	30.5175	1.4	1000	0.2	30	1000	0.2	0	0
1.301	30.5287	1.4	1000	0.2	30	1000	0.2	0	0
1.302	30.5393	1.4	1000	0.2	30	1000	0.2	0	0
1.303	30.55	1.4	1000	0.2	30	1000	0.2	0	0
1.304	30.5606	1.4	1000	0.2	30	1000	0.2	0	0
1.305	30.571	1.4	1000	0.2	30	1000	0.2	0	0
1.306	30.5817	1.4	1000	0.2	30	1000	0.2	0	0
1.307	30.5924	1.4	1000	0.2	30	1000	0.2	0	0
1.308	30.6026	1.4	1000	0.2	30	1000	0.2	0	0
1.309	30.6124	1.4	1000	0.2	30	1000	0.2	0	0
1.31	30.6213	1.4	1000	0.2	30	1000	0.2	0	0
1.311	30.6297	1.4	1000	0.2	30	1000	0.2	0	0
1.312	30.638	1.4	1000	0.2	30	1000	0.2	0	0
1.313	30.6459	1.4	1000	0.2	30	1000	0.2	0	0
1.314	30.6537	1.4	1000	0.2	30	1000	0.2	0	0
1.315	30.6615	1.4	1000	0.2	30	1000	0.2	0	0
1.316	30.6692	1.4	1000	0.2	30	1000	0.2	0	0
1.317	30.6766	1.4	1000	0.2	30	1000	0.2	0	0
1.318	30.6831	1.4	1000	0.2	30	1000	0.2	0	0
1.319	30.6888	1.4	1000	0.2	30	1000	0.2	0	0
1.32	30.6939	1.4	1000	0.2	30	1000	0.2	0	0
1.321	30.6985	1.4	1000	0.2	30	1000	0.2	0	0
1.322	30.7028	1.4	1000	0.2	30	1000	0.2	0	0
1.323	30.7065	1.4	1000	0.2	30	1000	0.2	0	0
1.324	30.7097	1.4	1000	0.2	30	1000	0.2	0	0
1.325	30.7133	1.4	1000	0.2	30	1000	0.2	0	0
1.326	30.7167	1.4	1000	0.2	30	1000	0.2	0	0
1.327	30.7199	1.4	1000	0.2	30	1000	0.2	0	0
1.328	30.7231	1.4	1000	0.2	30	1000	0.2	0	0
1.329	30.7256	1.4	1000	0.2	30	1000	0.2	0	0
1.33	30.7284	1.4	1000	0.2	30	1000	0.2	0	0
1.331	30.7321	1.4	1000	0.2	30	1000	0.2	0	0
1.332	30.735	1.4	1000	0.2	30	1000	0.2	0	0
1.333	30.7376	1.4	1000	0.2	30	1000	0.2	0	0
1.334	30.7394	1.4	1000	0.2	30	1000	0.2	0	0
1.335	30.74	1.4	1000	0.2	30	1000	0.2	0	0
1.336	30.7398	1.4	1000	0.2	30	1000	0.2	0	0
1.337	30.7291	1.4	1000	0.2	30	1000	0.2	0	0
1.338	30.7073	1.4	1000	0.2	30	1000	0.2	0	0
1.339	30.6756	1.4	1000	0.2	30	1000	0.2	0	0
1.34	30.6339	1.4	1000	0.2	30	1000	0.2	0	0
1.341	30.5824	1.4	1000	0.2	30	1000	0.2	0	0
1.342	30.5218	1.4	1000	0.2	30	1000	0.2	0	0
1.343	30.4519	1.4	1000	0.2	30	1000	0.2	0	0
1.344	30.382	1.4	1000	0.2	30	1000	0.2	0	0
1.345	30.3121	1.4	1000	0.2	30	1000	0.2	0	0
1.346	30.2422	1.4	1000	0.2	30	1000	0.2	0	0
1.347	30.1723	1.4	1000	0.2	30	1000	0.2	0	0
1.348	30.1024	1.4	1000	0.2	30	1000	0.2	0	0
1.349	30.0324	1.4	1000	0.2	30	1000	0.2	0	0
1.35	29.9625	1.4	1000	0.2	30	1000	0.2	0	0
1.351	29.8926	1.4	1000	0.2	30	1000	0.2	0	0
1.352	29.8227	1.4	1000	0.2	30	1000	0.2	0	0
1.353	29.7528	1.4	1000	0.2	30	1000	0.2	0	0
1.354	29.6829	1.4	1000	0.2	30	1000	0.2	0	0
1.355	29.613	1.4	1000	0.2	30	1000	0.2	0	0
1.356	29.5431	1.4	1000	0.2	30	1000	0.2	0	0
1.357	29.4731	1.4	1000	0.2	30	1000	0.2	0	0
1.358	29.4032	1.4	1000	0.2	30	1000	0.2	0	0
1.359	29.3333	1.4	1000	0.2	30	1000	0.2	0	0
1.36	29.2634	1.4	1000	0.2	30	1000	0.2	0	0
1.361	29.1935	1.4	1000	0.2	30	1000	0.2	0	0
1.362	29.1236	1.4	1000	0.2	30	1000	0.2	0	0
1.363	29.0537	1.4	1000	0.2	30	1000	0.2	0	0
1.364	28.9838	1.4	1000	0.2	30	1000	0.2	0	0
1.365	28.9138	1.4	1000	0.2	30	1000	0.2	0	0
1.366	28.8439	1.4	1000	0.2	30	1000	0.2	0	0
1.367	28.774	1.4	1000	0.2	30	1000	0.2	0	0
1.368	28.7041	1.4	1000	0.2	30	1000	0.2	0	0
1.369	28.6342	1.4	1000	0.2	30	1000	0.2	0	0
1.37	28.5643	1.4	1000	0.2	30	1000	0.2	0	0
1.371	28.4944	1.4	1000	0.2	30	1000	0.2	0	0
1.372	28.4245	1.4	1000	0.2	30	1000	0.2	0	0
1.373	28.3545	1.4	1000	0.2	30	1000	0.2	0	0
1.374	28.2846	1.4	1000	0.2	30	1000	0.2	0	0
1.375	28.2147	1.4	1000	0.2	30	1000	0.2	0	0
1.376	28.1448	1.4	1000	0.2	30	1000	0.2	0	0
1.377	28.0749	1.4	1000	0.2	30	1000	0.2	0	0
1.378	28.005	1.4	1000	0.2	30	1000	0.2	0	0
1.379	27.9351	1.4	1000	0.2	30	1000	0.2	0	0
1.38	27.8652	1.4	1000	0.2	30	1000	0.2	0	0
1.381	27.7952	1.4	1000	0.2	30	1000	0.2	0	0
1.382	27.7253	1.4	1000	0.2	30	1000	0.2	0	0
1.383	27.6554	1.4	1000	0.2	30	1000	0.2	0	0
1.384	27.5855	1.4	1000	0.2	30	1000	0.2	0	0
1.385	27.5156	1.4	1000	0.2	30	1000	0.2	0	0
1.386	27.4457	1.4	1000	0.2	30	1000	0.2	0	0
1.387	27.3758	1.4	1000	0.2	30	1000	0.2	0	0
1.388	27.3059	1.4	1000	0.2	30	1000	0.2	0	0
1.389	27.2359	1.4	1000	0.2	30	1000	0.2	0	0
1.39	27.166	1.4	1000	0.2	30	1000	0.2	0	0
1.391	27.0961	1.4	1000	0.2	30	1000	0.2	0	0
1.392	27.0262	1.4	1000	0.2	30	1000	0.2	0	0
1.393	26.9563	1.4	1000	0.2	30	1000	0.2	0	0
1.394	26.8864	1.4	1000	0.2	30	1000	0.2	0	0
1.395	26.8165	1.4	1000	0.2	30	1000	0.2	0	0
1.396	26.7466	1.4	1000	0.2	30	1000	0.2	0	0
1.397	26.6767	1.4	1000	0.2	30	1000	0.2	0	0
1.398	26.6067	1.4	1000	0.2	30	1000	0.2	0	0
1.399	26.5368	1.4	1000	0.2	30	1000	0.2	0	0
1.4	26.4669	1.4	1000	0.2	30	1000	0.2	0	0
1.401	26.397	1.4	1000	0.2	30	1000	0.2	0	0
1.402	26.327	1.4	1000	0.2	30	1000	0.2	0	0
1.403	26.257	1.4	1000	0.2	30	1000	0.2	0	0
1.404	26.187	1.4	1000	0.2	30	1000	0.2	0	0
1.405	26.117	1.4	1000	0.2	30	1000	0.2	0	0
1.406	26.047	1.4	1000	0.2	30	1000	0.2	0	0
1.407	25.977	1.4	1000	0.2	30	1000	0.2	0	0
1.408	25.907	1.4	1000	0.2	30	1000	0.2	0	0
1.409	25.8369	1.4	1000	0.2	30	1000	0.2	0	0
1.41	25.7669	1.4	1000	0.2	30	1000	0.2	0	0
1.411	25.6969	1.4	1000	0.2	30	1000	0.2	0	0
1.412	25.6269	1.4	1000	0.2	30	1000	0.2	0	0
1.413	25.5568	1.4	1000	0.2	30	1000	0.2	0	0
1.414	25.4868	1.4	1000	0.2	30	1000	0.2	0	0
1.415	25.4168	1.4	1000	0.2	30	1000	0.2	0	0
1.416	25.3468	1.4	1000	0.2	30	1000	0.2	0	0
1.417	25.2863	1.4	1000	0.2	30	1000	0.2	0	0
1.418	25.2439	1.4	1000	0.2	30	1000	0.2	0	0
1.419	25.2254	1.4	1000	0.2	30	1000	0.2	0	0
1.42	25.226	1.4	1000	0.2	30	1000	0.2	0	0
1.421	25.2495	1.4	1000	0.2	30	1000	0.2	0	0
1.422	25.2867	1.4	1000	0.2	30	1000	0.2	0	0
1.423	25.3309	1.4	1000	0.2	30	1000	0.2	0	0
1.424	25.377	1.4	1000	0.2	30	1000	0.2	0	0
1.425	25.4139	1.4	1000	0.2	30	1000	0.2	0	0
1.426	25.4381	1.4	1000	0.2	30	1000	0.2	0	0
1.427	25.4592	1.4	1000	0.2	30	1000	0.2	0	0
1.428	25.4703	1.4	1000	0.2	30	1000	0.2	0	0
1.429	25.4801	1.4	1000	0.2	30	1000	0.2	0	0
1.43	25.4928	1.4	1000	0.2	30	1000	0.2	0	0
1.431	25.5028	1.4	1000	0.2	30	1000	0.2	0	0
1.432	25.513	1.4	1000	0.2	30	1000	0.2	0	0
1.433	25.5198	1.4	1000	0.2	30	1000	0.2	0	0
1.434	25.5228	1.4	1000	0.2	30	1000	0.2	0	0
1.435	25.5263	1.4	1000	0.2	30	1000	0.2	0	0
1.436	25.5274	1.4	1000	0.2	30	1000	0.2	0	0
1.437	25.5323	1.4	1000	0.2	30	1000	0.2	0	0
1.438	25.5421	1.4	1000	0.2	30	1000	0.2	0	0
1.439	25.5543	1.4	1000	0.2	30	1000	0.2	0	0
1.44	25.5717	1.4	1000	0.2	30	1000	0.2	0	0
1.441	25.5894	1.4	1000	0.2	30	1000	0.2	0	0
1.442	25.6044	1.4	1000	0.2	30	1000	0.2	0	0
1.443	25.624	1.4	1000	0.2	30	1000	0.2	0	0
1.444	25.6471	1.4	1000	0.2	30	1000	0.2	0	0
1.445	25.67	1.4	1000	0.2	30	1000	0.2	0	0
1.446	25.694	1.4	1000	0.2	30	1000	0.2	0	0
1.447	25.7182	1.4	1000	0.2	30	1000	0.2	0	0
1.448	25.7411	1.4	1000	0.2	30	1000	0.2	0	0
1.449	25.7666	1.4	1000	0.2	30	1000	0.2	0	0
1.45	25.7923	1.4	1000	0.2	30	1000	0.2	0	0
1.451	25.8135	1.4	1000	0.2	30	1000	0.2	0	0
1.452	25.8338	1.4	1000	0.2	30	1000	0.2	0	0
1.453	25.8533	1.4	1000	0.2	30	1000	0.2	0	0
1.454	25.8715	1.4	1000	0.2	30	1000	0.2	0	0
1.455	25.8896	1.4	1000	0.2	30	1000	0.2	0	0
1.456	25.9057	1.4	1000	0.2	30	1000	0.2	0	0
1.457	25.918	1.4	1000	0.2	30	1000	0.2	0	0
1.458	25.928	1.4	1000	0.2	30	1000	0.2	0	0
1.459	25.9367	1.4	1000	0.2	30	1000	0.2	0	0
1.46	25.9438	1.4	1000	0.2	30	1000	0.2	0	0
1.461	25.9517	1.4	1000	0.2	30	1000	0.2	0	0
1.462	25.9626	1.4	1000	0.2	30	1000	0.2	0	0
1.463	25.9766	1.4	1000	0.2	30	1000	0.2	0	0
1.464	25.9952	1.4	1000	0.2	30	1000	0.2	0	0
1.465	26.019	1.4	1000	0.2	30	1000	0.2	0	0
1.466	26.0459	1.4	1000	0.2	30	1000	0.2	0	0
1.467	26.0788	1.4	1000	0.2	30	1000	0.2	0	0
1.468	26.1171	1.4	1000	0.2	30	1000	0.2	0	0
1.469	26.1579	1.4	1000	0.2	30	1000	0.2	0	0
1.47	26.201	1.4	1000	0.2	30	1000	0.2	0	0
1.471	26.2457	1.4	1000	0.2	30	1000	0.2	0	0
1.472	26.2911	1.4	1000	0.2	30	1000	0.2	0	0
1.473	26.3396	1.4	1000	0.2	30	1000	0.2	0	0
1.474	26.3895	1.4	1000	0.2	30	1000	0.2	0	0
1.475	26.4389	1.4	1000	0.2	30	1000	0.2	0	0
1.476	26.4875	1.4	1000	0.2	30	1000	0.2	0	0
1.477	26.5367	1.4	1000	0.2	30	1000	0.2	0	0
1.478	26.5856	1.4	1000	0.2	30	1000	0.2	0	0
1.479	26.6358	1.4	1000	0.2	30	1000	0.2	0	0
1.48	26.6867	1.4	1000	0.2	30	1000	0.2	0	0
1.481	26.7387	1.4	1000	0.2	30	1000	0.2	0	0
1.482	26.7909	1.4	1000	0.2	30	1000	0.2	0	0
1.483	26.8439	1.4	1000	0.2	30	1000	0.2	0	0
1.484	26.8973	1.4	1000	0.2	30	1000	0.2	0	0
1.485	26.951	1.4	1000	0.2	30	1000	0.2	0	0
1.486	27.0047	1.4	1000	0.2	30	1000	0.2	0	0
1.487	27.0584	1.4	1000	0.2	30	1000	0.2	0	0
1.488	27.1102	1.4	1000	0.2	30	1000	0.2	0	0
1.489	27.1616	1.4	1000	0.2	30	1000	0.2	0	0
1.49	27.2118	1.4	1000	0.2	30	1000	0.2	0	0
1.491	27.2602	1.4	1000	0.2	30	1000	0.2	0	0
1.492	27.3083	1.4	1000	0.2	30	1000	0.2	0	0
1.493	27.3547	1.4	1000	0.2	30	1000	0.2	0	0
1.494	27.3998	1.4	1000	0.2	30	1000	0.2	0	0
1.495	27.4445	1.4	1000	0.2	30	1000	0.2	0	0
1.496	27.488	1.4	1000	0.2	30	1000	0.2	0	0
1.497	27.5316	1.4	1000	0.2	30	1000	0.2	0	0
1.498	27.5758	1.4	1000	0.2	30	1000	0.2	0	0
1.499	27.6201	1.4	1000	0.2	30	1000	0.2	0	0
1.5	27.6651	1.4	1000	0.2	30	1000	0.2	0	0
1.501	27.7111	1.4	1000	0.2	30	1000	0.2	0	0
1.502	27.7575	1.4	1000	0.2	30	1000	0.2	0	0
1.503	27.8054	1.4	1000	0.2	30	1000	0.2	0	0
1.504	27.8539	1.4	1000	0.2	30	1000	0.2	0	0
1.505	27.9021	1.4	1000	0.2	30	1000	0.2	0	0
1.506	27.9502	1.4	1000	0.2	30	1000	0.2	0	0
1.507	27.9978	1.4	1000	0.2	30	1000	0.2	0	0
1.508	28.0441	1.4	1000	0.2	30	1000	0.2	0	0
1.509	28.0898	1.4	1000	0.2	30	1000	0.2	0	0
1.51	28.1345	1.4	1000	0.2	30	1000	0.2	0	0
1.511	28.1784	1.4	1000	0.2	30	1000	0.2	0	0
1.512	28.2223	1.4	1000	0.2	30	1000	0.2	0	0
1.513	28.2663	1.4	1000	0.2	30	1000	0.2	0	0
1.514	28.31	1.4	1000	0.2	30	1000	0.2	0	0
1.515	28.3536	1.4	1000	0.2	30	1000	0.2	0	0
1.516	28.3969	1.4	1000	0.2	30	1000	0.2	0	0
1.517	28.44	1.4	1000	0.2	30	1000	0.2	0	0
1.518	28.4832	1.4	1000	0.2	30	1000	0.2	0	0
1.519	28.5263	1.4	1000	0.2	30	1000	0.2	0	0
1.52	28.5685	1.4	1000	0.2	30	1000	0.2	0	0
1.521	28.6098	1.4	1000	0.2	30	1000	0.2	0	0
1.522	28.6506	1.4	1000	0.2	30	1000	0.2	0	0
1.523	28.6906	1.4	1000	0.2	30	1000	0.2	0	0
1.524	28.7305	1.4	1000	0.2	30	1000	0.2	0	0
1.525	28.7703	1.4	1000	0.2	30	1000	0.2	0	0
1.526	28.8097	1.4	1000	0.2	30	1000	0.2	0	0
1.527	28.8492	1.4	1000	0.2	30	1000	0.2	0	0
1.528	28.8887	1.4	1000	0.2	30	1000	0.2	0	0
1.529	28.9278	1.4	1000	0.2	30	1000	0.2	0	0
1.53	28.9667	1.4	1000	0.2	30	1000	0.2	0	0
1.531	29.0049	1.4	1000	0.2	30	1000	0.2	0	0
1.532	29.0424	1.4	1000	0.2	30	1000	0.2	0	0
1.533	29.0796	1.4	1000	0.2	30	1000	0.2	0	0
1.534	29.1163	1.4	1000	0.2	30	1000	0.2	0	0
1.535	29.1527	1.4	1000	0.2	30	1000	0.2	0	0
1.536	29.1891	1.4	1000	0.2	30	1000	0.2	0	0
1.537	29.2252	1.4	1000	0.2	30	1000	0.2	0	0
1.538	29.2614	1.4	1000	0.2	30	1000	0.2	0	0
1.539	29.2977	1.4	1000	0.2	30	1000	0.2	0	0
1.54	29.3338	1.4	1000	0.2	30	1000	0.2	0	0
1.541	29.3699	1.4	1000	0.2	30	1000	0.2	0	0
1.542	29.406	1.4	1000	0.2	30	1000	0.2	0	0
1.543	29.442	1.4	1000	0.2	30	1000	0.2	0	0
1.544	29.4779	1.4	1000	0.2	30	1000	0.2	0	0
1.545	29.5137	1.4	1000	0.2	30	1000	0.2	0	0
1.546	29.549	1.4	1000	0.2	30	1000	0.2	0	0
1.547	29.5838	1.4	1000	0.2	30	1000	0.2	0	0
1.548	29.618	1.4	1000	0.2	30	1000	0.2	0	0
1.549	29.6517	1.4	1000	0.2	30	1000	0.2	0	0
1.55	29.6849	1.4	1000	0.2	30	1000	0.2	0	0
1.551	29.7182	1.4	1000	0.2	30	1000	0.2	0	0
1.552	29.7509	1.4	1000	0.2	30	1000	0.2	0	0
1.553	29.783	1.4	1000	0.2	30	1000	0.2	0	0
1.554	29.8146	1.4	1000	0.2	30	1000	0.2	0	0
1.555	29.8452	1.4	1000	0.2	30	1000	0.2	0	0
1.556	29.8752	1.4	1000	0.2	30	1000	0.2	0	0
1.557	29.9049	1.4	1000	0.2	30	1000	0.2	0	0
1.558	29.9337	1.4	1000	0.2	30	1000	0.2	0	0
1.559	29.9625	1.4	1000	0.2	30	1000	0.2	0	0
1.56	29.9912	1.4	1000	0.2	30	1000	0.2	0	0
1.561	30.0197	1.4	1000	0.2	30	1000	0.2	0	0
1.562	30.0486	1.4	1000	0.2	30	1000	0.2	0	0
1.563	30.0776	1.4	1000	0.2	30	1000	0.2	0	0
1.564	30.1061	1.4	1000	0.2	30	1000	0.2	0	0
1.565	30.1348	1.4	1000	0.2	30	1000	0.2	0	0
1.566	30.1626	1.4	1000	0.2	30	1000	0.2	0	0
1.567	30.1898	1.4	1000	0.2	30	1000	0.2	0	0
1.568	30.2171	1.4	1000	0.2	30	1000	0.2	0	0
1.569	30.2438	1.4	1000	0.2	30	1000	0.2	0	0
1.57	30.2707	1.4	1000	0.2	30	1000	0.2	0	0
1.571	30.2979	1.4	1000	0.2	30	1000	0.2	0	0
1.572	30.325	1.4	1000	0.2	30	1000	0.2	0	0
1.573	30.353	1.4	1000	0.2	30	1000	0.2	0	0
1.574	30.3814	1.4	1000	0.2	30	1000	0.2	0	0
1.575	30.4099	1.4	1000	0.2	30	1000	0.2	0	0
1.576	30.4384	1.4	1000	0.2	30	1000	0.2	0	0
1.577	30.4662	1.4	1000	0.2	30	1000	0.2	0	0
1.578	30.4936	1.4	1000	0.2	30	1000	0.2	0	0
1.579	30.5205	1.4	1000	0.2	30	1000	0.2	0	0
1.58	30.5468	1.4	1000	0.2	30	1000	0.2	0	0
1.581	30.5728	1.4	1000	0.2	30	1000	0.2	0	0
1.582	30.5982	1.4	1000	0.2	30	1000	0.2	0	0
1.583	30.6237	1.4	1000	0.2	30	1000	0.2	0	0
1.584	30.6496	1.4	1000	0.2	30	1000	0.2	0	0
1.585	30.6751	1.4	1000	0.2	30	1000	0.2	0	0
1.586	30.7008	1.4	1000	0.2	30	1000	0.2	0	0
1.587	30.726	1.4	1000	0.2	30	1000	0.2	0	0
1.588	30.751	1.4	1000	0.2	30	1000	0.2	0	0
1.589	30.7761	1.4	1000	0.2	30	1000	0.2	0	0
1.59	30.8008	1.4	1000	0.2	30	1000	0.2	0	0
1.591	30.8252	1.4	1000	0.2	30	1000	0.2	0	0
1.592	30.8492	1.4	1000	0.2	30	1000	0.2	0	0
1.593	30.8724	1.4	1000	0.2	30	1000	0.2	0	0
1.594	30.8955	1.4	1000	0.2	30	1000	0.2	0	0
1.595	30.9182	1.4	1000	0.2	30	1000	0.2	0	0
1.596	30.9406	1.4	1000	0.2	30	1000	0.2	0	0
1.597	30.963	1.4	1000	0.2	30	1000	0.2	0	0
1.598	30.985	1.4	1000	0.2	30	1000	0.2	0	0
1.599	31.0068	1.4	1000	0.2	30	1000	0.2	0	0
1.6	31.029	1.4	1000	0.2	30	1000	0.2	0	0
1.601	31.0512	1.4	1000	0.2	30	1000	0.2	0	0
1.602	31.0739	1.4	1000	0.2	30	1000	0.2	0	0
1.603	31.097	1.4	1000	0.2	30	1000	0.2	0	0
1.604	31.1196	1.4	1000	0.2	30	1000	0.2	0	0
1.605	31.1425	1.4	1000	0.2	30	1000	0.2	0	0
1.606	31.1651	1.4	1000	0.2	30	1000	0.2	0	0
1.607	31.1873	1.4	1000	0.2	30	1000	0.2	0	0
1.608	31.2096	1.4	1000	0.2	30	1000	0.2	0	0
1.609	31.2311	1.4	1000	0.2	30	1000	0.2	0	0
1.61	31.2524	1.4	1000	0.2	30	1000	0.2	0	0
1.611	31.2734	1.4	1000	0.2	30	1000	0.2	0	0
1.612	31.2939	1.4	1000	0.2	30	1000	0.2	0	0
1.613	31.3148	1.4	1000	0.2	30	1000	0.2	0	0
1.614	31.3351	1.4	1000	0.2	30	1000	0.2	0	0
1.615	31.3551	1.4	1000	0.2	30	1000	0.2	0	0
1.616	31.3754	1.4	1000	0.2	30	1000	0.2	0	0
1.617	31.3949	1.4	1000	0.2	30	1000	0.2	0	0
1.618	31.4142	1.4	1000	0.2	30	1000	0.2	0	0
1.619	31.4334	1.4	1000	0.2	30	1000	0.2	0	0
1.62	31.4521	1.4	1000	0.2	30	1000	0.2	0	0
1.621	31.4706	1.4	1000	0.2	30	1000	0.2	0	0
1.622	31.4887	1.4	1000	0.2	30	1000	0.2	0	0
1.623	31.5065	1.4	1000	0.2	30	1000	0.2	0	0
1.624	31.5243	1.4	1000	0.2	30	1000	0.2	0	0
1.625	31.542	1.4	1000	0.2	30	1000	0.2	0	0
1.626	31.5599	1.4	1000	0.2	30	1000	0.2	0	0
1.627	31.5776	1.4	1000	0.2	30	1000	0.2	0	0
1.628	31.5952	1.4	1000	0.2	30	1000	0.2	0	0
1.629	31.6128	1.4	1000	0.2	30	1000	0.2	0	0
1.63	31.6295	1.4	1000	0.2	30	1000	0.2	0	0
1.631	31.6458	1.4	1000	0.2	30	1000	0.2	0	0
1.632	31.6615	1.4	1000	0.2	30	1000	0.2	0	0
1.633	31.6763	1.4	1000	0.2	30	1000	0.2	0	0
1.634	31.6908	1.4	1000	0.2	30	1000	0.2	0	0
1.635	31.7048	1.4	1000	0.2	30	1000	0.2	0	0
1.636	31.718	1.4	1000	0.2	30	1000	0.2	0	0
1.637	31.7308	1.4	1000	0.2	30	1000	0.2	0	0
1.638	31.7432	1.4	1000	0.2	30	1000	0.2	0	0
1.639	31.7555	1.4	1000	0.2	30	1000	0.2	0	0
1.64	31.7677	1.4	1000	0.2	30	1000	0.2	0	0
1.641	31.7795	1.4	1000	0.2	30	1000	0.2	0	0
1.642	31.7912	1.4	1000	0.2	30	1000	0.2	0	0
1.643	31.8026	1.4	1000	0.2	30	1000	0.2	0	0
1.644	31.8137	1.4	1000	0.2	30	1000	0.2	0	0
1.645	31.825	1.4	1000	0.2	30	1000	0.2	0	0
1.646	31.8356	1.4	1000	0.2	30	1000	0.2	0	0
1.647	31.8455	1.4	1000	0.2	30	1000	0.2	0	0
1.648	31.8553	1.4	1000	0.2	30	1000	0.2	0	0
1.649	31.8642	1.4	1000	0.2	30	1000	0.2	0	0
1.65	31.8729	1.4	1000	0.2	30	1000	0.2	0	0
1.651	31.8811	1.4	1000	0.2	30	1000	0.2	0	0
1.652	31.8881	1.4	1000	0.2	30	1000	0.2	0	0
1.653	31.8948	1.4	1000	0.2	30	1000	0.2	0	0
1.654	31.9009	1.4	1000	0.2	30	1000	0.2	0	0
1.655	31.9067	1.4	1000	0.2	30	1000	0.2	0	0
1.656	31.9126	1.4	1000	0.2	30	1000	0.2	0	0
1.657	31.9176	1.4	1000	0.2	30	1000	0.2	0	0
1.658	31.9224	1.4	1000	0.2	30	1000	0.2	0	0
1.659	31.927	1.4	1000	0.2	30	1000	0.2	0	0
1.66	31.9311	1.4	1000	0.2	30	1000	0.2	0	0
1.661	31.9347	1.4	1000	0.2	30	1000	0.2	0	0
1.662	31.9373	1.4	1000	0.2	30	1000	0.2	0	0
1.663	31.9389	1.4	1000	0.2	30	1000	0.2	0	0
1.664	31.9402	1.4	1000	0.2	30	1000	0.2	0	0
1.665	31.9411	1.4	1000	0.2	30	1000	0.2	0	0
1.666	31.9419	1.4	1000	0.2	30	1000	0.2	0	0
1.667	31.9425	1.4	1000	0.2	30	1000	0.2	0	0
1.668	31.9433	1.4	1000	0.2	30	1000	0.2	0	0
1.669	31.9445	1.4	1000	0.2	30	1000	0.2	0	0
1.67	31.9461	1.4	1000	0.2	30	1000	0.2	0	0
1.671	31.9485	1.4	1000	0.2	30	1000	0.2	0	0
1.672	31.9505	1.4	1000	0.2	30	1000	0.2	0	0
1.673	31.952	1.4	1000	0.2	30	1000	0.2	0	0
1.674	31.9531	1.4	1000	0.2	30	1000	0.2	0	0
1.675	31.9533	1.4	1000	0.2	30	1000	0.2	0	0
1.676	31.9535	1.4	1000	0.2	30	1000	0.2	0	0
1.677	31.9541	1.4	1000	0.2	30	1000	0.2	0	0
1.678	31.9542	1.4	1000	0.2	30	1000	0.2	0	0
1.679	31.9545	1.4	1000	0.2	30	1000	0.2	0	0
1.68	31.9543	1.4	1000	0.2	30	1000	0.2	0	0
1.681	31.9538	1.4	1000	0.2	30	1000	0.2	0	0
1.682	31.9531	1.4	1000	0.2	30	1000	0.2	0	0
1.683	31.9517	1.4	1000	0.2	30	1000	0.2	0	0
1.684	31.9498	1.4	1000	0.2	30	1000	0.2	0	0
1.685	31.9473	1.4	1000	0.2	30	1000	0.2	0	0
1.686	31.9447	1.4	1000	0.2	30	1000	0.2	0	0
1.687	31.9418	1.4	1000	0.2	30	1000	0.2	0	0
1.688	31.9386	1.4	1000	0.2	30	1000	0.2	0	0
1.689	31.9352	1.4	1000	0.2	30	1000	0.2	0	0
1.69	31.9308	1.4	1000	0.2	30	1000	0.2	0	0
1.691	31.9258	1.4	1000	0.2	30	1000	0.2	0	0
1.692	31.9202	1.4	1000	0.2	30	1000	0.2	0	0
1.693	31.9137	1.4	1000	0.2	30	1000	0.2	0	0
1.694	31.9075	1.4	1000	0.2	30	1000	0.2	0	0
1.695	31.9014	1.4	1000	0.2	30	1000	0.2	0	0
1.696	31.895	1.4	1000	0.2	30	1000	0.2	0	0
1.697	31.8885	1.4	1000	0.2	30	1000	0.2	0	0
1.698	31.8813	1.4	1000	0.2	30	1000	0.2	0	0
1.699	31.874	1.4	1000	0.2	30	1000	0.2	0	0
1.7	31.8672	1.4	1000	0.2	30	1000	0.2	0	0
1.701	31.8599	1.4	1000	0.2	30	1000	0.2	0	0
1.702	31.8528	1.4	1000	0.2	30	1000	0.2	0	0
1.703	31.845	1.4	1000	0.2	30	1000	0.2	0	0
1.704	31.8364	1.4	1000	0.2	30	1000	0.2	0	0
1.705	31.8277	1.4	1000	0.2	30	1000	0.2	0	0
1.706	31.8176	1.4	1000	0.2	30	1000	0.2	0	0
1.707	31.8069	1.4	1000	0.2	30	1000	0.2	0	0
1.708	31.7961	1.4	1000	0.2	30	1000	0.2	0	0
1.709	31.7841	1.4	1000	0.2	30	1000	0.2	0	0
1.71	31.7724	1.4	1000	0.2	30	1000	0.2	0	0
1.711	31.7608	1.4	1000	0.2	30	1000	0.2	0	0
1.712	31.7484	1.4	1000	0.2	30	1000	0.2	0	0
1.713	31.736	1.4	1000	0.2	30	1000	0.2	0	0
1.714	31.7228	1.4	1000	0.2	30	1000	0.2	0	0
1.715	31.7086	1.4	1000	0.2	30	1000	0.2	0	0
1.716	31.6947	1.4	1000	0.2	30	1000	0.2	0	0
1.717	31.6805	1.4	1000	0.2	30	1000	0.2	0	0
1.718	31.6663	1.4	1000	0.2	30	1000	0.2	0	0
1.719	31.6525	1.4	1000	0.2	30	1000	0.2	0	0
1.72	31.6387	1.4	1000	0.2	30	1000	0.2	0	0
1.721	31.6251	1.4	1000	0.2	30	1000	0.2	0	0
1.722	31.612	1.4	1000	0.2	30	1000	0.2	0	0
1.723	31.5992	1.4	1000	0.2	30	1000	0.2	0	0
1.724	31.5869	1.4	1000	0.2	30	1000	0.2	0	0
1.725	31.5746	1.4	1000	0.2	30	1000	0.2	0	0
1.726	31.563	1.4	1000	0.2	30	1000	0.2	0	0
1.727	31.5523	1.4	1000	0.2	30	1000	0.2	0	0
1.728	31.5422	1.4	1000	0.2	30	1000	0.2	0	0
1.729	31.5331	1.4	1000	0.2	30	1000	0.2	0	0
1.73	31.5245	1.4	1000	0.2	30	1000	0.2	0	0
1.731	31.5169	1.4	1000	0.2	30	1000	0.2	0	0
1.732	31.5104	1.4	1000	0.2	30	1000	0.2	0	0
1.733	31.5048	1.4	1000	0.2	30	1000	0.2	0	0
1.734	31.4997	1.4	1000	0.2	30	1000	0.2	0	0
1.735	31.4942	1.4	1000	0.2	30	1000	0.2	0	0
1.736	31.4886	1.4	1000	0.2	30	1000	0.2	0	0
1.737	31.4829	1.4	1000	0.2	30	1000	0.2	0	0
1.738	31.4767	1.4	1000	0.2	30	1000	0.2	0	0
1.739	31.471	1.4	1000	0.2	30	1000	0.2	0	0
1.74	31.4643	1.4	1000	0.2	30	1000	0.2	0	0
1.741	31.4564	1.4	1000	0.2	30	1000	0.2	0	0
1.742	31.4483	1.4	1000	0.2	30	1000	0.2	0	0
1.743	31.4385	1.4	1000	0.2	30	1000	0.2	0	0
1.744	31.4278	1.4	1000	0.2	30	1000	0.2	0	0
1.745	31.4164	1.4	1000	0.2	30	1000	0.2	0	0
1.746	31.4031	1.4	1000	0.2	30	1000	0.2	0	0
1.747	31.3893	1.4	1000	0.2	30	1000	0.2	0	0
1.748	31.3749	1.4	1000	0.2	30	1000	0.2	0	0
1.749	31.3596	1.4	1000	0.2	30	1000	0.2	0	0
1.75	31.3446	1.4	1000	0.2	30	1000	0.2	0	0
1.751	31.3291	1.4	1000	0.2	30	1000	0.2	0	0
1.752	31.3141	1.4	1000	0.2	30	1000	0.2	0	0
1.753	31.2996	1.4	1000	0.2	30	1000	0.2	0	0
1.754	31.285	1.4	1000	0.2	30	1000	0.2	0	0
1.755	31.2707	1.4	1000	0.2	30	1000	0.2	0	0
1.756	31.2569	1.4	1000	0.2	30	1000	0.2	0	0
1.757	31.244	1.4	1000	0.2	30	1000	0.2	0	0
1.758	31.2311	1.4	1000	0.2	30	1000	0.2	0	0
1.759	31.2184	1.4	1000	0.2	30	1000	0.2	0	0
1.76	31.2066	1.4	1000	0.2	30	1000	0.2	0	0
1.761	31.1954	1.4	1000	0.2	30	1000	0.2	0	0
1.762	31.1861	1.4	1000	0.2	30	1000	0.2	0	0
1.763	31.1788	1.4	1000	0.2	30	1000	0.2	0	0
1.764	31.1715	1.4	1000	0.2	30	1000	0.2	0	0
1.765	31.1656	1.4	1000	0.2	30	1000	0.2	0	0
1.766	31.1607	1.4	1000	0.2	30	1000	0.2	0	0
1.767	31.1558	1.4	1000	0.2	30	1000	0.2	0	0
1.768	31.152	1.4	1000	0.2	30	1000	0.2	0	0
1.769	31.1479	1.4	1000	0.2	30	1000	0.2	0	0
1.77	31.1425	1.4	1000	0.2	30	1000	0.2	0	0
1.771	31.1375	1.4	1000	0.2	30	1000	0.2	0	0
1.772	31.1318	1.4	1000	0.2	30	1000	0.2	0	0
1.773	31.1254	1.4	1000	0.2	30	1000	0.2	0	0
1.774	31.1191	1.4	1000	0.2	30	1000	0.2	0	0
1.775	31.1127	1.4	1000	0.2	30	1000	0.2	0	0
1.776	31.107	1.4	1000	0.2	30	1000	0.2	0	0
1.777	31.1024	1.4	1000	0.2	30	1000	0.2	0	0
1.778	31.0991	1.4	1000	0.2	30	1000	0.2	0	0
1.779	31.0968	1.4	1000	0.2	30	1000	0.2	0	0
1.78	31.095	1.4	1000	0.2	30	1000	0.2	0	0
1.781	31.0933	1.4	1000	0.2	30	1000	0.2	0	0
1.782	31.0907	1.4	1000	0.2	30	1000	0.2	0	0
1.783	31.0871	1.4	1000	0.2	30	1000	0.2	0	0
1.784	31.0826	1.4	1000	0.2	30	1000	0.2	0	0
1.785	31.0771	1.4	1000	0.2	30	1000	0.2	0	0
1.786	31.0715	1.4	1000	0.2	30	1000	0.2	0	0
1.787	31.0634	1.4	1000	0.2	30	1000	0.2	0	0
1.788	31.0533	1.4	1000	0.2	30	1000	0.2	0	0
1.789	31.0427	1.4	1000	0.2	30	1000	0.2	0	0
1.79	31.031	1.4	1000	0.2	30	1000	0.2	0	0
1.791	31.0221	1.4	1000	0.2	30	1000	0.2	0	0
1.792	31.0151	1.4	1000	0.2	30	1000	0.2	0	0
1.793	31.0068	1.4	1000	0.2	30	1000	0.2	0	0
1.794	30.9981	1.4	1000	0.2	30	1000	0.2	0	0
1.795	30.9863	1.4	1000	0.2	30	1000	0.2	0	0
1.796	30.9711	1.4	1000	0.2	30	1000	0.2	0	0
1.797	30.9457	1.4	1000	0.2	30	1000	0.2	0	0
1.798	30.9185	1.4	1000	0.2	30	1000	0.2	0	0
1.799	30.8781	1.4	1000	0.2	30	1000	0.2	0	0
1.8	30.8269	1.4	1000	0.2	30	1000	0.2	0	0
1.801	30.7664	1.4	1000	0.2	30	1000	0.2	0	0
1.802	30.6991	1.4	1000	0.2	30	1000	0.2	0	0
1.803	30.6245	1.4	1000	0.2	30	1000	0.2	0	0
1.804	30.5498	1.4	1000	0.2	30	1000	0.2	0	0
1.805	30.4627	1.4	1000	0.2	30	1000	0.2	0	0
1.806	30.3757	1.4	1000	0.2	30	1000	0.2	0	0
1.807	30.2886	1.4	1000	0.2	30	1000	0.2	0	0
1.808	30.2015	1.4	1000	0.2	30	1000	0.2	0	0
1.809	30.1144	1.4	1000	0.2	30	1000	0.2	0	0
1.81	30.0273	1.4	1000	0.2	30	1000	0.2	0	0
1.811	29.9402	1.4	1000	0.2	30	1000	0.2	0	0
1.812	29.8531	1.4	1000	0.2	30	1000	0.2	0	0
1.813	29.766	1.4	1000	0.2	30	1000	0.2	0	0
1.814	29.6789	1.4	1000	0.2	30	1000	0.2	0	0
1.815	29.5918	1.4	1000	0.2	30	1000	0.2	0	0
1.816	29.5047	1.4	1000	0.2	30	1000	0.2	0	0
1.817	29.4177	1.4	1000	0.2	30	1000	0.2	0	0
1.818	29.3306	1.4	1000	0.2	30	1000	0.2	0	0
1.819	29.2435	1.4	1000	0.2	30	1000	0.2	0	0
1.82	29.1564	1.4	1000	0.2	30	1000	0.2	0	0
1.821	29.0693	1.4	1000	0.2	30	1000	0.2	0	0
1.822	28.9822	1.4	1000	0.2	30	1000	0.2	0	0
1.823	28.8951	1.4	1000	0.2	30	1000	0.2	0	0
1.824	28.808	1.4	1000	0.2	30	1000	0.2	0	0
1.825	28.7209	1.4	1000	0.2	30	1000	0.2	0	0
1.826	28.6338	1.4	1000	0.2	30	1000	0.2	0	0
1.827	28.5467	1.4	1000	0.2	30	1000	0.2	0	0
1.828	28.4597	1.4	1000	0.2	30	1000	0.2	0	0
1.829	28.3726	1.4	1000	0.2	30	1000	0.2	0	0
1.83	28.2855	1.4	1000	0.2	30	1000	0.2	0	0
1.831	28.1984	1.4	1000	0.2	30	1000	0.2	0	0
1.832	28.1113	1.4	1000	0.2	30	1000	0.2	0	0
1.833	28.0242	1.4	1000	0.2	30	1000	0.2	0	0
1.834	27.9371	1.4	1000	0.2	30	1000	0.2	0	0
1.835	27.85	1.4	1000	0.2	30	1000	0.2	0	0
1.836	27.7629	1.4	1000	0.2	30	1000	0.2	0	0
1.837	27.6758	1.4	1000	0.2	30	1000	0.2	0	0
1.838	27.5887	1.4	1000	0.2	30	1000	0.2	0	0
1.839	27.5016	1.4	1000	0.2	30	1000	0.2	0	0
1.84	27.4146	1.4	1000	0.2	30	1000	0.2	0	0
1.841	27.3275	1.4	1000	0.2	30	1000	0.2	0	0
1.842	27.2404	1.4	1000	0.2	30	1000	0.2	0	0
1.843	27.1533	1.4	1000	0.2	30	1000	0.2	0	0
1.844	27.0662	1.4	1000	0.2	30	1000	0.2	0	0
1.845	26.9791	1.4	1000	0.2	30	1000	0.2	0	0
1.846	26.892	1.4	1000	0.2	30	1000	0.2	0	0
1.847	26.8049	1.4	1000	0.2	30	1000	0.2	0	0
1.848	26.7178	1.4	1000	0.2	30	1000	0.2	0	0
1.849	26.6307	1.4	1000	0.2	30	1000	0.2	0	0
1.85	26.5436	1.4	1000	0.2	30	1000	0.2	0	0
1.851	26.4566	1.4	1000	0.2	30	1000	0.2	0	0
1.852	26.3695	1.4	1000	0.2	30	1000	0.2	0	0
1.853	26.2824	1.4	1000	0.2	30	1000	0.2	0	0
1.854	26.1953	1.4	1000	0.2	30	1000	0.2	0	0
1.855	26.1082	1.4	1000	0.2	30	1000	0.2	0	0
1.856	26.0211	1.4	1000	0.2	30	1000	0.2	0	0
1.857	25.934	1.4	1000	0.2	30	1000	0.2	0	0
1.858	25.8469	1.4	1000	0.2	30	1000	0.2	0	0
1.859	25.7598	1.4	1000	0.2	30	1000	0.2	0	0
1.86	25.6727	1.4	1000	0.2	30	1000	0.2	0	0
1.861	25.5856	1.4	1000	0.2	30	1000	0.2	0	0
1.862	25.4986	1.4	1000	0.2	30	1000	0.2	0	0
1.863	25.4115	1.4	1000	0.2	30	1000	0.2	0	0
1.864	25.3244	1.4	1000	0.2	30	1000	0.2	0	0
1.865	25.2373	1.4	1000	0.2	30	1000	0.2	0	0
1.866	25.1502	1.4	1000	0.2	30	1000	0.2	0	0
1.867	25.0631	1.4	1000	0.2	30	1000	0.2	0	0
1.868	24.976	1.4	1000	0.2	30	1000	0.2	0	0
1.869	24.8889	1.4	1000	0.2	30	1000	0.2	0	0
1.87	24.8018	1.4	1000	0.2	30	1000	0.2	0	0
1.871	24.7147	1.4	1000	0.2	30	1000	0.2	0	0
1.872	24.6276	1.4	1000	0.2	30	1000	0.2	0	0
1.873	24.5406	1.4	1000	0.2	30	1000	0.2	0	0
1.874	24.4535	1.4	1000	0.2	30	1000	0.2	0	0
1.875	24.3664	1.4	1000	0.2	30	1000	0.2	0	0
1.876	24.2793	1.4	1000	0.2	30	1000	0.2	0	0
1.877	24.1922	1.4	1000	0.2	30	1000	0.2	0	0
1.878	24.1051	1.4	1000	0.2	30	1000	0.2	0	0
1.879	24.018	1.4	1000	0.2	30	1000	0.2	0	0
1.88	23.9309	1.4	1000	0.2	30	1000	0.2	0	0
1.881	23.8438	1.4	1000	0.2	30	1000	0.2	0	0
1.882	23.7567	1.4	1000	0.2	30	1000	0.2	0	0
1.883	23.6696	1.4	1000	0.2	30	1000	0.2	0	0
1.884	23.5825	1.4	1000	0.2	30	1000	0.2	0	0
1.885	23.4955	1.4	1000	0.2	30	1000	0.2	0	0
1.886	23.4084	1.4	1000	0.2	30	1000	0.2	0	0
1.887	23.3213	1.4	1000	0.2	30	1000	0.2	0	0
1.888	23.2342	1.4	1000	0.2	30	1000	0.2	0	0
1.889	23.1471	1.4	1000	0.2	30	1000	0.2	0	0
1.89	23.06	1.4	1000	0.2	30	1000	0.2	0	0
1.891	22.9729	1.4	1000	0.2	30	1000	0.2	0	0
1.892	22.8858	1.4	1000	0.2	30	1000	0.2	0	0
1.893	22.7987	1.4	1000	0.2	30	1000	0.2	0	0
1.894	22.7116	1.4	1000	0.2	30	1000	0.2	0	0
1.895	22.6245	1.4	1000	0.2	30	1000	0.2	0	0
1.896	22.5375	1.4	1000	0.2	30	1000	0.2	0	0
1.897	22.4504	1.4	1000	0.2	30	1000	0.2	0	0
1.898	22.3633	1.4	1000	0.2	30	1000	0.2	0	0
1.899	22.2762	1.4	1000	0.2	30	1000	0.2	0	0
1.9	22.1891	1.4	1000	0.2	30	1000	0.2	0	0
1.901	22.102	1.4	1000	0.2	30	1000	0.2	0	0
1.902	22.0149	1.4	1000	0.2	30	1000	0.2	0	0
1.903	21.9278	1.4	1000	0.2	30	1000	0.2	0	0
1.904	21.8407	1.4	1000	0.2	30	1000	0.2	0	0
1.905	21.7536	1.4	1000	0.2	30	1000	0.2	0	0
1.906	21.6665	1.4	1000	0.2	30	1000	0.2	0	0
1.907	21.5795	1.4	1000	0.2	30	1000	0.2	0	0
1.908	21.4924	1.4	1000	0.2	30	1000	0.2	0	0
1.909	21.4053	1.4	1000	0.2	30	1000	0.2	0	0
1.91	21.3182	1.4	1000	0.2	30	1000	0.2	0	0
1.911	21.2311	1.4	1000	0.2	30	1000	0.2	0	0
1.912	21.144	1.4	1000	0.2	30	1000	0.2	0	0
1.913	21.0569	1.4	1000	0.2	30	1000	0.2	0	0
1.914	20.9698	1.4	1000	0.2	30	1000	0.2	0	0
1.915	20.8827	1.4	1000	0.2	30	1000	0.2	0	0
1.916	20.7956	1.4	1000	0.2	30	1000	0.2	0	0
1.917	20.7085	1.4	1000	0.2	30	1000	0.2	0	0
1.918	20.6215	1.4	1000	0.2	30	1000	0.2	0	0
1.919	20.5344	1.4	1000	0.2	30	1000	0.2	0	0
1.92	20.4473	1.4	1000	0.2	30	1000	0.2	0	0
1.921	20.3602	1.4	1000	0.2	30	1000	0.2	0	0
1.922	20.2731	1.4	1000	0.2	30	1000	0.2	0	0
1.923	20.186	1.4	1000	0.2	30	1000	0.2	0	0
1.924	20.0989	1.4	1000	0.2	30	1000	0.2	0	0
1.925	20.0118	1.4	1000	0.2	30	1000	0.2	0	0
1.926	19.9247	1.4	1000	0.2	30	1000	0.2	0	0
1.927	19.8376	1.4	1000	0.2	30	1000	0.2	0	0
1.928	19.7505	1.4	1000	0.2	30	1000	0.2	0	0
1.929	19.6635	1.4	1000	0.2	30	1000	0.2	0	0
1.93	19.5764	1.4	1000	0.2	30	1000	0.2	0	0
1.931	19.4893	1.4	1000	0.2	30	1000	0.2	0	0
1.932	19.4022	1.4	1000	0.2	30	1000	0.2	0	0
1.933	19.3151	1.4	1000	0.2	30	1000	0.2	0	0
1.934	19.228	1.4	1000	0.2	30	1000	0.2	0	0
1.935	19.1409	1.4	1000	0.2	30	1000	0.2	0	0
1.936	19.0538	1.4	1000	0.2	30	1000	0.2	0	0
1.937	18.9667	1.4	1000	0.2	30	1000	0.2	0	0
1.938	18.8796	1.4	1000	0.2	30	1000	0.2	0	0
1.939	18.7925	1.4	1000	0.2	30	1000	0.2	0	0
1.94	18.7054	1.4	1000	0.2	30	1000	0.2	0	0
1.941	18.6184	1.4	1000	0.2	30	1000	0.2	0	0
1.942	18.5313	1.4	1000	0.2	30	1000	0.2	0	0
1.943	18.4442	1.4	1000	0.2	30	1000	0.2	0	0
1.944	18.3571	1.4	1000	0.2	30	1000	0.2	0	0
1.945	18.27	1.4	1000	0.2	30	1000	0.2	0	0
1.946	18.1829	1.4	1000	0.2	30	1000	0.2	0	0
1.947	18.1032	1.4	1000	0.2	30	1000	0.2	0	0
1.948	18.0564	1.4	1000	0.2	30	1000	0.2	0	0
1.949	18.0378	1.4	1000	0.2	30	1000	0.2	0	0
1.95	18.0447	1.4	1000	0.2	30	1000	0.2	0	0
1.951	18.0753	1.4	1000	0.2	30	1000	0.2	0	0
1.952	18.1335	1.4	1000	0.2	30	1000	0.2	0	0
1.953	18.2014	1.4	1000	0.2	30	1000	0.2	0	0
1.954	18.2813	1.4	1000	0.2	30	1000	0.2	0	0
1.955	18.3429	1.4	1000	0.2	30	1000	0.2	0	0
1.956	18.4031	1.4	1000	0.2	30	1000	0.2	0	0
1.957	18.4654	1.4	1000	0.2	30	1000	0.2	0	0
1.958	18.5322	1.4	1000	0.2	30	1000	0.2	0	0
1.959	18.6044	1.4	1000	0.2	30	1000	0.2	0	0
1.96	18.6932	1.4	1000	0.2	30	1000	0.2	0	0
1.961	18.7891	1.4	1000	0.2	30	1000	0.2	0	0
1.962	18.8861	1.4	1000	0.2	30	1000	0.2	0	0
1.963	18.9749	1.4	1000	0.2	30	1000	0.2	0	0
1.964	19.0588	1.4	1000	0.2	30	1000	0.2	0	0
1.965	19.1354	1.4	1000	0.2	30	1000	0.2	0	0
1.966	19.1998	1.4	1000	0.2	30	1000	0.2	0	0
1.967	19.26	1.4	1000	0.2	30	1000	0.2	0	0
1.968	19.3151	1.4	1000	0.2	30	1000	0.2	0	0
1.969	19.3769	1.4	1000	0.2	30	1000	0.2	0	0
1.97	19.4437	1.4	1000	0.2	30	1000	0.2	0	0
1.971	19.5109	1.4	1000	0.2	30	1000	0.2	0	0
1.972	19.5823	1.4	1000	0.2	30	1000	0.2	0	0
1.973	19.6553	1.4	1000	0.2	30	1000	0.2	0	0
1.974	19.7274	1.4	1000	0.2	30	1000	0.2	0	0
1.975	19.7996	1.4	1000	0.2	30	1000	0.2	0	0
1.976	19.8711	1.4	1000	0.2	30	1000	0.2	0	0
1.977	19.9401	1.4	1000	0.2	30	1000	0.2	0	0
1.978	20.0065	1.4	1000	0.2	30	1000	0.2	0	0
1.979	20.069	1.4	1000	0.2	30	1000	0.2	0	0
1.98	20.1302	1.4	1000	0.2	30	1000	0.2	0	0
1.981	20.1906	1.4	1000	0.2	30	1000	0.2	0	0
1.982	20.2503	1.4	1000	0.2	30	1000	0.2	0	0
1.983	20.3123	1.4	1000	0.2	30	1000	0.2	0	0
1.984	20.374	1.4	1000	0.2	30	1000	0.2	0	0
1.985	20.4335	1.4	1000	0.2	30	1000	0.2	0	0
1.986	20.4915	1.4	1000	0.2	30	1000	0.2	0	0
1.987	20.5487	1.4	1000	0.2	30	1000	0.2	0	0
1.988	20.6054	1.4	1000	0.2	30	1000	0.2	0	0
1.989	20.6603	1.4	1000	0.2	30	1000	0.2	0	0
1.99	20.7129	1.4	1000	0.2	30	1000	0.2	0	0
1.991	20.7636	1.4	1000	0.2	30	1000	0.2	0	0
1.992	20.8121	1.4	1000	0.2	30	1000	0.2	0	0
1.993	20.8578	1.4	1000	0.2	30	1000	0.2	0	0
1.994	20.8989	1.4	1000	0.2	30	1000	0.2	0	0
1.995	20.9366	1.4	1000	0.2	30	1000	0.2	0	0
1.996	20.9689	1.4	1000	0.2	30	1000	0.2	0	0
1.997	20.998	1.4	1000	0.2	30	1000	0.2	0	0
1.998	21.0315	1.4	1000	0.2	30	1000	0.2	0	0
1.999	21.0739	1.4	1000	0.2	30	1000	0.2	0	0
2	21.124	1.4	1000	0.2	30	1000	0.2	0	0
2.001	21.1855	1.4	1000	0.2	30	1000	0.2	0	0
2.002	21.2571	1.4	1000	0.2	30	1000	0.2	0	0
2.003	21.3346	1.4	1000	0.2	30	1000	0.2	0	0
2.004	21.4218	1.4	1000	0.2	30	1000	0.2	0	0
2.005	21.5183	1.4	1000	0.2	30	1000	0.2	0	0
2.006	21.6185	1.4	1000	0.2	30	1000	0.2	0	0
2.007	21.7227	1.4	1000	0.2	30	1000	0.2	0	0
2.008	21.8276	1.4	1000	0.2	30	1000	0.2	0	0
2.009	21.9266	1.4	1000	0.2	30	1000	0.2	0	0
2.01	22.0318	1.4	1000	0.2	30	1000	0.2	0	0
2.011	22.1347	1.4	1000	0.2	30	1000	0.2	0	0
2.012	22.2326	1.4	1000	0.2	30	1000	0.2	0	0
2.013	22.3274	1.4	1000	0.2	30	1000	0.2	0	0
2.014	22.4183	1.4	1000	0.2	30	1000	0.2	0	0
2.015	22.5079	1.4	1000	0.2	30	1000	0.2	0	0
2.016	22.6016	1.4	1000	0.2	30	1000	0.2	0	0
2.017	22.6937	1.4	1000	0.2	30	1000	0.2	0	0
2.018	22.7843	1.4	1000	0.2	30	1000	0.2	0	0
2.019	22.8699	1.4	1000	0.2	30	1000	0.2	0	0
2.02	22.9501	1.4	1000	0.2	30	1000	0.2	0	0
2.021	23.0262	1.4	1000	0.2	30	1000	0.2	0	0
2.022	23.097	1.4	1000	0.2	30	1000	0.2	0	0
2.023	23.1623	1.4	1000	0.2	30	1000	0.2	0	0
2.024	23.223	1.4	1000	0.2	30	1000	0.2	0	0
2.025	23.2775	1.4	1000	0.2	30	1000	0.2	0	0
2.026	23.3283	1.4	1000	0.2	30	1000	0.2	0	0
2.027	23.3775	1.4	1000	0.2	30	1000	0.2	0	0
2.028	23.4252	1.4	1000	0.2	30	1000	0.2	0	0
2.029	23.4725	1.4	1000	0.2	30	1000	0.2	0	0
2.03	23.5184	1.4	1000	0.2	30	1000	0.2	0	0
2.031	23.5622	1.4	1000	0.2	30	1000	0.2	0	0
2.032	23.6054	1.4	1000	0.2	30	1000	0.2	0	0
2.033	23.6452	1.4	1000	0.2	30	1000	0.2	0	0
2.034	23.6836	1.4	1000	0.2	30	1000	0.2	0	0
2.035	23.7227	1.4	1000	0.2	30	1000	0.2	0	0
2.036	23.7589	1.4	1000	0.2	30	1000	0.2	0	0
2.037	23.794	1.4	1000	0.2	30	1000	0.2	0	0
2.038	23.8282	1.4	1000	0.2	30	1000	0.2	0	0
2.039	23.8626	1.4	1000	0.2	30	1000	0.2	0	0
2.04	23.8983	1.4	1000	0.2	30	1000	0.2	0	0
2.041	23.9335	1.4	1000	0.2	30	1000	0.2	0	0
2.042	23.9669	1.4	1000	0.2	30	1000	0.2	0	0
2.043	24.0003	1.4	1000	0.2	30	1000	0.2	0	0
2.044	24.0333	1.4	1000	0.2	30	1000	0.2	0	0
2.045	24.0668	1.4	1000	0.2	30	1000	0.2	0	0
2.046	24.1001	1.4	1000	0.2	30	1000	0.2	0	0
2.047	24.135	1.4	1000	0.2	30	1000	0.2	0	0
2.048	24.1728	1.4	1000	0.2	30	1000	0.2	0	0
2.049	24.2112	1.4	1000	0.2	30	1000	0.2	0	0
2.05	24.2513	1.4	1000	0.2	30	1000	0.2	0	0
2.051	24.2938	1.4	1000	0.2	30	1000	0.2	0	0
2.052	24.3372	1.4	1000	0.2	30	1000	0.2	0	0
2.053	24.3779	1.4	1000	0.2	30	1000	0.2	0	0
2.054	24.4183	1.4	1000	0.2	30	1000	0.2	0	0
2.055	24.4592	1.4	1000	0.2	30	1000	0.2	0	0
2.056	24.5003	1.4	1000	0.2	30	1000	0.2	0	0
2.057	24.5412	1.4	1000	0.2	30	1000	0.2	0	0
2.058	24.5813	1.4	1000	0.2	30	1000	0.2	0	0
2.059	24.6194	1.4	1000	0.2	30	1000	0.2	0	0
2.06	24.6607	1.4	1000	0.2	30	1000	0.2	0	0
2.061	24.703	1.4	1000	0.2	30	1000	0.2	0	0
2.062	24.7427	1.4	1000	0.2	30	1000	0.2	0	0
2.063	24.7812	1.4	1000	0.2	30	1000	0.2	0	0
2.064	24.818	1.4	1000	0.2	30	1000	0.2	0	0
2.065	24.8532	1.4	1000	0.2	30	1000	0.2	0	0
2.066	24.8889	1.4	1000	0.2	30	1000	0.2	0	0
2.067	24.9232	1.4	1000	0.2	30	1000	0.2	0	0
2.068	24.954	1.4	1000	0.2	30	1000	0.2	0	0
2.069	24.9856	1.4	1000	0.2	30	1000	0.2	0	0
2.07	25.0188	1.4	1000	0.2	30	1000	0.2	0	0
2.071	25.0529	1.4	1000	0.2	30	1000	0.2	0	0
2.072	25.0914	1.4	1000	0.2	30	1000	0.2	0	0
2.073	25.1314	1.4	1000	0.2	30	1000	0.2	0	0
2.074	25.1703	1.4	1000	0.2	30	1000	0.2	0	0
2.075	25.2102	1.4	1000	0.2	30	1000	0.2	0	0
2.076	25.2485	1.4	1000	0.2	30	1000	0.2	0	0
2.077	25.2843	1.4	1000	0.2	30	1000	0.2	0	0
2.078	25.3184	1.4	1000	0.2	30	1000	0.2	0	0
2.079	25.3484	1.4	1000	0.2	30	1000	0.2	0	0
2.08	25.3784	1.4	1000	0.2	30	1000	0.2	0	0
2.081	25.4089	1.4	1000	0.2	30	1000	0.2	0	0
2.082	25.44	1.4	1000	0.2	30	1000	0.2	0	0
2.083	25.4724	1.4	1000	0.2	30	1000	0.2	0	0
2.084	25.5053	1.4	1000	0.2	30	1000	0.2	0	0
2.085	25.5388	1.4	1000	0.2	30	1000	0.2	0	0
2.086	25.572	1.4	1000	0.2	30	1000	0.2	0	0
2.087	25.6036	1.4	1000	0.2	30	1000	0.2	0	0
2.088	25.6357	1.4	1000	0.2	30	1000	0.2	0	0
2.089	25.6665	1.4	1000	0.2	30	1000	0.2	0	0
2.09	25.6958	1.4	1000	0.2	30	1000	0.2	0	0
2.091	25.7252	1.4	1000	0.2	30	1000	0.2	0	0
2.092	25.7539	1.4	1000	0.2	30	1000	0.2	0	0
2.093	25.7832	1.4	1000	0.2	30	1000	0.2	0	0
2.094	25.8127	1.4	1000	0.2	30	1000	0.2	0	0
2.095	25.8411	1.4	1000	0.2	30	1000	0.2	0	0
2.096	25.869	1.4	1000	0.2	30	1000	0.2	0	0
2.097	25.8957	1.4	1000	0.2	30	1000	0.2	0	0
2.098	25.9203	1.4	1000	0.2	30	1000	0.2	0	0
2.099	25.9433	1.4	1000	0.2	30	1000	0.2	0	0
2.1	25.9637	1.4	1000	0.2	30	1000	0.2	0	0
2.101	25.9833	1.4	1000	0.2	30	1000	0.2	0	0
2.102	26.003	1.4	1000	0.2	30	1000	0.2	0	0
2.103	26.0229	1.4	1000	0.2	30	1000	0.2	0	0
2.104	26.044	1.4	1000	0.2	30	1000	0.2	0	0
2.105	26.0666	1.4	1000	0.2	30	1000	0.2	0	0
2.106	26.0913	1.4	1000	0.2	30	1000	0.2	0	0
2.107	26.118	1.4	1000	0.2	30	1000	0.2	0	0
2.108	26.1476	1.4	1000	0.2	30	1000	0.2	0	0
2.109	26.1782	1.4	1000	0.2	30	1000	0.2	0	0
2.11	26.2079	1.4	1000	0.2	30	1000	0.2	0	0
2.111	26.2367	1.4	1000	0.2	30	1000	0.2	0	0
2.112	26.2632	1.4	1000	0.2	30	1000	0.2	0	0
2.113	26.2866	1.4	1000	0.2	30	1000	0.2	0	0
2.114	26.3096	1.4	1000	0.2	30	1000	0.2	0	0
2.115	26.3325	1.4	1000	0.2	30	1000	0.2	0	0
2.116	26.3554	1.4	1000	0.2	30	1000	0.2	0	0
2.117	26.3804	1.4	1000	0.2	30	1000	0.2	0	0
2.118	26.4062	1.4	1000	0.2	30	1000	0.2	0	0
2.119	26.4326	1.4	1000	0.2	30	1000	0.2	0	0
2.12	26.4601	1.4	1000	0.2	30	1000	0.2	0	0
2.121	26.4869	1.4	1000	0.2	30	1000	0.2	0	0
2.122	26.51	1.4	1000	0.2	30	1000	0.2	0	0
2.123	26.5303	1.4	1000	0.2	30	1000	0.2	0	0
2.124	26.5471	1.4	1000	0.2	30	1000	0.2	0	0
2.125	26.5606	1.4	1000	0.2	30	1000	0.2	0	0
2.126	26.5728	1.4	1000	0.2	30	1000	0.2	0	0
2.127	26.5841	1.4	1000	0.2	30	1000	0.2	0	0
2.128	26.5939	1.4	1000	0.2	30	1000	0.2	0	0
2.129	26.6041	1.4	1000	0.2	30	1000	0.2	0	0
2.13	26.6161	1.4	1000	0.2	30	1000	0.2	0	0
2.131	26.6279	1.4	1000	0.2	30	1000	0.2	0	0
2.132	26.6396	1.4	1000	0.2	30	1000	0.2	0	0
2.133	26.6496	1.4	1000	0.2	30	1000	0.2	0	0
2.134	26.6558	1.4	1000	0.2	30	1000	0.2	0	0
2.135	26.6593	1.4	1000	0.2	30	1000	0.2	0	0
2.136	26.6592	1.4	1000	0.2	30	1000	0.2	0	0
2.137	26.6553	1.4	1000	0.2	30	1000	0.2	0	0
2.138	26.6499	1.4	1000	0.2	30	1000	0.2	0	0
2.139	26.6428	1.4	1000	0.2	30	1000	0.2	0	0
2.14	26.6339	1.4	1000	0.2	30	1000	0.2	0	0
2.141	26.6251	1.4	1000	0.2	30	1000	0.2	0	0
2.142	26.6151	1.4	1000	0.2	30	1000	0.2	0	0
2.143	26.6038	1.4	1000	0.2	30	1000	0.2	0	0
2.144	26.5912	1.4	1000	0.2	30	1000	0.2	0	0
2.145	26.5767	1.4	1000	0.2	30	1000	0.2	0	0
2.146	26.5606	1.4	1000	0.2	30	1000	0.2	0	0
2.147	26.5434	1.4	1000	0.2	30	1000	0.2	0	0
2.148	26.5258	1.4	1000	0.2	30	1000	0.2	0	0
2.149	26.5088	1.4	1000	0.2	30	1000	0.2	0	0
2.15	26.4921	1.4	1000	0.2	30	1000	0.2	0	0
2.151	26.4758	1.4	1000	0.2	30	1000	0.2	0	0
2.152	26.4595	1.4	1000	0.2	30	1000	0.2	0	0
2.153	26.4427	1.4	1000	0.2	30	1000	0.2	0	0
2.154	26.4261	1.4	1000	0.2	30	1000	0.2	0	0
2.155	26.4072	1.4	1000	0.2	30	1000	0.2	0	0
2.156	26.3876	1.4	1000	0.2	30	1000	0.2	0	0
2.157	26.3695	1.4	1000	0.2	30	1000	0.2	0	0
2.158	26.3508	1.4	1000	0.2	30	1000	0.2	0	0
2.159	26.3339	1.4	1000	0.2	30	1000	0.2	0	0
2.16	26.3179	1.4	1000	0.2	30	1000	0.2	0	0
2.161	26.3003	1.4	1000	0.2	30	1000	0.2	0	0
2.162	26.2834	1.4	1000	0.2	30	1000	0.2	0	0
2.163	26.2644	1.4	1000	0.2	30	1000	0.2	0	0
2.164	26.2436	1.4	1000	0.2	30	1000	0.2	0	0
2.165	26.2233	1.4	1000	0.2	30	1000	0.2	0	0
2.166	26.204	1.4	1000	0.2	30	1000	0.2	0	0
2.167	26.1865	1.4	1000	0.2	30	1000	0.2	0	0
2.168	26.1751	1.4	1000	0.2	30	1000	0.2	0	0
2.169	26.1668	1.4	1000	0.2	30	1000	0.2	0	0
2.17	26.1616	1.4	1000	0.2	30	1000	0.2	0	0
2.171	26.1576	1.4	1000	0.2	30	1000	0.2	0	0
2.172	26.1539	1.4	1000	0.2	30	1000	0.2	0	0
2.173	26.1484	1.4	1000	0.2	30	1000	0.2	0	0
2.174	26.1415	1.4	1000	0.2	30	1000	0.2	0	0
2.175	26.1312	1.4	1000	0.2	30	1000	0.2	0	0
2.176	26.1184	1.4	1000	0.2	30	1000	0.2	0	0
2.177	26.1047	1.4	1000	0.2	30	1000	0.2	0	0
2.178	26.0899	1.4	1000	0.2	30	1000	0.2	0	0
2.179	26.0738	1.4	1000	0.2	30	1000	0.2	0	0
2.18	26.0574	1.4	1000	0.2	30	1000	0.2	0	0
2.181	26.04	1.4	1000	0.2	30	1000	0.2	0	0
2.182	26.0209	1.4	1000	0.2	30	1000	0.2	0	0
2.183	26.0017	1.4	1000	0.2	30	1000	0.2	0	0
2.184	25.9829	1.4	1000	0.2	30	1000	0.2	0	0
2.185	25.9632	1.4	1000	0.2	30	1000	0.2	0	0
2.186	25.9433	1.4	1000	0.2	30	1000	0.2	0	0
2.187	25.9216	1.4	1000	0.2	30	1000	0.2	0	0
2.188	25.898	1.4	1000	0.2	30	1000	0.2	0	0
2.189	25.8717	1.4	1000	0.2	30	1000	0.2	0	0
2.19	25.8436	1.4	1000	0.2	30	1000	0.2	0	0
2.191	25.8129	1.4	1000	0.2	30	1000	0.2	0	0
2.192	25.7802	1.4	1000	0.2	30	1000	0.2	0	0
2.193	25.7456	1.4	1000	0.2	30	1000	0.2	0	0
2.194	25.7093	1.4	1000	0.2	30	1000	0.2	0	0
2.195	25.6713	1.4	1000	0.2	30	1000	0.2	0	0
2.196	25.6338	1.4	1000	0.2	30	1000	0.2	0	0
2.197	25.595	1.4	1000	0.2	30	1000	0.2	0	0
2.198	25.5542	1.4	1000	0.2	30	1000	0.2	0	0
2.199	25.511	1.4	1000	0.2	30	1000	0.2	0	0
2.2	25.4662	1.4	1000	0.2	30	1000	0.2	0	0
2.201	25.42	1.4	1000	0.2	30	1000	0.2	0	0
2.202	25.3753	1.4	1000	0.2	30	1000	0.2	0	0
2.203	25.3339	1.4	1000	0.2	30	1000	0.2	0	0
2.204	25.2959	1.4	1000	0.2	30	1000	0.2	0	0
2.205	25.2607	1.4	1000	0.2	30	1000	0.2	0	0
2.206	25.2332	1.4	1000	0.2	30	1000	0.2	0	0
2.207	25.216	1.4	1000	0.2	30	1000	0.2	0	0
2.208	25.2079	1.4	1000	0.2	30	1000	0.2	0	0
2.209	25.2076	1.4	1000	0.2	30	1000	0.2	0	0
2.21	25.2165	1.4	1000	0.2	30	1000	0.2	0	0
2.211	25.2322	1.4	1000	0.2	30	1000	0.2	0	0
2.212	25.2537	1.4	1000	0.2	30	1000	0.2	0	0
2.213	25.2784	1.4	1000	0.2	30	1000	0.2	0	0
2.214	25.3029	1.4	1000	0.2	30	1000	0.2	0	0
2.215	25.3298	1.4	1000	0.2	30	1000	0.2	0	0
2.216	25.3591	1.4	1000	0.2	30	1000	0.2	0	0
2.217	25.386	1.4	1000	0.2	30	1000	0.2	0	0
2.218	25.4141	1.4	1000	0.2	30	1000	0.2	0	0
2.219	25.4429	1.4	1000	0.2	30	1000	0.2	0	0
2.22	25.4676	1.4	1000	0.2	30	1000	0.2	0	0
2.221	25.4901	1.4	1000	0.2	30	1000	0.2	0	0
2.222	25.5121	1.4	1000	0.2	30	1000	0.2	0	0
2.223	25.5283	1.4	1000	0.2	30	1000	0.2	0	0
2.224	25.5383	1.4	1000	0.2	30	1000	0.2	0	0
2.225	25.5414	1.4	1000	0.2	30	1000	0.2	0	0
2.226	25.5368	1.4	1000	0.2	30	1000	0.2	0	0
2.227	25.5294	1.4	1000	0.2	30	1000	0.2	0	0
2.228	25.5184	1.4	1000	0.2	30	1000	0.2	0	0
2.229	25.5004	1.4	1000	0.2	30	1000	0.2	0	0
2.23	25.4799	1.4	1000	0.2	30	1000	0.2	0	0
2.231	25.4578	1.4	1000	0.2	30	1000	0.2	0	0
2.232	25.4327	1.4	1000	0.2	30	1000	0.2	0	0
2.233	25.4088	1.4	1000	0.2	30	1000	0.2	0	0
2.234	25.3839	1.4	1000	0.2	30	1000	0.2	0	0
2.235	25.355	1.4	1000	0.2	30	1000	0.2	0	0
2.236	25.3243	1.4	1000	0.2	30	1000	0.2	0	0
2.237	25.2931	1.4	1000	0.2	30	1000	0.2	0	0
2.238	25.2611	1.4	1000	0.2	30	1000	0.2	0	0
2.239	25.2285	1.4	1000	0.2	30	1000	0.2	0	0
2.24	25.1957	1.4	1000	0.2	30	1000	0.2	0	0
2.241	25.1646	1.4	1000	0.2	30	1000	0.2	0	0
2.242	25.1339	1.4	1000	0.2	30	1000	0.2	0	0
2.243	25.1025	1.4	1000	0.2	30	1000	0.2	0	0
2.244	25.0668	1.4	1000	0.2	30	1000	0.2	0	0
2.245	25.0229	1.4	1000	0.2	30	1000	0.2	0	0
2.246	24.9758	1.4	1000	0.2	30	1000	0.2	0	0
2.247	24.926	1.4	1000	0.2	30	1000	0.2	0	0
2.248	24.8705	1.4	1000	0.2	30	1000	0.2	0	0
2.249	24.8116	1.4	1000	0.2	30	1000	0.2	0	0
2.25	24.7507	1.4	1000	0.2	30	1000	0.2	0	0
2.251	24.6906	1.4	1000	0.2	30	1000	0.2	0	0
2.252	24.6361	1.4	1000	0.2	30	1000	0.2	0	0
2.253	24.5859	1.4	1000	0.2	30	1000	0.2	0	0
2.254	24.5361	1.4	1000	0.2	30	1000	0.2	0	0
2.255	24.4845	1.4	1000	0.2	30	1000	0.2	0	0
2.256	24.4346	1.4	1000	0.2	30	1000	0.2	0	0
2.257	24.3872	1.4	1000	0.2	30	1000	0.2	0	0
2.258	24.3396	1.4	1000	0.2	30	1000	0.2	0	0
2.259	24.2913	1.4	1000	0.2	30	1000	0.2	0	0
2.26	24.24	1.4	1000	0.2	30	1000	0.2	0	0
2.261	24.1874	1.4	1000	0.2	30	1000	0.2	0	0
2.262	24.135	1.4	1000	0.2	30	1000	0.2	0	0
2.263	24.082	1.4	1000	0.2	30	1000	0.2	0	0
2.264	24.0278	1.4	1000	0.2	30	1000	0.2	0	0
2.265	23.9718	1.4	1000	0.2	30	1000	0.2	0	0
2.266	23.9128	1.4	1000	0.2	30	1000	0.2	0	0
2.267	23.8524	1.4	1000	0.2	30	1000	0.2	0	0
2.268	23.7908	1.4	1000	0.2	30	1000	0.2	0	0
2.269	23.7316	1.4	1000	0.2	30	1000	0.2	0	0
2.27	23.6764	1.4	1000	0.2	30	1000	0.2	0	0
2.271	23.6185	1.4	1000	0.2	30	1000	0.2	0	0
2.272	23.5585	1.4	1000	0.2	30	1000	0.2	0	0
2.273	23.5003	1.4	1000	0.2	30	1000	0.2	0	0
2.274	23.439	1.4	1000	0.2	30	1000	0.2	0	0
2.275	23.3788	1.4	1000	0.2	30	1000	0.2	0	0
2.276	23.3234	1.4	1000	0.2	30	1000	0.2	0	0
2.277	23.2653	1.4	1000	0.2	30	1000	0.2	0	0
2.278	23.2085	1.4	1000	0.2	30	1000	0.2	0	0
2.279	23.1551	1.4	1000	0.2	30	1000	0.2	0	0
2.28	23.1004	1.4	1000	0.2	30	1000	0.2	0	0
2.281	23.0494	1.4	1000	0.2	30	1000	0.2	0	0
2.282	23.0011	1.4	1000	0.2	30	1000	0.2	0	0
2.283	22.9482	1.4	1000	0.2	30	1000	0.2	0	0
2.284	22.8937	1.4	1000	0.2	30	1000	0.2	0	0
2.285	22.8384	1.4	1000	0.2	30	1000	0.2	0	0
2.286	22.7787	1.4	1000	0.2	30	1000	0.2	0	0
2.287	22.7214	1.4	1000	0.2	30	1000	0.2	0	0
2.288	22.6705	1.4	1000	0.2	30	1000	0.2	0	0
2.289	22.6168	1.4	1000	0.2	30	1000	0.2	0	0
2.29	22.5579	1.4	1000	0.2	30	1000	0.2	0	0
2.291	22.4988	1.4	1000	0.2	30	1000	0.2	0	0
2.292	22.4398	1.4	1000	0.2	30	1000	0.2	0	0
2.293	22.3804	1.4	1000	0.2	30	1000	0.2	0	0
2.294	22.323	1.4	1000	0.2	30	1000	0.2	0	0
2.295	22.2686	1.4	1000	0.2	30	1000	0.2	0	0
2.296	22.2169	1.4	1000	0.2	30	1000	0.2	0	0
2.297	22.1712	1.4	1000	0.2	30	1000	0.2	0	0
2.298	22.1264	1.4	1000	0.2	30	1000	0.2	0	0
2.299	22.0795	1.4	1000	0.2	30	1000	0.2	0	0
2.3	22.0388	1.4	1000	0.2	30	1000	0.2	0	0
2.301	21.9997	1.4	1000	0.2	30	1000	0.2	0	0
2.302	21.9537	1.4	1000	0.2	30	1000	0.2	0	0
2.303	21.911	1.4	1000	0.2	30	1000	0.2	0	0
2.304	21.8684	1.4	1000	0.2	30	1000	0.2	0	0
2.305	21.8218	1.4	1000	0.2	30	1000	0.2	0	0
2.306	21.7784	1.4	1000	0.2	30	1000	0.2	0	0
2.307	21.7328	1.4	1000	0.2	30	1000	0.2	0	0
2.308	21.6866	1.4	1000	0.2	30	1000	0.2	0	0
2.309	21.646	1.4	1000	0.2	30	1000	0.2	0	0
2.31	21.6021	1.4	1000	0.2	30	1000	0.2	0	0
2.311	21.5562	1.4	1000	0.2	30	1000	0.2	0	0
2.312	21.5172	1.4	1000	0.2	30	1000	0.2	0	0
2.313	21.4818	1.4	1000	0.2	30	1000	0.2	0	0
2.314	21.4486	1.4	1000	0.2	30	1000	0.2	0	0
2.315	21.4179	1.4	1000	0.2	30	1000	0.2	0	0
2.316	21.3812	1.4	1000	0.2	30	1000	0.2	0	0
2.317	21.3376	1.4	1000	0.2	30	1000	0.2	0	0
2.318	21.2942	1.4	1000	0.2	30	1000	0.2	0	0
2.319	21.2505	1.4	1000	0.2	30	1000	0.2	0	0
2.32	21.2029	1.4	1000	0.2	30	1000	0.2	0	0
2.321	21.1513	1.4	1000	0.2	30	1000	0.2	0	0
2.322	21.0957	1.4	1000	0.2	30	1000	0.2	0	0
2.323	21.0422	1.4	1000	0.2	30	1000	0.2	0	0
2.324	20.9932	1.4	1000	0.2	30	1000	0.2	0	0
2.325	20.9438	1.4	1000	0.2	30	1000	0.2	0	0
2.326	20.8926	1.4	1000	0.2	30	1000	0.2	0	0
2.327	20.84	1.4	1000	0.2	30	1000	0.2	0	0
2.328	20.7883	1.4	1000	0.2	30	1000	0.2	0	0
2.329	20.7375	1.4	1000	0.2	30	1000	0.2	0	0
2.33	20.6835	1.4	1000	0.2	30	1000	0.2	0	0
2.331	20.6249	1.4	1000	0.2	30	1000	0.2	0	0
2.332	20.567	1.4	1000	0.2	30	1000	0.2	0	0
2.333	20.5119	1.4	1000	0.2	30	1000	0.2	0	0
2.334	20.458	1.4	1000	0.2	30	1000	0.2	0	0
2.335	20.4085	1.4	1000	0.2	30	1000	0.2	0	0
2.336	20.3616	1.4	1000	0.2	30	1000	0.2	0	0
2.337	20.317	1.4	1000	0.2	30	1000	0.2	0	0
2.338	20.2816	1.4	1000	0.2	30	1000	0.2	0	0
2.339	20.2503	1.4	1000	0.2	30	1000	0.2	0	0
2.34	20.2177	1.4	1000	0.2	30	1000	0.2	0	0
2.341	20.1904	1.4	1000	0.2	30	1000	0.2	0	0
2.342	20.1663	1.4	1000	0.2	30	1000	0.2	0	0
2.343	20.1454	1.4	1000	0.2	30	1000	0.2	0	0
2.344	20.1325	1.4	1000	0.2	30	1000	0.2	0	0
2.345	20.1239	1.4	1000	0.2	30	1000	0.2	0	0
2.346	20.1215	1.4	1000	0.2	30	1000	0.2	0	0
2.347	20.1262	1.4	1000	0.2	30	1000	0.2	0	0
2.348	20.1318	1.4	1000	0.2	30	1000	0.2	0	0
2.349	20.1474	1.4	1000	0.2	30	1000	0.2	0	0
2.35	20.1777	1.4	1000	0.2	30	1000	0.2	0	0
2.351	20.2139	1.4	1000	0.2	30	1000	0.2	0	0
2.352	20.2634	1.4	1000	0.2	30	1000	0.2	0	0
2.353	20.3179	1.4	1000	0.2	30	1000	0.2	0	0
2.354	20.3695	1.4	1000	0.2	30	1000	0.2	0	0
2.355	20.4269	1.4	1000	0.2	30	1000	0.2	0	0
2.356	20.4799	1.4	1000	0.2	30	1000	0.2	0	0
2.357	20.5239	1.4	1000	0.2	30	1000	0.2	0	0
2.358	20.5664	1.4	1000	0.2	30	1000	0.2	0	0
2.359	20.5993	1.4	1000	0.2	30	1000	0.2	0	0
2.36	20.6288	1.4	1000	0.2	30	1000	0.2	0	0
2.361	20.6681	1.4	1000	0.2	30	1000	0.2	0	0
2.362	20.7169	1.4	1000	0.2	30	1000	0.2	0	0
2.363	20.7664	1.4	1000	0.2	30	1000	0.2	0	0
2.364	20.8146	1.4	1000	0.2	30	1000	0.2	0	0
2.365	20.8572	1.4	1000	0.2	30	1000	0.2	0	0
2.366	20.8833	1.4	1000	0.2	30	1000	0.2	0	0
2.367	20.9052	1.4	1000	0.2	30	1000	0.2	0	0
2.368	20.927	1.4	1000	0.2	30	1000	0.2	0	0
2.369	20.938	1.4	1000	0.2	30	1000	0.2	0	0
2.37	20.9495	1.4	1000	0.2	30	1000	0.2	0	0
2.371	20.9598	1.4	1000	0.2	30	1000	0.2	0	0
2.372	20.9699	1.4	1000	0.2	30	1000	0.2	0	0
2.373	20.9906	1.4	1000	0.2	30	1000	0.2	0	0
2.374	21.0106	1.4	1000	0.2	30	1000	0.2	0	0
2.375	21.016	1.4	1000	0.2	30	1000	0.2	0	0
2.376	20.9978	1.4	1000	0.2	30	1000	0.2	0	0
2.377	20.9682	1.4	1000	0.2	30	1000	0.2	0	0
2.378	20.938	1.4	1000	0.2	30	1000	0.2	0	0
2.379	20.9039	1.4	1000	0.2	30	1000	0.2	0	0
2.38	20.8741	1.4	1000	0.2	30	1000	0.2	0	0
2.381	20.8494	1.4	1000	0.2	30	1000	0.2	0	0
2.382	20.8322	1.4	1000	0.2	30	1000	0.2	0	0
2.383	20.8339	1.4	1000	0.2	30	1000	0.2	0	0
2.384	20.8418	1.4	1000	0.2	30	1000	0.2	0	0
2.385	20.8479	1.4	1000	0.2	30	1000	0.2	0	0
2.386	20.8528	1.4	1000	0.2	30	1000	0.2	0	0
2.387	20.8495	1.4	1000	0.2	30	1000	0.2	0	0
2.388	20.841	1.4	1000	0.2	30	1000	0.2	0	0
2.389	20.8281	1.4	1000	0.2	30	1000	0.2	0	0
2.39	20.8078	1.4	1000	0.2	30	1000	0.2	0	0
2.391	20.7803	1.4	1000	0.2	30	1000	0.2	0	0
2.392	20.7437	1.4	1000	0.2	30	1000	0.2	0	0
2.393	20.7046	1.4	1000	0.2	30	1000	0.2	0	0
2.394	20.6659	1.4	1000	0.2	30	1000	0.2	0	0
2.395	20.6251	1.4	1000	0.2	30	1000	0.2	0	0
2.396	20.5763	1.4	1000	0.2	30	1000	0.2	0	0
2.397	20.5368	1.4	1000	0.2	30	1000	0.2	0	0
2.398	20.499	1.4	1000	0.2	30	1000	0.2	0	0
2.399	20.4605	1.4	1000	0.2	30	1000	0.2	0	0
2.4	20.4311	1.4	1000	0.2	30	1000	0.2	0	0
2.401	20.3945	1.4	1000	0.2	30	1000	0.2	0	0
2.402	20.3502	1.4	1000	0.2	30	1000	0.2	0	0
2.403	20.3133	1.4	1000	0.2	30	1000	0.2	0	0
2.404	20.2653	1.4	1000	0.2	30	1000	0.2	0	0
2.405	20.2197	1.4	1000	0.2	30	1000	0.2	0	0
2.406	20.1716	1.4	1000	0.2	30	1000	0.2	0	0
2.407	20.1047	1.4	1000	0.2	30	1000	0.2	0	0
2.408	20.0394	1.4	1000	0.2	30	1000	0.2	0	0
2.409	19.9722	1.4	1000	0.2	30	1000	0.2	0	0
2.41	19.9043	1.4	1000	0.2	30	1000	0.2	0	0
2.411	19.8367	1.4	1000	0.2	30	1000	0.2	0	0
2.412	19.75	1.4	1000	0.2	30	1000	0.2	0	0
2.413	19.6526	1.4	1000	0.2	30	1000	0.2	0	0
2.414	19.5507	1.4	1000	0.2	30	1000	0.2	0	0
2.415	19.4454	1.4	1000	0.2	30	1000	0.2	0	0
2.416	19.352	1.4	1000	0.2	30	1000	0.2	0	0
2.417	19.2625	1.4	1000	0.2	30	1000	0.2	0	0
2.418	19.1744	1.4	1000	0.2	30	1000	0.2	0	0
2.419	19.1045	1.4	1000	0.2	30	1000	0.2	0	0
2.42	19.0519	1.4	1000	0.2	30	1000	0.2	0	0
2.421	19.0135	1.4	1000	0.2	30	1000	0.2	0	0
2.422	18.9822	1.4	1000	0.2	30	1000	0.2	0	0
2.423	18.9439	1.4	1000	0.2	30	1000	0.2	0	0
2.424	18.9042	1.4	1000	0.2	30	1000	0.2	0	0
2.425	18.8633	1.4	1000	0.2	30	1000	0.2	0	0
2.426	18.8201	1.4	1000	0.2	30	1000	0.2	0	0
2.427	18.7821	1.4	1000	0.2	30	1000	0.2	0	0
2.428	18.7399	1.4	1000	0.2	30	1000	0.2	0	0
2.429	18.6873	1.4	1000	0.2	30	1000	0.2	0	0
2.43	18.6077	1.4	1000	0.2	30	1000	0.2	0	0
2.431	18.4988	1.4	1000	0.2	30	1000	0.2	0	0
2.432	18.3938	1.4	1000	0.2	30	1000	0.2	0	0
2.433	18.2965	1.4	1000	0.2	30	1000	0.2	0	0
2.434	18.2158	1.4	1000	0.2	30	1000	0.2	0	0
2.435	18.1545	1.4	1000	0.2	30	1000	0.2	0	0
2.436	18.0906	1.4	1000	0.2	30	1000	0.2	0	0
2.437	18.0465	1.4	1000	0.2	30	1000	0.2	0	0
2.438	18.0204	1.4	1000	0.2	30	1000	0.2	0	0
2.439	17.9941	1.4	1000	0.2	30	1000	0.2	0	0
2.44	17.9652	1.4	1000	0.2	30	1000	0.2	0	0
2.441	17.9051	1.4	1000	0.2	30	1000	0.2	0	0
2.442	17.8233	1.4	1000	0.2	30	1000	0.2	0	0
2.443	17.7504	1.4	1000	0.2	30	1000	0.2	0	0
2.444	17.6804	1.4	1000	0.2	30	1000	0.2	0	0
2.445	17.6121	1.4	1000	0.2	30	1000	0.2	0	0
2.446	17.5452	1.4	1000	0.2	30	1000	0.2	0	0
2.447	17.479	1.4	1000	0.2	30	1000	0.2	0	0
2.448	17.4274	1.4	1000	0.2	30	1000	0.2	0	0
2.449	17.388	1.4	1000	0.2	30	1000	0.2	0	0
2.45	17.3587	1.4	1000	0.2	30	1000	0.2	0	0
