  443.000   5.277334595e+01 
  444.000   5.341431427e+01 
  445.000   5.189324951e+01 
  446.000   4.901147461e+01 
  447.000   5.246953201e+01 
  448.000   5.297407532e+01 
  449.000   5.266707993e+01 
  450.000   5.365231323e+01 
  451.000   5.523450089e+01 
  452.000   5.279849625e+01 
  453.000   4.923674011e+01 
  454.000   5.095932388e+01 
  455.000   5.088779449e+01 
  456.000   5.168778229e+01 
  457.000   5.215581894e+01 
  458.000   5.005736923e+01 
  459.000   4.939605713e+01 
  460.000   4.916976547e+01 
  461.000   4.992927933e+01 
  462.000   4.983021164e+01 
  463.000   4.917477036e+01 
  464.000   4.792383575e+01 
  465.000   4.690760803e+01 
  466.000   4.699544144e+01 
  467.000   4.587888718e+01 
  468.000   4.605327988e+01 
  469.000   4.598451233e+01 
  470.000   4.424319839e+01 
  471.000   4.381892395e+01 
  472.000   4.585758209e+01 
  473.000   4.495349503e+01 
  474.000   4.473210526e+01 
  475.000   4.478561401e+01 
  476.000   4.320766830e+01 
  477.000   4.304429245e+01 
  478.000   4.390474701e+01 
  479.000   4.336425018e+01 
  480.000   4.310702133e+01 
  481.000   4.357959747e+01 
  482.000   4.354055786e+01 
  483.000   4.263014603e+01 
  484.000   4.143915176e+01 
  485.000   3.930009842e+01 
  486.000   3.406323624e+01 
  487.000   3.543518066e+01 
  488.000   3.871364975e+01 
  489.000   3.865476990e+01 
  490.000   4.038232040e+01 
  491.000   3.944671249e+01 
  492.000   3.699045944e+01 
  493.000   3.801816940e+01 
  494.000   3.816420364e+01 
  495.000   3.826203918e+01 
  496.000   3.826987839e+01 
  497.000   3.861650848e+01 
  498.000   3.662289047e+01 
  499.000   3.690579605e+01 
  500.000   3.562965012e+01 
  501.000   3.489706802e+01 
  502.000   3.434577942e+01 
  503.000   3.567110062e+01 
  504.000   3.498291779e+01 
  505.000   3.571652985e+01 
  506.000   3.678292847e+01 
  507.000   3.488743973e+01 
  508.000   3.358458710e+01 
  509.000   3.434362411e+01 
  510.000   3.405524063e+01 
  511.000   3.479185486e+01 
  512.000   3.500617599e+01 
  513.000   3.304524612e+01 
  514.000   3.271900558e+01 
  515.000   3.233333588e+01 
  516.000   3.224930573e+01 
  517.000   2.854398155e+01 
  518.000   2.995942116e+01 
  519.000   3.142136574e+01 
  520.000   3.249460983e+01 
  521.000   3.279609680e+01 
  522.000   3.280116272e+01 
  523.000   3.217184448e+01 
  524.000   3.330054092e+01 
  525.000   3.372650528e+01 
  526.000   3.220594788e+01 
  527.000   3.034220505e+01 
  528.000   3.210897064e+01 
  529.000   3.380323029e+01 
  530.000   3.330086517e+01 
  531.000   3.372103119e+01 
  532.000   3.253868103e+01 
  533.000   3.150230980e+01 
  534.000   3.238558960e+01 
  535.000   3.298698807e+01 
  536.000   3.322922516e+01 
  537.000   3.181004143e+01 
  538.000   3.234817505e+01 
  539.000   3.195648384e+01 
  540.000   3.064081573e+01 
  541.000   3.085997009e+01 
  542.000   3.181043816e+01 
  543.000   3.131561661e+01 
  544.000   3.186856270e+01 
  545.000   3.166641998e+01 
  546.000   3.181723404e+01 
  547.000   3.166796684e+01 
  548.000   3.118803596e+01 
  549.000   3.116796494e+01 
  550.000   3.145413780e+01 
  551.000   3.102247429e+01 
  552.000   3.111464500e+01 
  553.000   3.048048210e+01 
  554.000   3.117386246e+01 
  555.000   3.116216087e+01 
  556.000   3.062033081e+01 
  557.000   2.963407135e+01 
  558.000   2.931406403e+01 
  559.000   2.871642876e+01 
  560.000   2.901838112e+01 
  561.000   2.927929306e+01 
  562.000   2.895649338e+01 
  563.000   2.965219879e+01 
  564.000   2.874762726e+01 
  565.000   2.838598061e+01 
  566.000   2.786760139e+01 
  567.000   2.826175880e+01 
  568.000   2.777514839e+01 
  569.000   2.690458298e+01 
  570.000   2.672251320e+01 
  571.000   2.661599541e+01 
  572.000   2.705265999e+01 
  573.000   2.724625969e+01 
  574.000   2.709743309e+01 
  575.000   2.649763298e+01 
  576.000   2.614896774e+01 
  577.000   2.640053177e+01 
  578.000   2.595508385e+01 
  579.000   2.594341087e+01 
  580.000   2.623800087e+01 
  581.000   2.630908012e+01 
  582.000   2.667774200e+01 
  583.000   2.661328888e+01 
  584.000   2.679724884e+01 
  585.000   2.604802704e+01 
  586.000   2.546326828e+01 
  587.000   2.590370560e+01 
  588.000   2.516075325e+01 
  589.000   2.234728622e+01 
  590.000   2.320812035e+01 
  591.000   2.452522087e+01 
  592.000   2.419121361e+01 
  593.000   2.476625443e+01 
  594.000   2.454039001e+01 
  595.000   2.372301292e+01 
  596.000   2.457564926e+01 
  597.000   2.425062752e+01 
  598.000   2.419133568e+01 
  599.000   2.414259338e+01 
  600.000   2.422347260e+01 
  601.000   2.400382042e+01 
  602.000   2.380905151e+01 
  603.000   2.416017342e+01 
  604.000   2.459642029e+01 
  605.000   2.445623779e+01 
  606.000   2.430567169e+01 
  607.000   2.444362259e+01 
  608.000   2.414381409e+01 
  609.000   2.409177017e+01 
  610.000   2.388419342e+01 
  611.000   2.396147728e+01 
  612.000   2.387104034e+01 
  613.000   2.351338959e+01 
  614.000   2.316099739e+01 
  615.000   2.358260345e+01 
  616.000   2.274113464e+01 
  617.000   2.270009422e+01 
  618.000   2.350053596e+01 
  619.000   2.324445534e+01 
  620.000   2.336706352e+01 
  621.000   2.339628792e+01 
  622.000   2.316866112e+01 
  623.000   2.282851601e+01 
  624.000   2.236067200e+01 
  625.000   2.228038597e+01 
  626.000   2.260125542e+01 
  627.000   2.269455719e+01 
  628.000   2.142368889e+01 
  629.000   2.215143585e+01 
  630.000   2.182591820e+01 
  631.000   2.204178047e+01 
  632.000   2.169094849e+01 
  633.000   2.239456940e+01 
  634.000   2.220795822e+01 
  635.000   2.245604897e+01 
  636.000   2.218483734e+01 
  637.000   2.250690079e+01 
  638.000   2.277521324e+01 
  639.000   2.248159790e+01 
  640.000   2.225091934e+01 
  641.000   2.223744392e+01 
  642.000   2.210692024e+01 
  643.000   2.232379913e+01 
  644.000   2.218954849e+01 
  645.000   2.215586281e+01 
  646.000   2.136443520e+01 
  647.000   2.119048309e+01 
  648.000   2.110696793e+01 
  649.000   2.090705109e+01 
  650.000   2.102944183e+01 
  651.000   2.181296730e+01 
  652.000   2.109594345e+01 
  653.000   2.165806961e+01 
  654.000   2.125299644e+01 
  655.000   2.063793755e+01 
  656.000   1.811105347e+01 
  657.000   1.872549057e+01 
  658.000   2.098479843e+01 
  659.000   2.114469147e+01 
  660.000   2.130135345e+01 
  661.000   2.155053139e+01 
  662.000   2.177067566e+01 
  663.000   2.132564926e+01 
  664.000   2.142981720e+01 
  665.000   2.136470985e+01 
  666.000   2.140214348e+01 
  667.000   2.135829163e+01 
  668.000   2.138926888e+01 
  669.000   2.166423988e+01 
  670.000   2.160652351e+01 
  671.000   2.161488342e+01 
  672.000   2.146980476e+01 
  673.000   2.185197067e+01 
  674.000   2.177301979e+01 
  675.000   2.161235428e+01 
  676.000   2.178604507e+01 
  677.000   2.163125801e+01 
  678.000   2.171107864e+01 
  679.000   2.143299484e+01 
  680.000   2.162185669e+01 
  681.000   2.157889175e+01 
  682.000   2.157265091e+01 
  683.000   2.165443230e+01 
  684.000   2.158272171e+01 
  685.000   2.192344093e+01 
  686.000   2.174493408e+01 
  687.000   1.764027405e+01 
  688.000   1.873615074e+01 
  689.000   1.847322845e+01 
  690.000   1.913912392e+01 
  691.000   2.011496735e+01 
  692.000   2.070492744e+01 
  693.000   2.069047356e+01 
  694.000   2.059761238e+01 
  695.000   2.129689598e+01 
  696.000   2.198423004e+01 
  697.000   2.349712753e+01 
  698.000   2.323140335e+01 
  699.000   2.279241943e+01 
  700.000   2.309309578e+01 
  701.000   2.318893051e+01 
  702.000   2.359723663e+01 
  703.000   2.515815926e+01 
  704.000   2.590868378e+01 
  705.000   2.599141312e+01 
  706.000   2.623854828e+01 
  707.000   2.679537201e+01 
  708.000   2.753954506e+01 
  709.000   2.817758369e+01 
  710.000   2.837174606e+01 
  711.000   2.918323517e+01 
  712.000   2.985779190e+01 
  713.000   2.986897469e+01 
  714.000   3.040548325e+01 
  715.000   2.984858322e+01 
  716.000   2.999445724e+01 
  717.000   2.798060989e+01 
  718.000   2.639006233e+01 
  719.000   2.576041031e+01 
  720.000   2.576428413e+01 
  721.000   3.000679779e+01 
  722.000   3.214008331e+01 
  723.000   3.196562767e+01 
  724.000   2.966379356e+01 
  725.000   3.026266098e+01 
  726.000   3.066642570e+01 
  727.000   3.173623085e+01 
  728.000   3.122373199e+01 
  729.000   3.198919296e+01 
  730.000   3.307482147e+01 
  731.000   3.304106522e+01 
  732.000   3.539281845e+01 
  733.000   3.776322556e+01 
  734.000   3.969252396e+01 
  735.000   3.918432236e+01 
  736.000   3.872259521e+01 
  737.000   3.997630692e+01 
  738.000   4.046036911e+01 
  739.000   4.050592041e+01 
  740.000   4.233957672e+01 
  741.000   4.250934219e+01 
  742.000   4.284807205e+01 
  743.000   4.469001770e+01 
  744.000   4.497943115e+01 
  745.000   4.535645676e+01 
  746.000   4.604388046e+01 
  747.000   4.640955353e+01 
  748.000   4.667058563e+01 
  749.000   4.647621918e+01 
  750.000   4.665092850e+01 
  751.000   4.640155792e+01 
  752.000   4.693737411e+01 
  753.000   4.736362076e+01 
  754.000   4.772418213e+01 
  755.000   4.769594193e+01 
  756.000   4.784602737e+01 
  757.000   4.816038132e+01 
  758.000   4.765168762e+01 
  759.000   4.136408997e+01 
  760.000   1.138358974e+01 
  761.000   9.338873863e+00 
  762.000   2.347824478e+01 
  763.000   1.865572929e+01 
  764.000   2.106719589e+01 
  765.000   2.749791145e+01 
  766.000   3.435015488e+01 
  767.000   3.960833359e+01 
  768.000   4.307241821e+01 
  769.000   4.524156189e+01 
  770.000   4.668106079e+01 
  771.000   4.720121002e+01 
  772.000   4.734690475e+01 
  773.000   4.780497742e+01 
  774.000   4.772051620e+01 
  775.000   4.744674301e+01 
  776.000   4.815665817e+01 
  777.000   4.758951950e+01 
  778.000   4.738563538e+01 
  779.000   4.752443695e+01 
  780.000   4.730151749e+01 
  781.000   4.751832581e+01 
  782.000   4.786119080e+01 
  783.000   4.709020996e+01 
  784.000   4.734499359e+01 
  785.000   4.691840744e+01 
  786.000   4.723027802e+01 
  787.000   4.639487839e+01 
  788.000   4.584100723e+01 
  789.000   4.489852142e+01 
  790.000   4.478504944e+01 
  791.000   4.448447800e+01 
  792.000   4.435813141e+01 
  793.000   4.432949066e+01 
  794.000   4.502938080e+01 
  795.000   4.543618774e+01 
  796.000   4.390633774e+01 
  797.000   4.444113541e+01 
  798.000   4.562434006e+01 
  799.000   4.546767807e+01 
  800.000   4.434859848e+01 
  801.000   4.462371063e+01 
  802.000   4.445608139e+01 
  803.000   4.441184235e+01 
  804.000   4.480924988e+01 
  805.000   4.507405853e+01 
  806.000   4.623455811e+01 
  807.000   4.595182419e+01 
  808.000   4.567086029e+01 
  809.000   4.508324432e+01 
  810.000   4.495544052e+01 
  811.000   4.476870728e+01 
  812.000   4.399243164e+01 
  813.000   4.310968018e+01 
  814.000   4.163795090e+01 
  815.000   3.997554016e+01 
  816.000   3.827365875e+01 
  817.000   3.828671646e+01 
  818.000   3.770695114e+01 
  819.000   3.810732651e+01 
  820.000   3.988018036e+01 
  821.000   4.241226196e+01 
  822.000   4.063389969e+01 
  823.000   3.654950714e+01 
  824.000   4.028327560e+01 
  825.000   4.315618134e+01 
  826.000   4.299717331e+01 
  827.000   4.263761139e+01 
  828.000   4.056168747e+01 
  829.000   4.101226044e+01 
  830.000   4.171892166e+01 
  831.000   4.177018738e+01 
  832.000   4.201767731e+01 
  833.000   4.123976898e+01 
  834.000   4.206906128e+01 
  835.000   4.397138596e+01 
  836.000   4.386956406e+01 
  837.000   4.370082855e+01 
  838.000   4.365899658e+01 
  839.000   4.394087982e+01 
  840.000   4.489949036e+01 
  841.000   4.431760406e+01 
  842.000   4.435229492e+01 
  843.000   4.475329208e+01 
  844.000   4.493288422e+01 
  845.000   4.625802612e+01 
  846.000   4.626466751e+01 
  847.000   4.552377319e+01 
  848.000   4.519831085e+01 
  849.000   4.403879166e+01 
  850.000   4.202273560e+01 
  851.000   4.466806793e+01 
  852.000   4.431668854e+01 
  853.000   4.284944534e+01 
  854.000   3.722917175e+01 
  855.000   4.084025955e+01 
  856.000   4.516302109e+01 
  857.000   4.624690247e+01 
  858.000   4.611899185e+01 
  859.000   4.631098175e+01 
  860.000   4.649774551e+01 
  861.000   4.632997894e+01 
  862.000   4.712570190e+01 
  863.000   4.831316376e+01 
  864.000   4.601296234e+01 
  865.000   4.568254852e+01 
  866.000   4.114510345e+01 
  867.000   4.298703384e+01 
  868.000   4.681343460e+01 
  869.000   4.592650604e+01 
  870.000   4.728892899e+01 
  871.000   4.673756409e+01 
  872.000   4.663436127e+01 
  873.000   4.656742477e+01 
  874.000   4.608499527e+01 
  875.000   4.521947479e+01 
  876.000   4.570948792e+01 
  877.000   4.622094727e+01 
  878.000   4.671209335e+01 
  879.000   4.603612137e+01 
  880.000   4.501289368e+01 
  881.000   4.446929550e+01 
  882.000   4.546692657e+01 
  883.000   4.566115189e+01 
  884.000   4.556099701e+01 
  885.000   4.575544739e+01 
  886.000   4.382019806e+01 
  887.000   4.426906204e+01 
  888.000   4.525911331e+01 
  889.000   4.543611526e+01 
  890.000   4.545199203e+01 
  891.000   4.482839584e+01 
  892.000   4.349662018e+01 
  893.000   4.130010223e+01 
  894.000   4.054056168e+01 
  895.000   3.788361359e+01 
  896.000   3.649688339e+01 
  897.000   3.406915283e+01 
  898.000   3.338923645e+01 
  899.000   3.103550148e+01 
  900.000   3.066867638e+01 
  901.000   2.909167671e+01 
  902.000   2.955351639e+01 
  903.000   3.461720657e+01 
  904.000   3.769962311e+01 
  905.000   3.755333710e+01 
  906.000   3.505832291e+01 
  907.000   3.274027634e+01 
  908.000   3.049345398e+01 
  909.000   2.995812416e+01 
  910.000   3.085528183e+01 
  911.000   3.181958771e+01 
  912.000   3.138216400e+01 
  913.000   2.965012932e+01 
  914.000   3.055795670e+01 
  915.000   3.129785347e+01 
  916.000   3.171948624e+01 
  917.000   3.182287025e+01 
  918.000   3.267813110e+01 
  919.000   3.512075806e+01 
  920.000   3.663214874e+01 
  921.000   3.533458328e+01 
  922.000   3.519564819e+01 
  923.000   3.376752472e+01 
  924.000   3.365491867e+01 
  925.000   3.353446960e+01 
  926.000   3.301949692e+01 
  927.000   3.269377899e+01 
  928.000   3.064282608e+01 
  929.000   2.715802765e+01 
  930.000   2.311760712e+01 
  931.000   1.885682297e+01 
  932.000   1.410857010e+01 
  933.000   1.140521049e+01 
  934.000   8.923054695e+00 
  935.000   8.544273376e+00 
  936.000   9.383590698e+00 
  937.000   9.250518799e+00 
  938.000   1.209601879e+01 
  939.000   2.178866005e+01 
  940.000   2.338841438e+01 
  941.000   2.106958580e+01 
  942.000   1.796441841e+01 
  943.000   1.336670208e+01 
  944.000   1.286969852e+01 
  945.000   1.451130772e+01 
  946.000   1.467967510e+01 
  947.000   1.629662895e+01 
  948.000   1.729712868e+01 
  949.000   1.718483162e+01 
  950.000   1.732323456e+01 
  951.000   1.959016037e+01 
  952.000   1.715416145e+01 
  953.000   1.872914886e+01 
  954.000   2.013385773e+01 
  955.000   1.828402901e+01 
  956.000   1.877840614e+01 
  957.000   2.392027664e+01 
  958.000   2.494967651e+01 
  959.000   2.410005760e+01 
  960.000   2.352839279e+01 
  961.000   2.319306946e+01 
  962.000   2.346336555e+01 
  963.000   2.634671402e+01 
  964.000   2.677421951e+01 
  965.000   2.645926094e+01 
  966.000   2.644708443e+01 
  967.000   2.865660858e+01 
  968.000   3.185400581e+01 
  969.000   3.350998688e+01 
  970.000   3.360371399e+01 
  971.000   3.349291611e+01 
  972.000   3.310329437e+01 
  973.000   3.173446465e+01 
  974.000   3.019316292e+01 
  975.000   2.986442375e+01 
  976.000   3.059615326e+01 
  977.000   3.211014557e+01 
  978.000   3.198860931e+01 
  979.000   3.219023895e+01 
  980.000   3.422329712e+01 
  981.000   3.489409256e+01 
  982.000   3.437639999e+01 
  983.000   3.520405579e+01 
  984.000   3.633998489e+01 
  985.000   3.709955215e+01 
  986.000   3.776473618e+01 
  987.000   3.815332413e+01 
  988.000   3.835466385e+01 
  989.000   3.785735703e+01 
  990.000   3.815597916e+01 
  991.000   3.864122772e+01 
  992.000   3.891669846e+01 
  993.000   3.885886765e+01 
  994.000   3.924208832e+01 
  995.000   3.935680389e+01 
  996.000   3.937504578e+01 
  997.000   3.926686859e+01 
  998.000   3.899337387e+01 
  999.000   3.878003311e+01 
 1000.000   3.880748367e+01 
 1001.000   3.873983383e+01 
 1002.000   3.805196381e+01 
 1003.000   3.779072952e+01 
 1004.000   3.745532608e+01 
 1005.000   3.595006561e+01 
 1006.000   3.761408234e+01 
 1007.000   3.826359558e+01 
 1008.000   3.783430481e+01 
 1009.000   3.727672577e+01 
 1010.000   3.756100464e+01 
 1011.000   3.810848618e+01 
 1012.000   3.826196289e+01 
 1013.000   3.851593781e+01 
 1014.000   3.836465073e+01 
 1015.000   3.823744583e+01 
 1016.000   3.820864868e+01 
 1017.000   3.843691254e+01 
 1018.000   3.813852310e+01 
 1019.000   3.749699020e+01 
 1020.000   3.792536545e+01 
 1021.000   3.806410217e+01 
 1022.000   3.765356445e+01 
 1023.000   3.793098450e+01 
 1024.000   3.770927429e+01 
 1025.000   3.812909698e+01 
 1026.000   3.829002762e+01 
 1027.000   3.817403793e+01 
 1028.000   3.823603058e+01 
 1029.000   3.804669952e+01 
 1030.000   3.840246201e+01 
 1031.000   3.844153976e+01 
 1032.000   3.840031052e+01 
 1033.000   3.790717697e+01 
 1034.000   3.798643875e+01 
 1035.000   3.815315247e+01 
 1036.000   3.842670822e+01 
 1037.000   3.783168793e+01 
 1038.000   3.809012985e+01 
 1039.000   3.809636688e+01 
 1040.000   3.796511841e+01 
 1041.000   3.817003250e+01 
 1042.000   3.793365097e+01 
 1043.000   3.788569260e+01 
 1044.000   3.807035446e+01 
 1045.000   3.756574249e+01 
 1046.000   3.717078781e+01 
 1047.000   3.752286148e+01 
 1048.000   3.776020050e+01 
 1049.000   3.762919998e+01 
 1050.000   3.745550156e+01 
 1051.000   3.740710831e+01 
 1052.000   3.725443649e+01 
 1053.000   3.703022003e+01 
 1054.000   3.710894394e+01 
 1055.000   3.714254379e+01 
 1056.000   3.703863525e+01 
 1057.000   3.685140228e+01 
 1058.000   3.574635696e+01 
 1059.000   3.588079453e+01 
 1060.000   3.600926208e+01 
 1061.000   3.598843384e+01 
 1062.000   3.609288025e+01 
 1063.000   3.572935867e+01 
 1064.000   3.602174377e+01 
 1065.000   3.574600601e+01 
 1066.000   3.497801590e+01 
 1067.000   3.540353012e+01 
 1068.000   3.444790268e+01 
 1069.000   3.321995544e+01 
 1070.000   3.456364059e+01 
 1071.000   3.459541321e+01 
 1072.000   3.428861618e+01 
 1073.000   3.370863724e+01 
 1074.000   3.431325531e+01 
 1075.000   3.391323853e+01 
 1076.000   3.453506851e+01 
 1077.000   3.431529236e+01 
 1078.000   3.354986954e+01 
 1079.000   3.336267853e+01 
 1080.000   3.311249924e+01 
 1081.000   3.219406128e+01 
 1082.000   3.222734833e+01 
 1083.000   3.183452606e+01 
 1084.000   3.223175049e+01 
 1085.000   3.152870941e+01 
 1086.000   3.136651039e+01 
 1087.000   3.131246567e+01 
 1088.000   3.205120087e+01 
 1089.000   3.081469917e+01 
 1090.000   3.099954224e+01 
 1091.000   3.109399986e+01 
 1092.000   3.024979782e+01 
 1093.000   2.813093376e+01 
 1094.000   2.651151657e+01 
 1095.000   2.786747742e+01 
 1096.000   2.791442490e+01 
 1097.000   2.774239540e+01 
 1098.000   2.504213142e+01 
 1099.000   2.367815399e+01 
 1100.000   2.397323990e+01 
 1101.000   2.390395737e+01 
 1102.000   2.345359993e+01 
 1103.000   2.408976364e+01 
 1104.000   2.365915298e+01 
 1105.000   2.279624176e+01 
 1106.000   2.184649467e+01 
 1107.000   2.195288849e+01 
 1108.000   2.207356644e+01 
 1109.000   2.270535851e+01 
 1110.000   2.252754974e+01 
 1111.000   2.190584564e+01 
 1112.000   1.988461113e+01 
 1113.000   1.716345215e+01 
 1114.000   1.648902512e+01 
 1115.000   1.345341969e+01 
 1116.000   1.190630817e+01 
 1117.000   9.007203102e+00 
 1118.000   6.603678226e+00 
 1119.000   5.358701706e+00 
 1120.000   4.094239712e+00 
 1121.000   3.844918966e+00 
 1122.000   2.750665665e+00 
 1123.000   3.287682772e+00 
 1124.000   3.643459797e+00 
 1125.000   3.334284067e+00 
 1126.000   3.287386894e+00 
 1127.000   3.415846825e+00 
 1128.000   3.604950428e+00 
 1129.000   4.704669476e+00 
 1130.000   7.575035572e+00 
 1131.000   8.565934181e+00 
 1132.000   7.234023571e+00 
 1133.000   5.098869801e+00 
 1134.000   1.995672703e+00 
 1135.000   2.190086126e+00 
 1136.000   5.483027458e+00 
 1137.000   7.526943684e+00 
 1138.000   9.915719986e+00 
 1139.000   1.095685673e+01 
 1140.000   1.030024338e+01 
 1141.000   9.335130692e+00 
 1142.000   8.994826317e+00 
 1143.000   7.960622311e+00 
 1144.000   6.841044426e+00 
 1145.000   5.473834515e+00 
 1146.000   5.826404095e+00 
 1147.000   6.909069061e+00 
 1148.000   7.895418167e+00 
 1149.000   8.343636513e+00 
 1150.000   8.410775185e+00 
 1151.000   9.175627708e+00 
 1152.000   9.492917061e+00 
 1153.000   1.012659073e+01 
 1154.000   1.005903721e+01 
 1155.000   1.118033028e+01 
 1156.000   1.253584003e+01 
 1157.000   1.581437969e+01 
 1158.000   1.729280090e+01 
 1159.000   1.816991615e+01 
 1160.000   1.874872398e+01 
 1161.000   1.955256081e+01 
 1162.000   2.098552132e+01 
 1163.000   2.204768944e+01 
 1164.000   2.199485779e+01 
 1165.000   2.226107407e+01 
 1166.000   2.235859299e+01 
 1167.000   2.268850708e+01 
 1168.000   2.266485023e+01 
 1169.000   2.234535027e+01 
 1170.000   2.293392563e+01 
 1171.000   2.339851379e+01 
 1172.000   2.311218452e+01 
 1173.000   2.287336540e+01 
 1174.000   2.278846359e+01 
 1175.000   2.275605202e+01 
 1176.000   2.373887825e+01 
 1177.000   2.345046616e+01 
 1178.000   2.263337517e+01 
 1179.000   2.295684624e+01 
 1180.000   2.282592010e+01 
 1181.000   2.217468452e+01 
 1182.000   2.144830513e+01 
 1183.000   2.088527107e+01 
 1184.000   2.177862740e+01 
 1185.000   2.265026474e+01 
 1186.000   2.240922737e+01 
 1187.000   2.173537445e+01 
 1188.000   2.080576897e+01 
 1189.000   2.118643761e+01 
 1190.000   2.291845131e+01 
 1191.000   2.344639206e+01 
 1192.000   2.386521912e+01 
 1193.000   2.374543571e+01 
 1194.000   2.362120819e+01 
 1195.000   2.283291054e+01 
 1196.000   2.293613052e+01 
 1197.000   2.214836884e+01 
 1198.000   2.186490059e+01 
 1199.000   2.135803795e+01 
 1200.000   2.242562485e+01 
 1201.000   2.260413170e+01 
 1202.000   2.252126503e+01 
 1203.000   2.145068359e+01 
 1204.000   2.209042931e+01 
 1205.000   2.319008064e+01 
 1206.000   2.364410400e+01 
 1207.000   2.378940201e+01 
 1208.000   2.248147774e+01 
 1209.000   2.274895096e+01 
 1210.000   2.256455040e+01 
 1211.000   2.261912537e+01 
 1212.000   2.298744392e+01 
 1213.000   2.333702278e+01 
 1214.000   2.330452538e+01 
 1215.000   2.344270325e+01 
 1216.000   2.395280647e+01 
 1217.000   2.436737823e+01 
 1218.000   2.449542809e+01 
 1219.000   2.450423431e+01 
 1220.000   2.461655235e+01 
 1221.000   2.462384796e+01 
 1222.000   2.458326530e+01 
 1223.000   2.457121849e+01 
 1224.000   2.501591110e+01 
 1225.000   2.503672028e+01 
 1226.000   2.505327606e+01 
 1227.000   2.476278687e+01 
 1228.000   2.540931702e+01 
 1229.000   2.566938210e+01 
 1230.000   2.575482368e+01 
 1231.000   2.580814934e+01 
 1232.000   2.574857140e+01 
 1233.000   2.585269928e+01 
 1234.000   2.598184967e+01 
 1235.000   2.606192780e+01 
 1236.000   2.623666191e+01 
 1237.000   2.630413628e+01 
 1238.000   2.630148888e+01 
 1239.000   2.601151085e+01 
 1240.000   2.607390022e+01 
 1241.000   2.615780640e+01 
 1242.000   2.586475182e+01 
 1243.000   2.561812019e+01 
 1244.000   2.579545403e+01 
 1245.000   2.582655907e+01 
 1246.000   2.561238289e+01 
 1247.000   2.549784088e+01 
 1248.000   2.553495598e+01 
 1249.000   2.546545601e+01 
 1250.000   2.530948448e+01 
 1251.000   2.505088997e+01 
 1252.000   2.476848221e+01 
 1253.000   2.477442169e+01 
 1254.000   2.453422737e+01 
 1255.000   2.429423714e+01 
 1256.000   2.405036736e+01 
 1257.000   2.380930328e+01 
 1258.000   2.333559418e+01 
 1259.000   2.301913834e+01 
 1260.000   2.262804985e+01 
 1261.000   2.208339882e+01 
 1262.000   2.128357887e+01 
 1263.000   2.108288383e+01 
 1264.000   2.070918846e+01 
 1265.000   2.067724037e+01 
 1266.000   2.043488312e+01 
 1267.000   1.993618774e+01 
 1268.000   1.946163559e+01 
 1269.000   1.953088570e+01 
 1270.000   2.048918343e+01 
 1271.000   2.088541603e+01 
 1272.000   2.122026443e+01 
 1273.000   2.147591209e+01 
 1274.000   2.182006264e+01 
 1275.000   2.213182259e+01 
 1276.000   2.229779053e+01 
 1277.000   2.234766769e+01 
 1278.000   2.238766289e+01 
 1279.000   2.232726669e+01 
 1280.000   2.228902626e+01 
 1281.000   2.128979492e+01 
 1282.000   2.036470604e+01 
 1283.000   2.215122414e+01 
 1284.000   2.281982994e+01 
 1285.000   2.300120163e+01 
 1286.000   2.302063370e+01 
 1287.000   2.288753700e+01 
 1288.000   2.211152077e+01 
 1289.000   2.191632080e+01 
 1290.000   2.162614441e+01 
 1291.000   2.192499161e+01 
 1292.000   2.231187248e+01 
 1293.000   2.222444344e+01 
 1294.000   2.187001038e+01 
 1295.000   2.150855255e+01 
 1296.000   2.106130409e+01 
 1297.000   2.050390244e+01 
 1298.000   2.045377350e+01 
 1299.000   2.051563454e+01 
 1300.000   2.038286400e+01 
 1301.000   2.015426826e+01 
 1302.000   1.982040787e+01 
 1303.000   1.898240852e+01 
 1304.000   1.877109528e+01 
 1305.000   1.875876236e+01 
 1306.000   1.864454269e+01 
 1307.000   1.837059975e+01 
 1308.000   1.794364548e+01 
 1309.000   1.741049576e+01 
 1310.000   1.722452545e+01 
 1311.000   1.719605255e+01 
 1312.000   1.615955925e+01 
 1313.000   1.559966946e+01 
 1314.000   1.511727238e+01 
 1315.000   1.491819763e+01 
 1316.000   1.567049408e+01 
 1317.000   1.570220089e+01 
 1318.000   1.490030003e+01 
 1319.000   1.390738773e+01 
 1320.000   1.254707813e+01 
 1321.000   1.196990967e+01 
 1322.000   1.277796078e+01 
 1323.000   1.360667706e+01 
 1324.000   1.403931999e+01 
 1325.000   1.368646336e+01 
 1326.000   1.277081966e+01 
 1327.000   1.096595192e+01 
 1328.000   9.153423309e+00 
 1329.000   6.592508793e+00 
 1330.000   5.889303684e+00 
 1331.000   5.388331413e+00 
 1332.000   5.458166599e+00 
 1333.000   5.956208706e+00 
 1334.000   6.538981915e+00 
 1335.000   6.933921337e+00 
 1336.000   7.099444389e+00 
 1337.000   7.122899055e+00 
 1338.000   7.411426067e+00 
 1339.000   7.402370930e+00 
 1340.000   7.782077312e+00 
 1341.000   7.538931847e+00 
 1342.000   7.546622753e+00 
 1343.000   6.319754124e+00 
 1344.000   5.159900665e+00 
 1345.000   2.966253757e+00 
 1346.000   1.723316073e+00 
 1347.000   1.158597231e+00 
 1348.000   5.562160611e-01 
 1349.000   4.096642137e-01 
 1350.000   1.756842434e-01 
 1351.000   1.237554848e-01 
 1352.000   7.036845386e-02 
 1353.000   5.190713331e-02 
 1354.000   4.686244205e-02 
 1355.000   4.368299246e-02 
 1356.000   4.163451493e-02 
 1357.000   4.004001245e-02 
 1358.000   3.898714855e-02 
 1359.000   3.663459420e-02 
 1360.000   3.549454361e-02 
 1361.000   3.499954939e-02 
 1362.000   3.434213996e-02 
 1363.000   3.506143391e-02 
 1364.000   3.544549644e-02 
 1365.000   3.561270609e-02 
 1366.000   3.568681702e-02 
 1367.000   3.495321050e-02 
 1368.000   3.426331654e-02 
 1369.000   3.404865786e-02 
 1370.000   3.514479846e-02 
 1371.000   3.694414720e-02 
 1372.000   3.959017992e-02 
 1373.000   4.161126539e-02 
 1374.000   4.281201959e-02 
 1375.000   4.326457530e-02 
 1376.000   4.222349823e-02 
 1377.000   4.120934382e-02 
 1378.000   3.931390122e-02 
 1379.000   3.737725690e-02 
 1380.000   3.512834013e-02 
 1381.000   3.332558647e-02 
 1382.000   3.214960545e-02 
 1383.000   3.211039305e-02 
 1384.000   3.327631578e-02 
 1385.000   3.401899710e-02 
 1386.000   3.525502235e-02 
 1387.000   3.772935644e-02 
 1388.000   3.956531361e-02 
 1389.000   4.049108922e-02 
 1390.000   4.057073966e-02 
 1391.000   3.987148777e-02 
 1392.000   3.748342022e-02 
 1393.000   3.580681607e-02 
 1394.000   3.445637226e-02 
 1395.000   3.476876393e-02 
 1396.000   3.626001999e-02 
 1397.000   3.785486519e-02 
 1398.000   3.793548420e-02 
 1399.000   3.690057993e-02 
 1400.000   3.599146008e-02 
 1401.000   3.659369424e-02 
 1402.000   3.863712400e-02 
 1403.000   4.069736972e-02 
 1404.000   3.961849958e-02 
 1405.000   4.073030129e-02 
 1406.000   3.913047537e-02 
 1407.000   3.999715671e-02 
 1408.000   4.465249181e-02 
 1409.000   5.270086601e-02 
 1410.000   7.048866898e-02 
 1411.000   1.033402905e-01 
 1412.000   1.042858735e-01 
 1413.000   1.375974268e-01 
 1414.000   1.276917905e-01 
 1415.000   1.825581640e-01 
 1416.000   2.265519202e-01 
 1417.000   2.553901374e-01 
 1418.000   2.602578998e-01 
 1419.000   2.802808881e-01 
 1420.000   3.042691350e-01 
 1421.000   4.408387840e-01 
 1422.000   5.121968389e-01 
 1423.000   5.603116751e-01 
 1424.000   5.520549417e-01 
 1425.000   5.038610697e-01 
 1426.000   5.082906485e-01 
 1427.000   5.977963805e-01 
 1428.000   6.709610224e-01 
 1429.000   7.546396255e-01 
 1430.000   7.500988245e-01 
 1431.000   5.864870548e-01 
 1432.000   5.132541060e-01 
 1433.000   5.026425123e-01 
 1434.000   4.580056071e-01 
 1435.000   5.650669932e-01 
 1436.000   6.135417819e-01 
 1437.000   6.406651139e-01 
 1438.000   7.911276221e-01 
 1439.000   8.056434989e-01 
 1440.000   8.368390203e-01 
 1441.000   8.978596926e-01 
 1442.000   8.351494670e-01 
 1443.000   8.517786860e-01 
 1444.000   9.055068493e-01 
 1445.000   9.376032948e-01 
 1446.000   1.052549601e+00 
 1447.000   1.176154137e+00 
 1448.000   1.209062815e+00 
 1449.000   1.133787870e+00 
 1450.000   1.000794291e+00 
 1451.000   1.052385688e+00 
 1452.000   1.300523162e+00 
 1453.000   1.717431068e+00 
 1454.000   2.171734333e+00 
 1455.000   2.494579554e+00 
 1456.000   2.846827507e+00 
 1457.000   2.916458368e+00 
 1458.000   3.018207550e+00 
 1459.000   2.756382227e+00 
 1460.000   2.535853386e+00 
 1461.000   2.414669275e+00 
 1462.000   2.103072405e+00 
 1463.000   2.094132185e+00 
 1464.000   2.026586533e+00 
 1465.000   1.815578580e+00 
 1466.000   1.594004512e+00 
 1467.000   1.434267521e+00 
 1468.000   1.262264252e+00 
 1469.000   1.024172902e+00 
 1470.000   9.295672774e-01 
 1471.000   1.203731537e+00 
 1472.000   1.601658702e+00 
 1473.000   2.167781353e+00 
 1474.000   2.657877684e+00 
 1475.000   2.674256086e+00 
 1476.000   2.691945791e+00 
 1477.000   2.535925150e+00 
 1478.000   2.399956942e+00 
 1479.000   2.236988068e+00 
 1480.000   2.365178585e+00 
 1481.000   2.587995529e+00 
 1482.000   2.864127874e+00 
 1483.000   2.921399593e+00 
 1484.000   2.993731737e+00 
 1485.000   2.970650434e+00 
 1486.000   3.198427677e+00 
 1487.000   3.601926088e+00 
 1488.000   3.537907124e+00 
 1489.000   4.649231434e+00 
 1490.000   5.538006783e+00 
 1491.000   6.041752815e+00 
 1492.000   6.152651787e+00 
 1493.000   6.542795181e+00 
 1494.000   6.609386444e+00 
 1495.000   6.877789021e+00 
 1496.000   7.376065254e+00 
 1497.000   7.525149822e+00 
 1498.000   8.010844231e+00 
 1499.000   8.458924294e+00 
 1500.000   8.836360931e+00 
 1501.000   8.719061852e+00 
 1502.000   8.155353546e+00 
 1503.000   7.963652611e+00 
 1504.000   7.977509499e+00 
 1505.000   8.282013893e+00 
 1506.000   8.712466240e+00 
 1507.000   9.157154083e+00 
 1508.000   9.189837456e+00 
 1509.000   9.520296097e+00 
 1510.000   9.687769890e+00 
 1511.000   9.808016777e+00 
 1512.000   9.734595299e+00 
 1513.000   9.772636414e+00 
 1514.000   9.806989670e+00 
 1515.000   9.981351852e+00 
 1516.000   9.953528404e+00 
 1517.000   1.011060905e+01 
 1518.000   1.033720875e+01 
 1519.000   1.056989861e+01 
 1520.000   1.083811951e+01 
 1521.000   1.088573360e+01 
 1522.000   1.090842247e+01 
 1523.000   1.108593559e+01 
 1524.000   1.096061802e+01 
 1525.000   1.095639133e+01 
 1526.000   1.106396580e+01 
 1527.000   1.115888882e+01 
 1528.000   1.125843906e+01 
 1529.000   1.095843792e+01 
 1530.000   1.098374462e+01 
 1531.000   1.137153625e+01 
 1532.000   1.140881443e+01 
 1533.000   1.134853458e+01 
 1534.000   1.131882381e+01 
 1535.000   1.153368187e+01 
 1536.000   1.161119747e+01 
 1537.000   1.159733486e+01 
 1538.000   1.156331348e+01 
 1539.000   1.155193424e+01 
 1540.000   1.148235130e+01 
 1541.000   1.167284966e+01 
 1542.000   1.171132565e+01 
 1543.000   1.185674572e+01 
 1544.000   1.197237492e+01 
 1545.000   1.211366653e+01 
 1546.000   1.212546921e+01 
 1547.000   1.194593525e+01 
 1548.000   1.200928688e+01 
 1549.000   1.207404041e+01 
 1550.000   1.204141426e+01 
 1551.000   1.217296410e+01 
 1552.000   1.221891880e+01 
 1553.000   1.204096317e+01 
 1554.000   1.199859333e+01 
 1555.000   1.202998734e+01 
 1556.000   1.207697487e+01 
 1557.000   1.223861122e+01 
 1558.000   1.218181992e+01 
 1559.000   1.210804939e+01 
 1560.000   1.222254753e+01 
 1561.000   1.229435825e+01 
 1562.000   1.217993927e+01 
 1563.000   1.203946018e+01 
 1564.000   1.204489899e+01 
 1565.000   1.190709209e+01 
 1566.000   1.179890251e+01 
 1567.000   1.160381126e+01 
 1568.000   1.124296570e+01 
 1569.000   1.098724937e+01 
 1570.000   1.090027332e+01 
 1571.000   1.101047897e+01 
 1572.000   1.088991261e+01 
 1573.000   1.090189838e+01 
 1574.000   1.065797806e+01 
 1575.000   1.063170528e+01 
 1576.000   1.055095005e+01 
 1577.000   1.034696770e+01 
 1578.000   1.095708942e+01 
 1579.000   1.122271538e+01 
 1580.000   1.142867470e+01 
 1581.000   1.127150440e+01 
 1582.000   1.119006920e+01 
 1583.000   1.144978237e+01 
 1584.000   1.166954422e+01 
 1585.000   1.188517380e+01 
 1586.000   1.180146885e+01 
 1587.000   1.169693565e+01 
 1588.000   1.131891537e+01 
 1589.000   1.098296928e+01 
 1590.000   1.128167439e+01 
 1591.000   1.155290127e+01 
 1592.000   1.196016121e+01 
 1593.000   1.202609634e+01 
 1594.000   1.201527405e+01 
 1595.000   1.172305298e+01 
 1596.000   1.141974640e+01 
 1597.000   1.162693024e+01 
 1598.000   1.148531246e+01 
 1599.000   1.111746025e+01 
 1600.000   1.085313702e+01 
 1601.000   1.074266624e+01 
 1602.000   1.078252888e+01 
 1603.000   1.089595604e+01 
 1604.000   1.092920971e+01 
 1605.000   1.092571926e+01 
 1606.000   1.085672569e+01 
 1607.000   1.093437862e+01 
 1608.000   1.097623253e+01 
 1609.000   1.065706635e+01 
 1610.000   1.047878933e+01 
 1611.000   1.080709839e+01 
 1612.000   1.106726551e+01 
 1613.000   1.129567051e+01 
 1614.000   1.127747440e+01 
 1615.000   1.113970280e+01 
 1616.000   1.107358551e+01 
 1617.000   1.144828033e+01 
 1618.000   1.160760689e+01 
 1619.000   1.157258034e+01 
 1620.000   1.135015202e+01 
 1621.000   1.157843876e+01 
 1622.000   1.177201748e+01 
 1623.000   1.198894882e+01 
 1624.000   1.192182827e+01 
 1625.000   1.194737339e+01 
 1626.000   1.195450497e+01 
 1627.000   1.203537273e+01 
 1628.000   1.203022099e+01 
 1629.000   1.188122368e+01 
 1630.000   1.180169678e+01 
 1631.000   1.181969547e+01 
 1632.000   1.171891022e+01 
 1633.000   1.152047729e+01 
 1634.000   1.153656769e+01 
 1635.000   1.160941601e+01 
 1636.000   1.132422447e+01 
 1637.000   1.107276058e+01 
 1638.000   1.081793690e+01 
 1639.000   1.078607655e+01 
 1640.000   1.077455330e+01 
 1641.000   1.068340969e+01 
 1642.000   1.080607986e+01 
 1643.000   1.084566975e+01 
 1644.000   1.075061131e+01 
 1645.000   1.081438923e+01 
 1646.000   1.091951752e+01 
 1647.000   1.092071247e+01 
 1648.000   1.081269550e+01 
 1649.000   1.076828480e+01 
 1650.000   1.079673862e+01 
 1651.000   1.078713226e+01 
 1652.000   1.083644962e+01 
 1653.000   1.088035774e+01 
 1654.000   1.084620953e+01 
 1655.000   1.090986633e+01 
 1656.000   1.098793983e+01 
 1657.000   1.096334457e+01 
 1658.000   1.094857979e+01 
 1659.000   1.092614460e+01 
 1660.000   1.098509407e+01 
 1661.000   1.097199631e+01 
 1662.000   1.084395218e+01 
 1663.000   1.076671600e+01 
 1664.000   1.071758175e+01 
 1665.000   1.061963463e+01 
 1666.000   1.061205196e+01 
 1667.000   1.063634777e+01 
 1668.000   1.052286625e+01 
 1669.000   1.071127415e+01 
 1670.000   1.078149986e+01 
 1671.000   1.059127903e+01 
 1672.000   1.037180424e+01 
 1673.000   1.052798557e+01 
 1674.000   1.049282837e+01 
 1675.000   1.028608513e+01 
 1676.000   1.029065609e+01 
 1677.000   1.037586594e+01 
 1678.000   1.030921745e+01 
 1679.000   1.011151695e+01 
 1680.000   9.772325516e+00 
 1681.000   9.689546585e+00 
 1682.000   9.945506096e+00 
 1683.000   1.014721107e+01 
 1684.000   1.024744892e+01 
 1685.000   1.020230675e+01 
 1686.000   1.017982483e+01 
 1687.000   1.011921310e+01 
 1688.000   1.004311848e+01 
 1689.000   9.932862282e+00 
 1690.000   9.981165886e+00 
 1691.000   1.001852131e+01 
 1692.000   1.002331734e+01 
 1693.000   9.999550819e+00 
 1694.000   9.971549034e+00 
 1695.000   9.907371521e+00 
 1696.000   9.870555878e+00 
 1697.000   9.824415207e+00 
 1698.000   9.803137779e+00 
 1699.000   9.720344543e+00 
 1700.000   9.611737251e+00 
 1701.000   9.640431404e+00 
 1702.000   9.569951057e+00 
 1703.000   9.491737366e+00 
 1704.000   9.500400543e+00 
 1705.000   9.426207542e+00 
 1706.000   9.295953751e+00 
 1707.000   9.200825691e+00 
 1708.000   9.161425591e+00 
 1709.000   9.108716011e+00 
 1710.000   9.061377525e+00 
 1711.000   9.057558060e+00 
 1712.000   9.054583549e+00 
 1713.000   9.017657280e+00 
 1714.000   9.031212807e+00 
 1715.000   9.027974129e+00 
 1716.000   9.009595871e+00 
 1717.000   8.991190910e+00 
 1718.000   8.944647789e+00 
 1719.000   8.825543404e+00 
 1720.000   8.601908684e+00 
 1721.000   8.562101364e+00 
 1722.000   8.403773308e+00 
 1723.000   8.242703438e+00 
 1724.000   8.208570480e+00 
 1725.000   8.248393059e+00 
 1726.000   8.303504944e+00 
 1727.000   8.274697304e+00 
 1728.000   8.240266800e+00 
 1729.000   8.264179230e+00 
 1730.000   8.240240097e+00 
 1731.000   8.014024734e+00 
 1732.000   7.829104900e+00 
 1733.000   7.743841171e+00 
 1734.000   7.615069866e+00 
 1735.000   7.373381615e+00 
 1736.000   7.396790981e+00 
 1737.000   7.386406422e+00 
 1738.000   7.370377064e+00 
 1739.000   7.390411377e+00 
 1740.000   7.341473579e+00 
 1741.000   7.318070889e+00 
 1742.000   7.319460869e+00 
 1743.000   7.258152008e+00 
 1744.000   7.210469246e+00 
 1745.000   7.205981731e+00 
 1746.000   7.108176231e+00 
 1747.000   7.146175861e+00 
 1748.000   7.125866890e+00 
 1749.000   7.161969662e+00 
 1750.000   7.119095802e+00 
 1751.000   7.110051632e+00 
 1752.000   7.066190243e+00 
 1753.000   6.985086918e+00 
 1754.000   6.980823517e+00 
 1755.000   6.865539074e+00 
 1756.000   6.848376274e+00 
 1757.000   6.821105480e+00 
 1758.000   6.855108738e+00 
 1759.000   6.826945782e+00 
 1760.000   6.718484402e+00 
 1761.000   6.527490139e+00 
 1762.000   6.505677223e+00 
 1763.000   6.334464073e+00 
 1764.000   6.045828819e+00 
 1765.000   6.032958508e+00 
 1766.000   5.953224659e+00 
 1767.000   5.974515438e+00 
 1768.000   5.964991570e+00 
 1769.000   5.916742325e+00 
 1770.000   5.845994949e+00 
 1771.000   5.827035904e+00 
 1772.000   5.671848774e+00 
 1773.000   5.625692844e+00 
 1774.000   5.261371136e+00 
 1775.000   4.958563328e+00 
 1776.000   4.914967537e+00 
 1777.000   4.655733109e+00 
 1778.000   4.436966896e+00 
 1779.000   4.423626423e+00 
 1780.000   4.217483044e+00 
 1781.000   4.110000134e+00 
 1782.000   4.105776310e+00 
 1783.000   3.863912344e+00 
 1784.000   3.858838797e+00 
 1785.000   3.872234821e+00 
 1786.000   3.828367710e+00 
 1787.000   3.826648235e+00 
 1788.000   3.804868698e+00 
 1789.000   3.345157623e+00 
 1790.000   3.341487646e+00 
 1791.000   2.929992914e+00 
 1792.000   2.828297138e+00 
 1793.000   2.385344028e+00 
 1794.000   2.126191378e+00 
 1795.000   2.120775461e+00 
 1796.000   1.721360803e+00 
 1797.000   1.490243673e+00 
 1798.000   1.486130357e+00 
 1799.000   1.022153258e+00 
 1800.000   1.018226504e+00 
 1801.000   7.378759384e-01 
 1802.000   5.553931594e-01 
 1803.000   5.532324314e-01 
 1804.000   5.254805088e-01 
 1805.000   4.766762257e-01 
 1806.000   3.734959066e-01 
 1807.000   3.435289860e-01 
 1808.000   3.025750518e-01 
 1809.000   1.894075423e-01 
 1810.000   1.227884591e-01 
 1811.000   1.214011535e-01 
 1812.000   7.205152512e-02 
 1813.000   7.124100626e-02 
 1814.000   5.332645774e-02 
 1815.000   2.589959279e-02 
 1816.000   2.575261705e-02 
 1817.000   2.095048875e-02 
 1818.000   1.791205257e-02 
 1819.000   1.255413797e-02 
 1820.000   1.080026571e-02 
 1821.000   1.084011514e-02 
 1822.000   9.414146654e-03 
 1823.000   9.448297322e-03 
 1824.000   8.555354550e-03 
 1825.000   6.427618675e-03 
 1826.000   6.408562884e-03 
 1827.000   5.884937011e-03 
 1828.000   5.776148755e-03 
 1829.000   5.393592175e-03 
 1830.000   5.185039248e-03 
 1831.000   5.163392052e-03 
 1832.000   5.021501333e-03 
 1833.000   5.000507459e-03 
 1834.000   4.812444095e-03 
 1835.000   4.599740729e-03 
 1836.000   4.577534273e-03 
 1837.000   4.467771389e-03 
 1838.000   4.441618454e-03 
 1839.000   4.471689463e-03 
 1840.000   4.564725328e-03 
 1841.000   4.540216643e-03 
 1842.000   4.639919382e-03 
 1843.000   4.614936654e-03 
 1844.000   4.656104371e-03 
 1845.000   4.626390990e-03 
 1846.000   4.562465008e-03 
 1847.000   4.486481659e-03 
 1848.000   4.478588235e-03 
 1849.000   4.457696341e-03 
 1850.000   4.449861124e-03 
 1851.000   4.421970341e-03 
 1852.000   4.399449565e-03 
 1853.000   4.382539075e-03 
 1854.000   4.366938490e-03 
 1855.000   4.352142103e-03 
 1856.000   4.351282958e-03 
 1857.000   4.330509808e-03 
 1858.000   4.383669700e-03 
 1859.000   4.513406195e-03 
 1860.000   4.491802771e-03 
 1861.000   4.631716292e-03 
 1862.000   4.602638539e-03 
 1863.000   4.609148484e-03 
 1864.000   4.532746971e-03 
 1865.000   4.510315135e-03 
 1866.000   4.291504622e-03 
 1867.000   4.268437158e-03 
 1868.000   3.952425439e-03 
 1869.000   3.933078144e-03 
 1870.000   3.678156063e-03 
 1871.000   3.512378316e-03 
 1872.000   3.452572273e-03 
 1873.000   3.518131562e-03 
 1874.000   3.456627484e-03 
 1875.000   3.606731538e-03 
 1876.000   3.640619339e-03 
 1877.000   3.936382942e-03 
 1878.000   4.175135400e-03 
 1879.000   4.211767577e-03 
 1880.000   4.383349326e-03 
 1881.000   4.378373735e-03 
 1882.000   4.506148864e-03 
 1883.000   4.532009829e-03 
 1884.000   4.605865106e-03 
 1885.000   4.600610118e-03 
 1886.000   4.582965747e-03 
 1887.000   4.575192463e-03 
 1888.000   4.551263060e-03 
 1889.000   4.398130812e-03 
 1890.000   4.375161603e-03 
 1891.000   4.286837764e-03 
 1892.000   4.258895293e-03 
 1893.000   4.182917997e-03 
 1894.000   4.108107649e-03 
 1895.000   4.081139341e-03 
 1896.000   3.968512174e-03 
 1897.000   3.965937532e-03 
 1898.000   3.801258281e-03 
 1899.000   3.798778635e-03 
 1900.000   3.672618419e-03 
 1901.000   3.661050461e-03 
 1902.000   3.600563388e-03 
 1903.000   3.663546406e-03 
 1904.000   3.652188694e-03 
 1905.000   3.742941190e-03 
 1906.000   3.727017902e-03 
 1907.000   3.804698586e-03 
 1908.000   3.788494738e-03 
 1909.000   3.793112002e-03 
 1910.000   3.776924219e-03 
 1911.000   3.783395980e-03 
 1912.000   3.774654353e-03 
 1913.000   3.834644565e-03 
 1914.000   3.907463048e-03 
 1915.000   3.894158872e-03 
 1916.000   4.184710328e-03 
 1917.000   4.165919498e-03 
 1918.000   4.428295419e-03 
 1919.000   4.408115521e-03 
 1920.000   5.051686894e-03 
 1921.000   5.035290495e-03 
 1922.000   5.665245466e-03 
 1923.000   5.962288938e-03 
 1924.000   6.478956901e-03 
 1925.000   6.669830531e-03 
 1926.000   6.621059496e-03 
 1927.000   8.310492150e-03 
 1928.000   8.250298910e-03 
 1929.000   9.466757067e-03 
 1930.000   9.394342080e-03 
 1931.000   1.654308848e-02 
 1932.000   1.649577171e-02 
 1933.000   2.089010552e-02 
 1934.000   2.519900538e-02 
 1935.000   3.597962484e-02 
 1936.000   3.567184880e-02 
 1937.000   3.890550137e-02 
 1938.000   5.703142285e-02 
 1939.000   5.649492890e-02 
 1940.000   7.424739003e-02 
 1941.000   7.316099107e-02 
 1942.000   1.078259423e-01 
 1943.000   1.061237156e-01 
 1944.000   1.323214322e-01 
 1945.000   1.303249747e-01 
 1946.000   1.855321079e-01 
 1947.000   1.862210184e-01 
 1948.000   2.115121335e-01 
 1949.000   2.287252694e-01 
 1950.000   2.617708147e-01 
 1951.000   2.627921402e-01 
 1952.000   2.458228618e-01 
 1953.000   2.639395297e-01 
 1954.000   2.617358565e-01 
 1955.000   2.639388442e-01 
 1956.000   2.537240088e-01 
 1957.000   2.953151464e-01 
 1958.000   2.964779139e-01 
 1959.000   3.830688596e-01 
 1960.000   3.847636282e-01 
 1961.000   5.178038478e-01 
 1962.000   5.188580751e-01 
 1963.000   6.856303215e-01 
 1964.000   6.857984662e-01 
 1965.000   8.745495677e-01 
 1966.000   8.773978949e-01 
 1967.000   1.023580194e+00 
 1968.000   1.026946783e+00 
 1969.000   1.216056347e+00 
 1970.000   1.219201088e+00 
 1971.000   1.347585320e+00 
 1972.000   1.364342451e+00 
 1973.000   1.486833096e+00 
 1974.000   1.486107349e+00 
 1975.000   1.614932299e+00 
 1976.000   1.633224726e+00 
 1977.000   1.772917628e+00 
 1978.000   1.777005911e+00 
 1979.000   1.886260509e+00 
 1980.000   1.899499416e+00 
 1981.000   2.029261827e+00 
 1982.000   2.035727501e+00 
 1983.000   2.092976093e+00 
 1984.000   2.104223967e+00 
 1985.000   2.145343065e+00 
 1986.000   2.152334690e+00 
 1987.000   2.190680742e+00 
 1988.000   2.203247786e+00 
 1989.000   2.201381683e+00 
 1990.000   2.206851959e+00 
 1991.000   2.185903072e+00 
 1992.000   2.188843012e+00 
 1993.000   2.099918127e+00 
 1994.000   2.098651648e+00 
 1995.000   1.842978358e+00 
 1996.000   1.847542882e+00 
 1997.000   1.444946289e+00 
 1998.000   1.446593642e+00 
 1999.000   1.009345531e+00 
 2000.000   1.013407350e+00 
 2001.000   6.864812374e-01 
 2002.000   6.869553924e-01 
 2003.000   5.424619317e-01 
 2004.000   5.440778732e-01 
 2005.000   5.472115874e-01 
 2006.000   5.492637157e-01 
 2007.000   6.386947632e-01 
 2008.000   6.421290636e-01 
 2009.000   7.197428346e-01 
 2010.000   7.211230397e-01 
 2011.000   7.501988411e-01 
 2012.000   7.516664863e-01 
 2013.000   7.769717574e-01 
 2014.000   7.780313492e-01 
 2015.000   8.347846866e-01 
 2016.000   8.339875340e-01 
 2017.000   9.799131155e-01 
 2018.000   9.787712693e-01 
 2019.000   1.218776345e+00 
 2020.000   1.219213367e+00 
 2021.000   1.520281911e+00 
 2022.000   1.522207141e+00 
 2023.000   1.829078674e+00 
 2024.000   1.831363559e+00 
 2025.000   2.116051197e+00 
 2026.000   2.112660885e+00 
 2027.000   2.305463791e+00 
 2028.000   2.301646709e+00 
 2029.000   2.457245350e+00 
 2030.000   2.451770067e+00 
 2031.000   2.562235832e+00 
 2032.000   2.559961557e+00 
 2033.000   2.630718708e+00 
 2034.000   2.628592491e+00 
 2035.000   2.673193693e+00 
 2036.000   2.671050072e+00 
 2037.000   2.666787863e+00 
 2038.000   2.664250135e+00 
 2039.000   2.644967794e+00 
 2040.000   2.642446756e+00 
 2041.000   2.610518694e+00 
 2042.000   2.611006975e+00 
 2043.000   2.540896416e+00 
 2044.000   2.545570850e+00 
 2045.000   2.424734116e+00 
 2046.000   2.418985844e+00 
 2047.000   2.414033651e+00 
 2048.000   2.184647083e+00 
 2049.000   2.179526329e+00 
 2050.000   1.918538570e+00 
 2051.000   1.914523005e+00 
 2052.000   1.750068545e+00 
 2053.000   1.746732950e+00 
 2054.000   1.698014140e+00 
 2055.000   1.694662452e+00 
 2056.000   1.737778544e+00 
 2057.000   1.732437253e+00 
 2058.000   1.815836787e+00 
 2059.000   1.812524676e+00 
 2060.000   1.841228247e+00 
 2061.000   1.839361191e+00 
 2062.000   1.833493829e+00 
 2063.000   1.831107974e+00 
 2064.000   1.832466125e+00 
 2065.000   1.830792904e+00 
 2066.000   1.829832196e+00 
 2067.000   1.864876151e+00 
 2068.000   1.863472581e+00 
 2069.000   1.931906104e+00 
 2070.000   1.931110501e+00 
 2071.000   2.103875160e+00 
 2072.000   2.105914593e+00 
 2073.000   2.280172348e+00 
 2074.000   2.282291412e+00 
 2075.000   2.418679476e+00 
 2076.000   2.411666870e+00 
 2077.000   2.510823011e+00 
 2078.000   2.502911568e+00 
 2079.000   2.500072002e+00 
 2080.000   2.554897785e+00 
 2081.000   2.554362059e+00 
 2082.000   2.585122108e+00 
 2083.000   2.583688736e+00 
 2084.000   2.618788481e+00 
 2085.000   2.617316961e+00 
 2086.000   2.649758339e+00 
 2087.000   2.647263288e+00 
 2088.000   2.685763597e+00 
 2089.000   2.680361271e+00 
 2090.000   2.714485407e+00 
 2091.000   2.709934473e+00 
 2092.000   2.702113628e+00 
 2093.000   2.712831736e+00 
 2094.000   2.707036257e+00 
 2095.000   2.713306665e+00 
 2096.000   2.717424154e+00 
 2097.000   2.720328569e+00 
 2098.000   2.724710464e+00 
 2099.000   2.757196188e+00 
 2100.000   2.762002707e+00 
 2101.000   2.812620163e+00 
 2102.000   2.813378572e+00 
 2103.000   2.809461594e+00 
 2104.000   2.844336510e+00 
 2105.000   2.843191624e+00 
 2106.000   2.876155138e+00 
 2107.000   2.871992111e+00 
 2108.000   2.876641273e+00 
 2109.000   2.871712923e+00 
 2110.000   2.854818344e+00 
 2111.000   2.850759983e+00 
 2112.000   2.844581127e+00 
 2113.000   2.841153622e+00 
 2114.000   2.840704203e+00 
 2115.000   2.828398466e+00 
 2116.000   2.825726032e+00 
 2117.000   2.820043087e+00 
 2118.000   2.815352678e+00 
 2119.000   2.833138466e+00 
 2120.000   2.827910662e+00 
 2121.000   2.858669519e+00 
 2122.000   2.856603622e+00 
 2123.000   2.854096651e+00 
 2124.000   2.888241291e+00 
 2125.000   2.884088516e+00 
 2126.000   2.933486700e+00 
 2127.000   2.935384274e+00 
 2128.000   2.982521296e+00 
 2129.000   2.984585047e+00 
 2130.000   3.015081882e+00 
 2131.000   3.007152557e+00 
 2132.000   3.002340555e+00 
 2133.000   3.017058849e+00 
 2134.000   3.011719704e+00 
 2135.000   3.018991947e+00 
 2136.000   3.017656088e+00 
 2137.000   3.023544073e+00 
 2138.000   3.024679899e+00 
 2139.000   3.022748709e+00 
 2140.000   3.022784948e+00 
 2141.000   3.021659136e+00 
 2142.000   2.991378069e+00 
 2143.000   2.989751339e+00 
 2144.000   2.927996635e+00 
 2145.000   2.923356056e+00 
 2146.000   2.843980312e+00 
 2147.000   2.840991735e+00 
 2148.000   2.838703871e+00 
 2149.000   2.753080845e+00 
 2150.000   2.752683878e+00 
 2151.000   2.689613104e+00 
 2152.000   2.685113192e+00 
 2153.000   2.677508593e+00 
 2154.000   2.672123671e+00 
 2155.000   2.666666985e+00 
 2156.000   2.669981003e+00 
 2157.000   2.664178371e+00 
 2158.000   2.663668633e+00 
 2159.000   2.656476259e+00 
 2160.000   2.656256914e+00 
 2161.000   2.625459194e+00 
 2162.000   2.594468832e+00 
 2163.000   2.577654600e+00 
 2164.000   2.550647497e+00 
 2165.000   2.531001091e+00 
 2166.000   2.546259880e+00 
 2167.000   2.576715708e+00 
 2168.000   2.592604160e+00 
 2169.000   2.609367132e+00 
 2170.000   2.640196562e+00 
 2171.000   2.645186186e+00 
 2172.000   2.644612074e+00 
 2173.000   2.646342516e+00 
 2174.000   2.636150599e+00 
 2175.000   2.639292479e+00 
 2176.000   2.638131380e+00 
 2177.000   2.617195606e+00 
 2178.000   2.613588810e+00 
 2179.000   2.579476833e+00 
 2180.000   2.575971127e+00 
 2181.000   2.574439287e+00 
 2182.000   2.542447805e+00 
 2183.000   2.541657209e+00 
 2184.000   2.551756382e+00 
 2185.000   2.550961494e+00 
 2186.000   2.566001415e+00 
 2187.000   2.560232878e+00 
 2188.000   2.557764292e+00 
 2189.000   2.572490454e+00 
 2190.000   2.567064524e+00 
