*Name: Bark Coniferous
Type: Pine bark and spruce bark

Origin: Remote Sensing Laboratories, University of Zurich

Description: linear spectral mix of 20% pine bark and 80% spruce bark

Measurement: Hemispherical Conical Reflectance Factor HCRF measured by ASD Fieldspec Pro

Wavelength [nm]	Reflectance [0 1]
370	0.056589
371	0.056856
372	0.057136
373	0.057433
374	0.057739
375	0.058072
376	0.058409
377	0.058741
378	0.059089
379	0.059429
380	0.059762
381	0.060102
382	0.060431
383	0.060766
384	0.061111
385	0.061455
386	0.061821
387	0.062206
388	0.062595
389	0.062977
390	0.063343
391	0.063701
392	0.064062
393	0.064401
394	0.06472
395	0.065031
396	0.06535
397	0.065668
398	0.065972
399	0.066256
400	0.066515
401	0.066753
402	0.066973
403	0.067175
404	0.067369
405	0.067558
406	0.06775
407	0.067958
408	0.068182
409	0.068417
410	0.068656
411	0.068899
412	0.069146
413	0.069395
414	0.069641
415	0.069882
416	0.070123
417	0.070367
418	0.07062
419	0.070878
420	0.071137
421	0.071402
422	0.07167
423	0.071939
424	0.072209
425	0.072476
426	0.072742
427	0.073016
428	0.073296
429	0.07358
430	0.073868
431	0.074157
432	0.07445
433	0.074742
434	0.075025
435	0.075298
436	0.075566
437	0.075834
438	0.076103
439	0.076376
440	0.076656
441	0.076944
442	0.077241
443	0.077545
444	0.077852
445	0.078164
446	0.078479
447	0.078794
448	0.07911
449	0.079427
450	0.079744
451	0.080059
452	0.08037
453	0.080678
454	0.080984
455	0.081286
456	0.081581
457	0.081869
458	0.082152
459	0.082428
460	0.082695
461	0.082954
462	0.083208
463	0.083462
464	0.083717
465	0.083972
466	0.084229
467	0.084487
468	0.084745
469	0.085001
470	0.085253
471	0.085503
472	0.085754
473	0.086003
474	0.086248
475	0.086493
476	0.086739
477	0.086989
478	0.087243
479	0.087495
480	0.087754
481	0.088023
482	0.088302
483	0.088591
484	0.088891
485	0.089202
486	0.089527
487	0.089864
488	0.090207
489	0.090557
490	0.090916
491	0.091286
492	0.091669
493	0.092066
494	0.092478
495	0.092908
496	0.093365
497	0.093848
498	0.094352
499	0.094878
500	0.095429
501	0.096004
502	0.0966
503	0.097213
504	0.097845
505	0.098497
506	0.099167
507	0.099852
508	0.10056
509	0.10128
510	0.10203
511	0.10279
512	0.10357
513	0.10437
514	0.10519
515	0.10602
516	0.10686
517	0.1077
518	0.10854
519	0.10935
520	0.11015
521	0.11093
522	0.11169
523	0.11243
524	0.11316
525	0.11387
526	0.11457
527	0.11526
528	0.11593
529	0.11658
530	0.11721
531	0.11781
532	0.1184
533	0.11898
534	0.11954
535	0.12009
536	0.12062
537	0.12115
538	0.12167
539	0.12218
540	0.12268
541	0.12318
542	0.12366
543	0.12414
544	0.12461
545	0.12508
546	0.12554
547	0.12599
548	0.12643
549	0.12688
550	0.12732
551	0.12775
552	0.12817
553	0.12859
554	0.129
555	0.1294
556	0.12979
557	0.13016
558	0.13052
559	0.13086
560	0.13118
561	0.13147
562	0.13175
563	0.132
564	0.13225
565	0.13248
566	0.13269
567	0.1329
568	0.1331
569	0.1333
570	0.13349
571	0.13367
572	0.13386
573	0.13405
574	0.13424
575	0.13445
576	0.13466
577	0.13488
578	0.1351
579	0.13533
580	0.13556
581	0.13579
582	0.13603
583	0.13628
584	0.13654
585	0.1368
586	0.13708
587	0.13737
588	0.13767
589	0.13796
590	0.13826
591	0.13856
592	0.13886
593	0.13916
594	0.13947
595	0.13978
596	0.14011
597	0.14044
598	0.14077
599	0.14111
600	0.14144
601	0.14177
602	0.1421
603	0.14243
604	0.14277
605	0.1431
606	0.14345
607	0.14379
608	0.14415
609	0.1445
610	0.14484
611	0.14518
612	0.14551
613	0.14583
614	0.14614
615	0.14644
616	0.14674
617	0.14703
618	0.14733
619	0.14763
620	0.14795
621	0.14828
622	0.14864
623	0.14901
624	0.14939
625	0.14979
626	0.1502
627	0.15061
628	0.15102
629	0.15142
630	0.15181
631	0.15219
632	0.15255
633	0.15289
634	0.15321
635	0.15348
636	0.15372
637	0.15391
638	0.15407
639	0.15418
640	0.15424
641	0.15426
642	0.15425
643	0.15422
644	0.15419
645	0.15417
646	0.15417
647	0.15421
648	0.1543
649	0.15446
650	0.15468
651	0.15498
652	0.15533
653	0.15573
654	0.15614
655	0.15654
656	0.15688
657	0.15715
658	0.15735
659	0.15746
660	0.15749
661	0.15748
662	0.15743
663	0.15738
664	0.15733
665	0.15731
666	0.15732
667	0.15738
668	0.15751
669	0.1577
670	0.15796
671	0.1583
672	0.15871
673	0.15919
674	0.15973
675	0.16034
676	0.161
677	0.16171
678	0.16249
679	0.16336
680	0.16432
681	0.16542
682	0.16669
683	0.16818
684	0.16996
685	0.17203
686	0.17436
687	0.17693
688	0.17971
689	0.18269
690	0.1858
691	0.189
692	0.19225
693	0.19551
694	0.19876
695	0.20198
696	0.20514
697	0.20823
698	0.21121
699	0.21409
700	0.21685
701	0.21951
702	0.22207
703	0.22453
704	0.22687
705	0.22912
706	0.23128
707	0.23337
708	0.23541
709	0.23739
710	0.23932
711	0.24121
712	0.24307
713	0.2449
714	0.24675
715	0.24861
716	0.25049
717	0.25233
718	0.2541
719	0.25579
720	0.25742
721	0.25901
722	0.26052
723	0.26198
724	0.2634
725	0.26484
726	0.2663
727	0.26773
728	0.26911
729	0.27044
730	0.27172
731	0.27296
732	0.27419
733	0.2754
734	0.27661
735	0.27781
736	0.27902
737	0.28024
738	0.28146
739	0.28267
740	0.28387
741	0.28504
742	0.28621
743	0.28737
744	0.28852
745	0.28967
746	0.29082
747	0.29197
748	0.29312
749	0.29427
750	0.29541
751	0.29655
752	0.29768
753	0.29881
754	0.29993
755	0.30107
756	0.30229
757	0.30377
758	0.30551
759	0.30718
760	0.30876
761	0.31024
762	0.31161
763	0.31279
764	0.31363
765	0.31415
766	0.31472
767	0.31536
768	0.31608
769	0.31689
770	0.31781
771	0.31879
772	0.31983
773	0.3209
774	0.32197
775	0.32305
776	0.32413
777	0.32521
778	0.3263
779	0.32739
780	0.32848
781	0.32957
782	0.33066
783	0.33176
784	0.33285
785	0.33395
786	0.33506
787	0.33617
788	0.33728
789	0.33839
790	0.33949
791	0.3406
792	0.3417
793	0.3428
794	0.34389
795	0.34497
796	0.34606
797	0.34714
798	0.34823
799	0.34932
800	0.35041
801	0.35149
802	0.35258
803	0.35367
804	0.35475
805	0.35583
806	0.35691
807	0.358
808	0.3591
809	0.36021
810	0.36134
811	0.36249
812	0.36367
813	0.36487
814	0.36607
815	0.36725
816	0.36841
817	0.36953
818	0.37061
819	0.37166
820	0.37272
821	0.37376
822	0.37477
823	0.37578
824	0.37681
825	0.37786
826	0.37892
827	0.37993
828	0.38094
829	0.38198
830	0.38303
831	0.38407
832	0.38509
833	0.3861
834	0.3871
835	0.3881
836	0.3891
837	0.39009
838	0.39109
839	0.39209
840	0.39309
841	0.3941
842	0.39511
843	0.39613
844	0.39714
845	0.39815
846	0.39917
847	0.40018
848	0.40121
849	0.40222
850	0.40323
851	0.40425
852	0.40528
853	0.40629
854	0.40728
855	0.40825
856	0.40923
857	0.41021
858	0.41118
859	0.41213
860	0.4131
861	0.41407
862	0.41505
863	0.41605
864	0.41705
865	0.41805
866	0.41904
867	0.42003
868	0.42101
869	0.42199
870	0.42295
871	0.4239
872	0.42485
873	0.42581
874	0.42677
875	0.42773
876	0.4287
877	0.42968
878	0.43065
879	0.43162
880	0.4326
881	0.43358
882	0.43456
883	0.43553
884	0.4365
885	0.43747
886	0.43845
887	0.4394
888	0.44036
889	0.44132
890	0.44227
891	0.44323
892	0.44418
893	0.44515
894	0.44613
895	0.44712
896	0.4481
897	0.44909
898	0.45008
899	0.45105
900	0.452
901	0.45292
902	0.45382
903	0.45471
904	0.4556
905	0.45649
906	0.45739
907	0.45831
908	0.45924
909	0.46017
910	0.4611
911	0.46203
912	0.46294
913	0.46385
914	0.46474
915	0.46563
916	0.46651
917	0.46738
918	0.46824
919	0.46909
920	0.46993
921	0.47077
922	0.47162
923	0.47247
924	0.47331
925	0.47415
926	0.47499
927	0.47584
928	0.47665
929	0.47747
930	0.47831
931	0.4792
932	0.48012
933	0.48106
934	0.482
935	0.48294
936	0.48386
937	0.48475
938	0.4856
939	0.48637
940	0.48711
941	0.48786
942	0.48867
943	0.48949
944	0.49029
945	0.49108
946	0.49191
947	0.49274
948	0.49353
949	0.49428
950	0.49503
951	0.4958
952	0.49657
953	0.4973
954	0.49805
955	0.49881
956	0.49958
957	0.50032
958	0.50104
959	0.50178
960	0.50254
961	0.5033
962	0.50405
963	0.50481
964	0.5056
965	0.50638
966	0.50714
967	0.50787
968	0.50859
969	0.5093
970	0.50998
971	0.51059
972	0.51122
973	0.51186
974	0.5125
975	0.51317
976	0.51386
977	0.51457
978	0.51529
979	0.51603
980	0.51677
981	0.5175
982	0.5182
983	0.51888
984	0.51957
985	0.52026
986	0.52093
987	0.52157
988	0.52221
989	0.52285
990	0.52348
991	0.52412
992	0.52476
993	0.52538
994	0.52602
995	0.52667
996	0.52731
997	0.52793
998	0.52844
999	0.52897
1000	0.52952
1001	0.53011
1002	0.53072
1003	0.53134
1004	0.53199
1005	0.53274
1006	0.53348
1007	0.53422
1008	0.53496
1009	0.5357
1010	0.53645
1011	0.53719
1012	0.53794
1013	0.53869
1014	0.53943
1015	0.54016
1016	0.5409
1017	0.54163
1018	0.54237
1019	0.54311
1020	0.54385
1021	0.54458
1022	0.54532
1023	0.54606
1024	0.54679
1025	0.54753
1026	0.54826
1027	0.54899
1028	0.54973
1029	0.55046
1030	0.55118
1031	0.55189
1032	0.55259
1033	0.55328
1034	0.55398
1035	0.55467
1036	0.55536
1037	0.55604
1038	0.55672
1039	0.55741
1040	0.5581
1041	0.55879
1042	0.55949
1043	0.56019
1044	0.56091
1045	0.56162
1046	0.56234
1047	0.56304
1048	0.56374
1049	0.56442
1050	0.56511
1051	0.56578
1052	0.56646
1053	0.56713
1054	0.56781
1055	0.56849
1056	0.56917
1057	0.56984
1058	0.57051
1059	0.57118
1060	0.57184
1061	0.57252
1062	0.57319
1063	0.57386
1064	0.57454
1065	0.57521
1066	0.57588
1067	0.57655
1068	0.57722
1069	0.57788
1070	0.57854
1071	0.57919
1072	0.57984
1073	0.5805
1074	0.58115
1075	0.58179
1076	0.58244
1077	0.58308
1078	0.58372
1079	0.58437
1080	0.585
1081	0.58563
1082	0.58626
1083	0.58688
1084	0.5875
1085	0.58812
1086	0.58873
1087	0.58935
1088	0.58996
1089	0.59057
1090	0.59119
1091	0.5918
1092	0.59239
1093	0.59297
1094	0.59355
1095	0.59412
1096	0.59468
1097	0.59525
1098	0.5958
1099	0.59635
1100	0.5969
1101	0.59743
1102	0.59794
1103	0.59844
1104	0.59891
1105	0.59937
1106	0.59979
1107	0.60019
1108	0.60055
1109	0.60087
1110	0.60115
1111	0.60137
1112	0.60154
1113	0.60166
1114	0.60175
1115	0.60181
1116	0.60187
1117	0.60192
1118	0.602
1119	0.60211
1120	0.60227
1121	0.60249
1122	0.60274
1123	0.60301
1124	0.60331
1125	0.60364
1126	0.60401
1127	0.60442
1128	0.60484
1129	0.60527
1130	0.60572
1131	0.60615
1132	0.60656
1133	0.60691
1134	0.60719
1135	0.60744
1136	0.60766
1137	0.60784
1138	0.60802
1139	0.60816
1140	0.60827
1141	0.60834
1142	0.60837
1143	0.60836
1144	0.60831
1145	0.60823
1146	0.60814
1147	0.60803
1148	0.60791
1149	0.6078
1150	0.6077
1151	0.60761
1152	0.60754
1153	0.60749
1154	0.60745
1155	0.60744
1156	0.60744
1157	0.60744
1158	0.60745
1159	0.60745
1160	0.60745
1161	0.60744
1162	0.60744
1163	0.60743
1164	0.60743
1165	0.60743
1166	0.60744
1167	0.60745
1168	0.60747
1169	0.6075
1170	0.60752
1171	0.60754
1172	0.60756
1173	0.60758
1174	0.6076
1175	0.60761
1176	0.60762
1177	0.60763
1178	0.60762
1179	0.6076
1180	0.60758
1181	0.60757
1182	0.60756
1183	0.60756
1184	0.60759
1185	0.60764
1186	0.60772
1187	0.60781
1188	0.60792
1189	0.60804
1190	0.60817
1191	0.60831
1192	0.60845
1193	0.60861
1194	0.60877
1195	0.60895
1196	0.60914
1197	0.60935
1198	0.60958
1199	0.60982
1200	0.61008
1201	0.61036
1202	0.61067
1203	0.61101
1204	0.61136
1205	0.61176
1206	0.61218
1207	0.61263
1208	0.61312
1209	0.61364
1210	0.61419
1211	0.61479
1212	0.61542
1213	0.6161
1214	0.61683
1215	0.6176
1216	0.61841
1217	0.61927
1218	0.62017
1219	0.6211
1220	0.62206
1221	0.62304
1222	0.62404
1223	0.62506
1224	0.62609
1225	0.62712
1226	0.62815
1227	0.62917
1228	0.63017
1229	0.63115
1230	0.63211
1231	0.63305
1232	0.63395
1233	0.63483
1234	0.63568
1235	0.63651
1236	0.63732
1237	0.63811
1238	0.63889
1239	0.63964
1240	0.64039
1241	0.64113
1242	0.64185
1243	0.64256
1244	0.64326
1245	0.64395
1246	0.64462
1247	0.64527
1248	0.64591
1249	0.64653
1250	0.64714
1251	0.64773
1252	0.64832
1253	0.64889
1254	0.64944
1255	0.64998
1256	0.6505
1257	0.65102
1258	0.65152
1259	0.65203
1260	0.65253
1261	0.65303
1262	0.65353
1263	0.65404
1264	0.65454
1265	0.65503
1266	0.65553
1267	0.65602
1268	0.6565
1269	0.65698
1270	0.65746
1271	0.65792
1272	0.65837
1273	0.65881
1274	0.65925
1275	0.65968
1276	0.6601
1277	0.66052
1278	0.66093
1279	0.66134
1280	0.66175
1281	0.66215
1282	0.66255
1283	0.66295
1284	0.66334
1285	0.66372
1286	0.6641
1287	0.66447
1288	0.66484
1289	0.66521
1290	0.66556
1291	0.66592
1292	0.66626
1293	0.6666
1294	0.66691
1295	0.6672
1296	0.66748
1297	0.66774
1298	0.66797
1299	0.66819
1300	0.66839
1301	0.66858
1302	0.66874
1303	0.66889
1304	0.66901
1305	0.6691
1306	0.66918
1307	0.66924
1308	0.66928
1309	0.66931
1310	0.66931
1311	0.66929
1312	0.66925
1313	0.66919
1314	0.6691
1315	0.66899
1316	0.66886
1317	0.66871
1318	0.66854
1319	0.66836
1320	0.66817
1321	0.66795
1322	0.66772
1323	0.66745
1324	0.66715
1325	0.6668
1326	0.6664
1327	0.66595
1328	0.66546
1329	0.66492
1330	0.66435
1331	0.66375
1332	0.66312
1333	0.66247
1334	0.6618
1335	0.66112
1336	0.66044
1337	0.6596
1338	0.65858
1339	0.6574
1340	0.65606
1341	0.65456
1342	0.65287
1343	0.65101
1344	0.64915
1345	0.64729
1346	0.64543
1347	0.64357
1348	0.64171
1349	0.63985
1350	0.63799
1351	0.63613
1352	0.63427
1353	0.63241
1354	0.63055
1355	0.62869
1356	0.62683
1357	0.62497
1358	0.62311
1359	0.62125
1360	0.6194
1361	0.61754
1362	0.61568
1363	0.61382
1364	0.61196
1365	0.6101
1366	0.60824
1367	0.60638
1368	0.60452
1369	0.60266
1370	0.6008
1371	0.59894
1372	0.59708
1373	0.59522
1374	0.59336
1375	0.5915
1376	0.58964
1377	0.58778
1378	0.58592
1379	0.58406
1380	0.5822
1381	0.58034
1382	0.57848
1383	0.57662
1384	0.57476
1385	0.5729
1386	0.57104
1387	0.56918
1388	0.56732
1389	0.56546
1390	0.5636
1391	0.56174
1392	0.55988
1393	0.55802
1394	0.55616
1395	0.5543
1396	0.55244
1397	0.55058
1398	0.54872
1399	0.54686
1400	0.545
1401	0.54314
1402	0.54128
1403	0.53942
1404	0.53756
1405	0.5357
1406	0.53384
1407	0.53198
1408	0.53012
1409	0.52825
1410	0.52639
1411	0.52453
1412	0.52267
1413	0.52081
1414	0.51895
1415	0.51709
1416	0.51523
1417	0.51354
1418	0.51211
1419	0.51094
1420	0.51003
1421	0.50944
1422	0.50909
1423	0.50896
1424	0.50887
1425	0.50873
1426	0.50856
1427	0.50833
1428	0.508
1429	0.50767
1430	0.50736
1431	0.507
1432	0.50665
1433	0.50627
1434	0.50589
1435	0.50557
1436	0.50529
1437	0.50506
1438	0.50493
1439	0.50488
1440	0.50493
1441	0.50506
1442	0.50519
1443	0.50535
1444	0.50555
1445	0.50578
1446	0.50605
1447	0.50637
1448	0.50674
1449	0.50715
1450	0.50757
1451	0.508
1452	0.50841
1453	0.50878
1454	0.50914
1455	0.50945
1456	0.50971
1457	0.50991
1458	0.51005
1459	0.51016
1460	0.51029
1461	0.51039
1462	0.51051
1463	0.51066
1464	0.51082
1465	0.51105
1466	0.51133
1467	0.51164
1468	0.51204
1469	0.51251
1470	0.51307
1471	0.51371
1472	0.51438
1473	0.51511
1474	0.51585
1475	0.51658
1476	0.5173
1477	0.518
1478	0.51872
1479	0.51948
1480	0.52028
1481	0.52111
1482	0.52197
1483	0.52286
1484	0.52376
1485	0.52466
1486	0.52556
1487	0.52643
1488	0.52727
1489	0.52809
1490	0.5289
1491	0.52968
1492	0.53043
1493	0.53117
1494	0.53188
1495	0.53258
1496	0.53326
1497	0.53394
1498	0.53462
1499	0.5353
1500	0.53599
1501	0.5367
1502	0.53742
1503	0.53815
1504	0.53888
1505	0.5396
1506	0.54031
1507	0.54101
1508	0.54169
1509	0.54236
1510	0.543
1511	0.54364
1512	0.54427
1513	0.5449
1514	0.54552
1515	0.54615
1516	0.54676
1517	0.54737
1518	0.54797
1519	0.54856
1520	0.54914
1521	0.54971
1522	0.55027
1523	0.55081
1524	0.55135
1525	0.55187
1526	0.55238
1527	0.55288
1528	0.55337
1529	0.55385
1530	0.55432
1531	0.55478
1532	0.55523
1533	0.55566
1534	0.55609
1535	0.5565
1536	0.55691
1537	0.55731
1538	0.55771
1539	0.55811
1540	0.55851
1541	0.5589
1542	0.5593
1543	0.5597
1544	0.5601
1545	0.5605
1546	0.56089
1547	0.56129
1548	0.56169
1549	0.56208
1550	0.56246
1551	0.56283
1552	0.5632
1553	0.56356
1554	0.5639
1555	0.56424
1556	0.56458
1557	0.5649
1558	0.56523
1559	0.56555
1560	0.56587
1561	0.56619
1562	0.5665
1563	0.56681
1564	0.56712
1565	0.56742
1566	0.56773
1567	0.56803
1568	0.56834
1569	0.56864
1570	0.56895
1571	0.56927
1572	0.56959
1573	0.56991
1574	0.57023
1575	0.57056
1576	0.57089
1577	0.57122
1578	0.57155
1579	0.57188
1580	0.57221
1581	0.57253
1582	0.57286
1583	0.57319
1584	0.57353
1585	0.57388
1586	0.57422
1587	0.57458
1588	0.57494
1589	0.57531
1590	0.57568
1591	0.57605
1592	0.57642
1593	0.57679
1594	0.57717
1595	0.57754
1596	0.57792
1597	0.5783
1598	0.57869
1599	0.57909
1600	0.57949
1601	0.5799
1602	0.58031
1603	0.58073
1604	0.58114
1605	0.58156
1606	0.58199
1607	0.58241
1608	0.58283
1609	0.58324
1610	0.58364
1611	0.58402
1612	0.58439
1613	0.58474
1614	0.58506
1615	0.58537
1616	0.58567
1617	0.58596
1618	0.58625
1619	0.58652
1620	0.58677
1621	0.58702
1622	0.58725
1623	0.58747
1624	0.58767
1625	0.58785
1626	0.58802
1627	0.58818
1628	0.58833
1629	0.58847
1630	0.5886
1631	0.58872
1632	0.58883
1633	0.58892
1634	0.58901
1635	0.58908
1636	0.58913
1637	0.58916
1638	0.58915
1639	0.58912
1640	0.58904
1641	0.58893
1642	0.58877
1643	0.58857
1644	0.58832
1645	0.58803
1646	0.58768
1647	0.58728
1648	0.58683
1649	0.58632
1650	0.58576
1651	0.58515
1652	0.5845
1653	0.58382
1654	0.58313
1655	0.58244
1656	0.58176
1657	0.58109
1658	0.58043
1659	0.57979
1660	0.57917
1661	0.57856
1662	0.57795
1663	0.57732
1664	0.57669
1665	0.57604
1666	0.57537
1667	0.57469
1668	0.57397
1669	0.57323
1670	0.57247
1671	0.57169
1672	0.57088
1673	0.57004
1674	0.56919
1675	0.56831
1676	0.56742
1677	0.56651
1678	0.56559
1679	0.56466
1680	0.56372
1681	0.56279
1682	0.56186
1683	0.56094
1684	0.56005
1685	0.55919
1686	0.55835
1687	0.55753
1688	0.55672
1689	0.55593
1690	0.55515
1691	0.55436
1692	0.55356
1693	0.55274
1694	0.5519
1695	0.55104
1696	0.55013
1697	0.54918
1698	0.5482
1699	0.54717
1700	0.54613
1701	0.54507
1702	0.54401
1703	0.54295
1704	0.54189
1705	0.54086
1706	0.53983
1707	0.53883
1708	0.53786
1709	0.53693
1710	0.53603
1711	0.53517
1712	0.53433
1713	0.53353
1714	0.53275
1715	0.53198
1716	0.53122
1717	0.53046
1718	0.5297
1719	0.52895
1720	0.52821
1721	0.52749
1722	0.52679
1723	0.52612
1724	0.52551
1725	0.52497
1726	0.52453
1727	0.52419
1728	0.52397
1729	0.5239
1730	0.52396
1731	0.52418
1732	0.52454
1733	0.52504
1734	0.52566
1735	0.52638
1736	0.52716
1737	0.52799
1738	0.52884
1739	0.52968
1740	0.5305
1741	0.53127
1742	0.53198
1743	0.5326
1744	0.53314
1745	0.53358
1746	0.53391
1747	0.53415
1748	0.53429
1749	0.53434
1750	0.53432
1751	0.53424
1752	0.53411
1753	0.53394
1754	0.53377
1755	0.53359
1756	0.53343
1757	0.53331
1758	0.53325
1759	0.53325
1760	0.53334
1761	0.53352
1762	0.5338
1763	0.53417
1764	0.53461
1765	0.53513
1766	0.53571
1767	0.53633
1768	0.53698
1769	0.53765
1770	0.53834
1771	0.53904
1772	0.53973
1773	0.5404
1774	0.54105
1775	0.54165
1776	0.54219
1777	0.54269
1778	0.54313
1779	0.54352
1780	0.54388
1781	0.54419
1782	0.54447
1783	0.54472
1784	0.5449
1785	0.54504
1786	0.54512
1787	0.54515
1788	0.54515
1789	0.54511
1790	0.54504
1791	0.54495
1792	0.54483
1793	0.5447
1794	0.54453
1795	0.54436
1796	0.54416
1797	0.54382
1798	0.54351
1799	0.54308
1800	0.54252
1801	0.54182
1802	0.54098
1803	0.54001
1804	0.53904
1805	0.53791
1806	0.53678
1807	0.53565
1808	0.53452
1809	0.5334
1810	0.53227
1811	0.53114
1812	0.53001
1813	0.52888
1814	0.52775
1815	0.52662
1816	0.52549
1817	0.52436
1818	0.52323
1819	0.5221
1820	0.52097
1821	0.51984
1822	0.51871
1823	0.51758
1824	0.51645
1825	0.51532
1826	0.51419
1827	0.51306
1828	0.51193
1829	0.5108
1830	0.50967
1831	0.50854
1832	0.50741
1833	0.50628
1834	0.50515
1835	0.50402
1836	0.50289
1837	0.50176
1838	0.50063
1839	0.4995
1840	0.49837
1841	0.49724
1842	0.49611
1843	0.49498
1844	0.49385
1845	0.49272
1846	0.49159
1847	0.49046
1848	0.48933
1849	0.4882
1850	0.48707
1851	0.48594
1852	0.48481
1853	0.48368
1854	0.48255
1855	0.48142
1856	0.4803
1857	0.47917
1858	0.47804
1859	0.47691
1860	0.47578
1861	0.47465
1862	0.47352
1863	0.47239
1864	0.47126
1865	0.47013
1866	0.469
1867	0.46787
1868	0.46674
1869	0.46561
1870	0.46448
1871	0.46335
1872	0.46222
1873	0.46109
1874	0.45996
1875	0.45883
1876	0.4577
1877	0.45657
1878	0.45544
1879	0.45431
1880	0.45318
1881	0.45205
1882	0.45092
1883	0.44979
1884	0.44866
1885	0.44753
1886	0.4464
1887	0.44527
1888	0.44414
1889	0.44301
1890	0.44188
1891	0.44075
1892	0.43962
1893	0.43849
1894	0.43736
1895	0.43623
1896	0.4351
1897	0.43397
1898	0.43284
1899	0.43171
1900	0.43058
1901	0.42945
1902	0.42833
1903	0.4272
1904	0.42607
1905	0.42494
1906	0.42381
1907	0.42268
1908	0.42155
1909	0.42042
1910	0.41929
1911	0.41816
1912	0.41703
1913	0.4159
1914	0.41477
1915	0.41364
1916	0.41251
1917	0.41138
1918	0.41025
1919	0.40912
1920	0.40799
1921	0.40686
1922	0.40573
1923	0.4046
1924	0.40347
1925	0.40234
1926	0.40121
1927	0.40008
1928	0.39895
1929	0.39782
1930	0.39669
1931	0.39556
1932	0.39443
1933	0.3933
1934	0.39217
1935	0.39104
1936	0.38991
1937	0.38878
1938	0.38765
1939	0.38652
1940	0.38539
1941	0.38426
1942	0.38313
1943	0.382
1944	0.38087
1945	0.37974
1946	0.37861
1947	0.37759
1948	0.37654
1949	0.37583
1950	0.37556
1951	0.37556
1952	0.37607
1953	0.37714
1954	0.37859
1955	0.38036
1956	0.38227
1957	0.38426
1958	0.38647
1959	0.38868
1960	0.39072
1961	0.39262
1962	0.39456
1963	0.39635
1964	0.39793
1965	0.39936
1966	0.40061
1967	0.40181
1968	0.40298
1969	0.40417
1970	0.40534
1971	0.40651
1972	0.40766
1973	0.40878
1974	0.40992
1975	0.41106
1976	0.41221
1977	0.41336
1978	0.41449
1979	0.41561
1980	0.4167
1981	0.41777
1982	0.4188
1983	0.41981
1984	0.42078
1985	0.42173
1986	0.42269
1987	0.42363
1988	0.42458
1989	0.42551
1990	0.42642
1991	0.42728
1992	0.42806
1993	0.42879
1994	0.42946
1995	0.43005
1996	0.43061
1997	0.43113
1998	0.43166
1999	0.43223
2000	0.43283
2001	0.43344
2002	0.43413
2003	0.43491
2004	0.43576
2005	0.43672
2006	0.43771
2007	0.43861
2008	0.43951
2009	0.44036
2010	0.44114
2011	0.44186
2012	0.44253
2013	0.44318
2014	0.4439
2015	0.44462
2016	0.44532
2017	0.44598
2018	0.44662
2019	0.44715
2020	0.44761
2021	0.44803
2022	0.44838
2023	0.44866
2024	0.44886
2025	0.44899
2026	0.44907
2027	0.44912
2028	0.44911
2029	0.44907
2030	0.44899
2031	0.44881
2032	0.4486
2033	0.44836
2034	0.44807
2035	0.44774
2036	0.44739
2037	0.44702
2038	0.44668
2039	0.44633
2040	0.44598
2041	0.44562
2042	0.44524
2043	0.44483
2044	0.44442
2045	0.44399
2046	0.44351
2047	0.44301
2048	0.44252
2049	0.44205
2050	0.44161
2051	0.44119
2052	0.44079
2053	0.44039
2054	0.44001
2055	0.43964
2056	0.43929
2057	0.43893
2058	0.43858
2059	0.43822
2060	0.43792
2061	0.43767
2062	0.43743
2063	0.43724
2064	0.43706
2065	0.43687
2066	0.43672
2067	0.43656
2068	0.43638
2069	0.43619
2070	0.43596
2071	0.43573
2072	0.43553
2073	0.43533
2074	0.43515
2075	0.43497
2076	0.4348
2077	0.43466
2078	0.43455
2079	0.43445
2080	0.43434
2081	0.43424
2082	0.43414
2083	0.43405
2084	0.43395
2085	0.4338
2086	0.43363
2087	0.43346
2088	0.43329
2089	0.43312
2090	0.43295
2091	0.43276
2092	0.4326
2093	0.43243
2094	0.43227
2095	0.43211
2096	0.43193
2097	0.43175
2098	0.43161
2099	0.43148
2100	0.43137
2101	0.43128
2102	0.43121
2103	0.43116
2104	0.4311
2105	0.43105
2106	0.431
2107	0.43096
2108	0.43093
2109	0.43091
2110	0.43091
2111	0.43091
2112	0.43091
2113	0.43088
2114	0.43085
2115	0.4308
2116	0.43075
2117	0.43071
2118	0.43068
2119	0.43065
2120	0.43063
2121	0.43061
2122	0.43059
2123	0.43056
2124	0.43049
2125	0.43038
2126	0.43027
2127	0.43017
2128	0.43006
2129	0.42997
2130	0.42991
2131	0.42986
2132	0.42984
2133	0.42981
2134	0.42976
2135	0.42971
2136	0.42963
2137	0.42954
2138	0.42946
2139	0.4294
2140	0.4294
2141	0.42944
2142	0.42948
2143	0.42955
2144	0.42963
2145	0.42972
2146	0.42979
2147	0.42983
2148	0.42987
2149	0.4299
2150	0.42991
2151	0.42992
2152	0.42996
2153	0.43006
2154	0.43018
2155	0.43033
2156	0.43052
2157	0.43068
2158	0.43083
2159	0.43097
2160	0.43107
2161	0.43113
2162	0.43116
2163	0.43119
2164	0.43126
2165	0.43136
2166	0.43146
2167	0.43158
2168	0.43175
2169	0.43192
2170	0.4321
2171	0.43229
2172	0.43244
2173	0.43258
2174	0.43274
2175	0.43289
2176	0.43304
2177	0.43319
2178	0.43332
2179	0.43348
2180	0.43361
2181	0.43372
2182	0.43384
2183	0.43397
2184	0.43412
2185	0.43431
2186	0.43449
2187	0.43467
2188	0.43487
2189	0.43505
2190	0.43523
2191	0.43541
2192	0.43558
2193	0.43575
2194	0.43594
2195	0.43614
2196	0.43633
2197	0.43649
2198	0.43662
2199	0.43674
2200	0.43686
2201	0.43701
2202	0.43712
2203	0.43722
2204	0.43732
2205	0.43738
2206	0.43742
2207	0.43741
2208	0.43734
2209	0.43727
2210	0.43723
2211	0.43718
2212	0.43712
2213	0.43705
2214	0.43696
2215	0.43683
2216	0.43667
2217	0.43644
2218	0.43617
2219	0.43584
2220	0.43547
2221	0.43509
2222	0.43467
2223	0.43416
2224	0.43359
2225	0.43295
2226	0.43223
2227	0.43143
2228	0.43054
2229	0.42957
2230	0.42852
2231	0.42738
2232	0.42612
2233	0.42475
2234	0.42331
2235	0.42179
2236	0.42018
2237	0.41851
2238	0.41678
2239	0.41502
2240	0.41323
2241	0.41141
2242	0.40957
2243	0.40771
2244	0.4058
2245	0.40385
2246	0.40187
2247	0.39983
2248	0.39773
2249	0.39556
2250	0.39335
2251	0.39107
2252	0.38879
2253	0.38653
2254	0.3843
2255	0.3821
2256	0.37996
2257	0.37786
2258	0.37586
2259	0.37394
2260	0.37211
2261	0.37038
2262	0.36878
2263	0.36731
2264	0.36597
2265	0.36476
2266	0.3637
2267	0.36274
2268	0.36188
2269	0.36112
2270	0.36043
2271	0.35983
2272	0.35936
2273	0.35894
2274	0.35855
2275	0.35819
2276	0.35783
2277	0.35747
2278	0.35709
2279	0.35659
2280	0.35601
2281	0.35539
2282	0.35473
2283	0.35402
2284	0.35323
2285	0.35235
2286	0.35136
2287	0.35031
2288	0.34921
2289	0.34802
2290	0.34676
2291	0.34547
2292	0.34418
2293	0.34289
2294	0.34163
2295	0.34043
2296	0.33932
2297	0.33832
2298	0.33746
2299	0.33674
2300	0.33619
2301	0.33574
2302	0.33537
2303	0.33504
2304	0.33475
2305	0.33448
2306	0.33423
2307	0.33403
2308	0.33391
2309	0.33391
2310	0.33406
2311	0.33437
2312	0.33485
2313	0.33554
2314	0.33641
2315	0.33744
2316	0.3386
2317	0.3399
2318	0.34125
2319	0.34262
2320	0.34388
2321	0.34495
2322	0.34584
2323	0.34658
2324	0.34711
2325	0.34749
2326	0.34771
2327	0.34777
2328	0.34781
2329	0.34778
2330	0.34764
2331	0.34742
2332	0.34708
2333	0.34664
2334	0.34617
2335	0.34571
2336	0.34522
2337	0.34464
2338	0.34398
2339	0.34326
2340	0.34238
2341	0.34147
2342	0.34055
2343	0.33956
2344	0.33859
2345	0.3377
2346	0.33693
2347	0.33641
2348	0.33613
2349	0.33596
2350	0.336
2351	0.33629
2352	0.33677
2353	0.33737
2354	0.338
2355	0.33861
2356	0.3392
2357	0.33978
2358	0.3404
2359	0.34094
2360	0.34144
2361	0.3419
2362	0.34225
2363	0.34246
2364	0.34236
2365	0.34203
2366	0.34151
2367	0.34092
2368	0.34051
2369	0.34017
2370	0.33997
2371	0.34003
2372	0.34023
2373	0.34052
2374	0.34072
2375	0.3407
2376	0.34053
2377	0.34021
2378	0.33977
2379	0.33922
2380	0.33852
2381	0.33789
2382	0.33746
2383	0.33712
2384	0.3369
2385	0.33674
2386	0.33653
2387	0.33645
2388	0.33645
2389	0.33631
2390	0.33624
2391	0.33617
2392	0.33612
2393	0.33616
2394	0.33608
2395	0.33584
2396	0.33552
2397	0.33507
2398	0.33468
2399	0.33439
2400	0.33423
2401	0.33423
2402	0.33432
2403	0.33445
2404	0.33456
2405	0.33447
2406	0.33408
2407	0.33349
2408	0.33294
2409	0.33241
2410	0.33177
2411	0.33109
2412	0.33027
2413	0.32965
2414	0.3294
2415	0.32908
2416	0.32865
2417	0.32825
2418	0.32786
2419	0.32762
2420	0.32722
2421	0.3265
2422	0.32567
2423	0.32489
2424	0.32429
2425	0.32368
2426	0.32307
2427	0.3226
2428	0.32205
2429	0.32159
2430	0.32107
2431	0.32026
2432	0.31942
2433	0.31832
2434	0.31696
2435	0.31569
2436	0.31431
2437	0.31318
2438	0.31239
2439	0.31161
2440	0.31133
2441	0.31135
2442	0.31117
2443	0.31092
2444	0.3102
2445	0.30909
2446	0.30816
2447	0.30711
2448	0.306
2449	0.30516
2450	0.30456
2451	0.30431
2452	0.30434
2453	0.30434
2454	0.30434
2455	0.30434
2456	0.30434
2457	0.30434
2458	0.30434
2459	0.30434
2460	0.30434
2461	0.30434
2462	0.30433
2463	0.30433
2464	0.30433
2465	0.30433
2466	0.30433
2467	0.30433
2468	0.30433
2469	0.30433
2470	0.30433
2471	0.30433
2472	0.30433
2473	0.30433
2474	0.30432
2475	0.30432
2476	0.30432
2477	0.30432
2478	0.30432
2479	0.30432
2480	0.30432
