*Name: Ash mid
Type: Leaf Spectrum

Origin: Remote Sensing Laboratories, University of Zurich

Description: abaxial reflectance, adaxial reflectance, and adaxial transmittance

Measurement: Hemispherical Conical Reflectance Factor HCRF measured by ASD Integrating Sphere

Wavelength [nm]	abaxial Reflectance [0 1]	adaxial Reflectance [0 1]	adaxial Transmittance [0 1]
370	0.018221	0.019281	-0.00024566
371	0.024691	0.025937	-2.3973e-06
372	0.03009	0.031352	-0.0023222
373	0.035217	0.036592	-0.0031353
374	0.039782	0.041251	-0.0026606
375	0.043261	0.044737	-0.001543
376	0.044528	0.046107	-0.0011668
377	0.044181	0.045817	0.00026802
378	0.041741	0.043286	0.0024167
379	0.042509	0.044102	0.00435
380	0.043578	0.045499	0.0070601
381	0.043628	0.045889	0.0077621
382	0.043476	0.045793	0.0071113
383	0.044563	0.046555	0.007992
384	0.045362	0.047274	0.0089752
385	0.045233	0.047015	0.0075493
386	0.044329	0.045815	0.0042828
387	0.044515	0.045826	0.0042558
388	0.045006	0.04612	0.0046798
389	0.045191	0.046209	0.0044094
390	0.045331	0.046401	0.004121
391	0.045994	0.047028	0.0052447
392	0.046341	0.047261	0.0062166
393	0.046831	0.04766	0.007409
394	0.047499	0.048413	0.0090283
395	0.047863	0.048883	0.009787
396	0.048246	0.049374	0.010671
397	0.048702	0.049956	0.012216
398	0.048837	0.050221	0.013071
399	0.048883	0.050346	0.013705
400	0.048595	0.05008	0.013615
401	0.048547	0.05007	0.01376
402	0.048352	0.049962	0.013524
403	0.048099	0.049794	0.01292
404	0.048141	0.049844	0.012982
405	0.04796	0.049637	0.012996
406	0.047839	0.049501	0.013074
407	0.048379	0.050112	0.014133
408	0.048489	0.050338	0.014299
409	0.048521	0.050497	0.014465
410	0.04886	0.050965	0.015465
411	0.049168	0.051339	0.016425
412	0.049595	0.05179	0.017542
413	0.050033	0.052237	0.018679
414	0.050026	0.05228	0.018966
415	0.050009	0.052339	0.019415
416	0.050094	0.0525	0.020059
417	0.049986	0.052435	0.020309
418	0.049893	0.052375	0.020779
419	0.049947	0.052452	0.021489
420	0.050054	0.052591	0.022299
421	0.05025	0.052833	0.023339
422	0.050325	0.052943	0.024024
423	0.050425	0.053076	0.024656
424	0.050675	0.053365	0.025491
425	0.050853	0.053562	0.026163
426	0.050959	0.053688	0.026756
427	0.05109	0.053829	0.027257
428	0.051196	0.053971	0.027655
429	0.051332	0.054161	0.028126
430	0.051339	0.054235	0.028339
431	0.051136	0.054075	0.028232
432	0.051141	0.054108	0.028539
433	0.051207	0.054202	0.02901
434	0.051291	0.054305	0.02943
435	0.051369	0.054391	0.02972
436	0.051467	0.054502	0.030067
437	0.051612	0.054691	0.030521
438	0.051802	0.054922	0.03104
439	0.051985	0.055136	0.031546
440	0.052105	0.055278	0.031949
441	0.052159	0.055349	0.032166
442	0.052172	0.055397	0.032481
443	0.052185	0.055444	0.032905
444	0.052091	0.0554	0.033074
445	0.05203	0.055373	0.033318
446	0.052006	0.055373	0.033635
447	0.052033	0.055403	0.034058
448	0.052173	0.055533	0.034621
449	0.052285	0.055648	0.035182
450	0.052365	0.055732	0.035658
451	0.052517	0.05591	0.036149
452	0.052791	0.056201	0.03681
453	0.053108	0.056523	0.0376
454	0.053306	0.056741	0.03823
455	0.053381	0.056858	0.038672
456	0.053455	0.056968	0.039104
457	0.053599	0.057156	0.039652
458	0.053689	0.057297	0.040029
459	0.053774	0.057408	0.040378
460	0.053908	0.057547	0.040734
461	0.053961	0.057594	0.041033
462	0.053915	0.057554	0.041205
463	0.053858	0.057503	0.041293
464	0.053772	0.057407	0.041294
465	0.053745	0.057379	0.041371
466	0.05379	0.057423	0.04156
467	0.053838	0.057477	0.041852
468	0.053852	0.057502	0.042021
469	0.053869	0.057526	0.042129
470	0.053832	0.057506	0.042187
471	0.053848	0.057559	0.042355
472	0.05389	0.057626	0.042525
473	0.053963	0.057714	0.042663
474	0.053991	0.057761	0.042723
475	0.053941	0.057733	0.042757
476	0.053959	0.057767	0.042887
477	0.053994	0.057809	0.043009
478	0.053975	0.057791	0.043109
479	0.053959	0.05778	0.043246
480	0.053947	0.057774	0.043422
481	0.053941	0.057784	0.043639
482	0.053964	0.057821	0.043809
483	0.053974	0.05784	0.043936
484	0.053968	0.057858	0.044078
485	0.054047	0.057958	0.044325
486	0.054137	0.058052	0.044571
487	0.054218	0.058135	0.044838
488	0.054255	0.05818	0.045103
489	0.054351	0.058287	0.045441
490	0.054561	0.0585	0.045948
491	0.054702	0.058646	0.046366
492	0.054788	0.058746	0.046745
493	0.054896	0.058878	0.047193
494	0.055048	0.059059	0.047702
495	0.055273	0.059319	0.048314
496	0.055524	0.059601	0.049041
497	0.055813	0.059911	0.049823
498	0.056136	0.060254	0.050681
499	0.056457	0.060586	0.051602
500	0.056832	0.06096	0.052601
501	0.057258	0.061393	0.053731
502	0.057714	0.06186	0.054948
503	0.058245	0.062401	0.056323
504	0.05888	0.063043	0.057902
505	0.059523	0.063698	0.059532
506	0.060189	0.064376	0.061277
507	0.060954	0.065164	0.063237
508	0.061798	0.066028	0.065362
509	0.062708	0.066946	0.067662
510	0.063639	0.067887	0.070099
511	0.064626	0.068887	0.072657
512	0.065659	0.069932	0.075392
513	0.066779	0.071053	0.078278
514	0.068015	0.07229	0.081334
515	0.069312	0.073594	0.084558
516	0.070686	0.074973	0.087932
517	0.072208	0.076499	0.091553
518	0.073851	0.078144	0.095352
519	0.075547	0.079836	0.099215
520	0.077326	0.081602	0.10325
521	0.079216	0.083475	0.10743
522	0.081177	0.085403	0.11168
523	0.083156	0.087342	0.11592
524	0.085121	0.089273	0.12015
525	0.087098	0.091212	0.12438
526	0.089079	0.093155	0.12853
527	0.09103	0.09507	0.13254
528	0.092912	0.096929	0.13641
529	0.094737	0.098734	0.14013
530	0.096482	0.10046	0.14365
531	0.098154	0.10211	0.147
532	0.09971	0.10364	0.1501
533	0.10113	0.10506	0.15293
534	0.10245	0.10639	0.15562
535	0.10366	0.10759	0.15805
536	0.10471	0.10864	0.16019
537	0.10563	0.10956	0.16209
538	0.10645	0.11039	0.1638
539	0.10715	0.11112	0.16528
540	0.10775	0.11175	0.16655
541	0.10825	0.11229	0.16764
542	0.10869	0.11277	0.16864
543	0.10909	0.11322	0.16956
544	0.10945	0.11362	0.17041
545	0.10981	0.11403	0.17125
546	0.11016	0.11442	0.17209
547	0.11051	0.11482	0.17293
548	0.11087	0.11522	0.17375
549	0.11124	0.11563	0.17458
550	0.11158	0.11601	0.17534
551	0.1119	0.11636	0.17606
552	0.11215	0.11665	0.17667
553	0.11231	0.11685	0.17712
554	0.11239	0.11697	0.17744
555	0.11238	0.117	0.17763
556	0.11228	0.11693	0.17762
557	0.11204	0.11674	0.17739
558	0.11171	0.11645	0.17699
559	0.11127	0.11605	0.17638
560	0.11069	0.11551	0.17554
561	0.11002	0.11487	0.1745
562	0.10929	0.11416	0.17332
563	0.10848	0.11338	0.172
564	0.10759	0.11251	0.17049
565	0.10658	0.11153	0.1688
566	0.10551	0.11048	0.16696
567	0.10436	0.10936	0.16499
568	0.10315	0.10816	0.16287
569	0.1019	0.10693	0.16066
570	0.10061	0.10565	0.15831
571	0.099301	0.10435	0.1559
572	0.097966	0.10302	0.15342
573	0.096604	0.10166	0.15087
574	0.095259	0.10032	0.14833
575	0.093967	0.099023	0.14584
576	0.092741	0.097797	0.14347
577	0.091572	0.09663	0.14121
578	0.090451	0.095515	0.13903
579	0.089368	0.094443	0.13693
580	0.08836	0.09345	0.13496
581	0.087439	0.092544	0.13315
582	0.086542	0.091661	0.1314
583	0.085709	0.090837	0.12977
584	0.084952	0.09009	0.12826
585	0.084243	0.089383	0.12682
586	0.083566	0.088703	0.12546
587	0.082935	0.088067	0.1242
588	0.082342	0.087468	0.12301
589	0.081831	0.086952	0.12194
590	0.081397	0.086514	0.12102
591	0.081011	0.086128	0.12022
592	0.080656	0.085779	0.11948
593	0.08033	0.085463	0.11881
594	0.080051	0.085192	0.11823
595	0.079831	0.084976	0.11776
596	0.0796	0.084748	0.11729
597	0.079376	0.084529	0.11687
598	0.079169	0.084328	0.11648
599	0.078957	0.084116	0.11609
600	0.07874	0.083902	0.11569
601	0.078496	0.08366	0.11526
602	0.078236	0.083398	0.11477
603	0.077993	0.083152	0.11428
604	0.077732	0.082889	0.11376
605	0.077451	0.082607	0.11319
606	0.077146	0.082301	0.11254
607	0.076789	0.081942	0.11178
608	0.076402	0.081553	0.11093
609	0.076006	0.081154	0.11004
610	0.075591	0.080732	0.10909
611	0.075118	0.08026	0.10805
612	0.074631	0.079778	0.10696
613	0.074148	0.079299	0.10586
614	0.073649	0.078801	0.10469
615	0.073124	0.078273	0.10348
616	0.072602	0.077746	0.10228
617	0.072103	0.077245	0.10113
618	0.071616	0.076754	0.10001
619	0.071165	0.076301	0.098951
620	0.07074	0.075876	0.09794
621	0.070302	0.075442	0.09696
622	0.069912	0.075058	0.096078
623	0.069605	0.074751	0.095323
624	0.069354	0.074499	0.094684
625	0.06912	0.07427	0.094119
626	0.068929	0.074079	0.093654
627	0.068779	0.073923	0.093259
628	0.068644	0.073782	0.092903
629	0.068535	0.073666	0.092628
630	0.068474	0.073599	0.092464
631	0.068442	0.073565	0.092356
632	0.068393	0.073516	0.092237
633	0.06831	0.073439	0.092073
634	0.068212	0.073345	0.091855
635	0.068062	0.073195	0.091549
636	0.067877	0.073008	0.091164
637	0.067682	0.072814	0.090689
638	0.06743	0.07256	0.090079
639	0.067109	0.072225	0.089306
640	0.066701	0.071799	0.088341
641	0.066254	0.071332	0.087251
642	0.065785	0.070847	0.086088
643	0.065294	0.070341	0.08485
644	0.064807	0.069838	0.08357
645	0.064298	0.069313	0.082209
646	0.063756	0.068753	0.080776
647	0.063223	0.068201	0.079334
648	0.062731	0.067683	0.077935
649	0.062256	0.067184	0.076588
650	0.061808	0.066712	0.075307
651	0.061413	0.066293	0.074111
652	0.061048	0.065894	0.072997
653	0.060749	0.065558	0.072004
654	0.06047	0.065246	0.071078
655	0.060231	0.064979	0.070245
656	0.060037	0.064764	0.069499
657	0.059843	0.064543	0.068731
658	0.05965	0.064319	0.067912
659	0.059441	0.064076	0.067011
660	0.059192	0.06379	0.066005
661	0.058921	0.063474	0.064897
662	0.058609	0.063104	0.063663
663	0.058281	0.062718	0.062341
664	0.057943	0.062308	0.060931
665	0.057604	0.061885	0.059467
666	0.05728	0.061469	0.057987
667	0.057018	0.061109	0.056565
668	0.056791	0.060781	0.055192
669	0.056634	0.060525	0.053923
670	0.056561	0.060351	0.052797
671	0.056547	0.060224	0.051765
672	0.056601	0.060164	0.050851
673	0.05672	0.060167	0.050072
674	0.056881	0.060204	0.049389
675	0.057086	0.060273	0.048775
676	0.057363	0.060405	0.048292
677	0.0577	0.060605	0.047915
678	0.058065	0.060829	0.047591
679	0.058468	0.061079	0.047327
680	0.058912	0.061374	0.047175
681	0.059421	0.061741	0.047201
682	0.059985	0.062174	0.047415
683	0.060621	0.062695	0.047888
684	0.061322	0.063298	0.048671
685	0.06209	0.063994	0.049804
686	0.062935	0.064795	0.051349
687	0.063865	0.065717	0.053373
688	0.064902	0.066781	0.05592
689	0.066059	0.067995	0.059038
690	0.067395	0.069425	0.062847
691	0.06894	0.071098	0.067357
692	0.070745	0.073055	0.072623
693	0.072861	0.075329	0.078675
694	0.075343	0.077977	0.085566
695	0.078237	0.081036	0.093296
696	0.081554	0.084519	0.10181
697	0.085353	0.088477	0.11111
698	0.089639	0.092913	0.12114
699	0.09442	0.09784	0.13179
700	0.099662	0.10323	0.14298
701	0.10531	0.10903	0.15458
702	0.11132	0.1152	0.16645
703	0.11761	0.12165	0.17846
704	0.12414	0.12835	0.19054
705	0.13083	0.13523	0.20258
706	0.13761	0.14221	0.21446
707	0.14444	0.14924	0.22614
708	0.15129	0.15629	0.23757
709	0.15811	0.16332	0.24875
710	0.16489	0.1703	0.25964
711	0.17163	0.17725	0.27027
712	0.17835	0.18417	0.28066
713	0.18504	0.19106	0.29082
714	0.1917	0.19791	0.30077
715	0.19833	0.20473	0.31054
716	0.20494	0.21153	0.32014
717	0.21151	0.2183	0.32958
718	0.21806	0.22504	0.33886
719	0.22455	0.23173	0.34798
720	0.23098	0.23836	0.35693
721	0.23736	0.24495	0.36571
722	0.24368	0.25147	0.37433
723	0.24992	0.25792	0.3828
724	0.25606	0.26427	0.39107
725	0.26209	0.27051	0.39911
726	0.26801	0.27664	0.40693
727	0.2738	0.28263	0.41453
728	0.27946	0.28849	0.42188
729	0.28494	0.29416	0.42898
730	0.29024	0.29967	0.4358
731	0.29537	0.30499	0.44235
732	0.30032	0.31012	0.44862
733	0.30507	0.31504	0.45461
734	0.3096	0.31974	0.46029
735	0.31393	0.32424	0.46569
736	0.31806	0.32852	0.47081
737	0.32197	0.33258	0.47566
738	0.32565	0.3364	0.48022
739	0.32912	0.34001	0.48449
740	0.33236	0.34339	0.48851
741	0.33539	0.34656	0.49226
742	0.3382	0.34951	0.49575
743	0.3408	0.35225	0.499
744	0.34319	0.35479	0.502
745	0.3454	0.35714	0.50478
746	0.34742	0.35931	0.50735
747	0.34924	0.36129	0.5097
748	0.35089	0.3631	0.51184
749	0.35238	0.36476	0.5138
750	0.35371	0.36625	0.51558
751	0.35488	0.36758	0.51719
752	0.35589	0.36876	0.51863
753	0.35677	0.3698	0.51992
754	0.35753	0.37072	0.52109
755	0.3582	0.37154	0.52214
756	0.35879	0.37228	0.52307
757	0.35929	0.37293	0.5239
758	0.35973	0.3735	0.52463
759	0.36011	0.37401	0.52528
760	0.36043	0.37446	0.52584
761	0.36071	0.37485	0.52632
762	0.36094	0.37519	0.52674
763	0.36113	0.37548	0.5271
764	0.36127	0.37572	0.52742
765	0.36138	0.37593	0.52769
766	0.36144	0.37609	0.52794
767	0.36147	0.37621	0.52817
768	0.36148	0.37631	0.52837
769	0.36147	0.37639	0.52854
770	0.36144	0.37645	0.52869
771	0.36139	0.37649	0.52881
772	0.36136	0.37653	0.52891
773	0.36132	0.37657	0.52899
774	0.36127	0.37659	0.52906
775	0.36121	0.3766	0.5291
776	0.36115	0.3766	0.52914
777	0.3611	0.37661	0.52918
778	0.36105	0.37662	0.52924
779	0.36101	0.37663	0.52928
780	0.36097	0.37663	0.52933
781	0.36094	0.37663	0.52939
782	0.36091	0.37664	0.52946
783	0.36089	0.37666	0.52952
784	0.36087	0.37667	0.52957
785	0.36085	0.37668	0.52963
786	0.36088	0.37673	0.52969
787	0.3609	0.37678	0.52976
788	0.36091	0.37683	0.52983
789	0.36094	0.37688	0.5299
790	0.36098	0.37694	0.52999
791	0.36102	0.37701	0.53009
792	0.36104	0.37705	0.53018
793	0.36107	0.37709	0.53026
794	0.3611	0.37714	0.53035
795	0.36115	0.3772	0.53045
796	0.3612	0.37726	0.53055
797	0.36125	0.37732	0.53065
798	0.3613	0.37738	0.53074
799	0.36136	0.37744	0.53084
800	0.36144	0.37752	0.53095
801	0.3615	0.37758	0.53107
802	0.36157	0.37765	0.53117
803	0.36166	0.37774	0.53128
804	0.36174	0.37784	0.53142
805	0.36182	0.37792	0.53153
806	0.36188	0.37799	0.53161
807	0.36194	0.37806	0.53169
808	0.36201	0.37814	0.53178
809	0.36208	0.37822	0.53185
810	0.36214	0.37829	0.53194
811	0.3622	0.37836	0.53204
812	0.36227	0.37844	0.53213
813	0.36234	0.37852	0.53222
814	0.36239	0.37859	0.53232
815	0.36246	0.37866	0.53242
816	0.36253	0.37874	0.5325
817	0.3626	0.37883	0.53261
818	0.36268	0.37893	0.53272
819	0.36277	0.37901	0.53281
820	0.36284	0.37909	0.53287
821	0.36291	0.37916	0.53292
822	0.36299	0.37924	0.53299
823	0.36308	0.37934	0.53305
824	0.36316	0.37943	0.5331
825	0.36324	0.37951	0.53314
826	0.36333	0.3796	0.53319
827	0.36339	0.37968	0.53323
828	0.36345	0.37974	0.53326
829	0.36352	0.37983	0.5333
830	0.36359	0.37991	0.53334
831	0.36366	0.38	0.53339
832	0.36373	0.38007	0.53345
833	0.3638	0.38014	0.5335
834	0.36386	0.38021	0.53351
835	0.36391	0.38028	0.53351
836	0.36397	0.38036	0.53355
837	0.36403	0.38042	0.53357
838	0.36407	0.38047	0.53358
839	0.36411	0.38052	0.5336
840	0.36413	0.38056	0.53364
841	0.36415	0.38058	0.53366
842	0.36417	0.38062	0.53368
843	0.36421	0.38067	0.53371
844	0.36426	0.38074	0.53375
845	0.3643	0.3808	0.5338
846	0.36434	0.38086	0.53385
847	0.36439	0.38092	0.53388
848	0.36444	0.38097	0.53389
849	0.36448	0.38102	0.53388
850	0.36451	0.38107	0.53386
851	0.36453	0.38111	0.53383
852	0.36455	0.38114	0.53381
853	0.36457	0.38118	0.53381
854	0.3646	0.38121	0.5338
855	0.36461	0.38123	0.53378
856	0.36462	0.38125	0.53377
857	0.36465	0.3813	0.53377
858	0.36469	0.38135	0.53379
859	0.36473	0.3814	0.53382
860	0.36476	0.38143	0.53383
861	0.36479	0.38147	0.53384
862	0.3648	0.38149	0.53382
863	0.3648	0.3815	0.53379
864	0.36479	0.38151	0.53374
865	0.36479	0.38153	0.53372
866	0.36481	0.38155	0.53372
867	0.36483	0.38158	0.53372
868	0.36484	0.38159	0.53371
869	0.36482	0.3816	0.53369
870	0.3648	0.3816	0.53368
871	0.36483	0.38164	0.53369
872	0.36486	0.38167	0.53369
873	0.36487	0.38168	0.53367
874	0.36488	0.38168	0.53363
875	0.36489	0.38169	0.53359
876	0.36489	0.38169	0.53354
877	0.36488	0.38167	0.53348
878	0.3649	0.38168	0.53344
879	0.36493	0.3817	0.53341
880	0.36494	0.38172	0.53337
881	0.36493	0.38171	0.53333
882	0.36492	0.3817	0.53329
883	0.36492	0.38171	0.53326
884	0.36491	0.38171	0.53323
885	0.3649	0.38171	0.53321
886	0.36488	0.38169	0.53316
887	0.36486	0.38168	0.53311
888	0.36486	0.38167	0.53306
889	0.36488	0.38169	0.53304
890	0.36489	0.38169	0.53302
891	0.36488	0.38167	0.53299
892	0.36492	0.38171	0.53301
893	0.36495	0.38174	0.53301
894	0.36495	0.38175	0.533
895	0.36495	0.38176	0.533
896	0.36498	0.38179	0.53301
897	0.36498	0.3818	0.533
898	0.36494	0.38177	0.53295
899	0.36487	0.38171	0.53285
900	0.36483	0.38167	0.53274
901	0.36481	0.38164	0.53263
902	0.36479	0.38161	0.53251
903	0.3648	0.38162	0.53245
904	0.36482	0.38163	0.53238
905	0.36482	0.38164	0.53231
906	0.36484	0.38165	0.53225
907	0.36487	0.38168	0.5322
908	0.3649	0.38171	0.53215
909	0.3649	0.38171	0.53212
910	0.36496	0.38176	0.53213
911	0.36498	0.38178	0.53213
912	0.36496	0.38176	0.53209
913	0.36492	0.3817	0.53198
914	0.36491	0.38165	0.53189
915	0.3649	0.38162	0.53181
916	0.36489	0.3816	0.53175
917	0.36488	0.3816	0.5317
918	0.36485	0.38158	0.53164
919	0.36484	0.38156	0.53157
920	0.36484	0.38156	0.53149
921	0.36486	0.38157	0.53145
922	0.36482	0.38153	0.53138
923	0.36475	0.38145	0.5313
924	0.3647	0.3814	0.53124
925	0.36463	0.38132	0.53116
926	0.36454	0.38123	0.53104
927	0.36446	0.38114	0.53089
928	0.36445	0.38111	0.53078
929	0.36442	0.3811	0.53068
930	0.36438	0.38108	0.53059
931	0.36431	0.38103	0.53048
932	0.36432	0.38104	0.53043
933	0.36434	0.38105	0.5304
934	0.36432	0.38103	0.53037
935	0.36427	0.38095	0.53029
936	0.36416	0.38084	0.53016
937	0.36404	0.3807	0.53002
938	0.36394	0.38056	0.52988
939	0.36388	0.38045	0.52971
940	0.36379	0.38031	0.52951
941	0.36368	0.38016	0.52927
942	0.3636	0.38004	0.52901
943	0.36351	0.37991	0.52875
944	0.36338	0.37974	0.52847
945	0.36322	0.37955	0.52819
946	0.36309	0.3794	0.52795
947	0.36291	0.3792	0.52774
948	0.36269	0.37898	0.5275
949	0.36245	0.37875	0.5272
950	0.36218	0.37847	0.52688
951	0.36197	0.37824	0.52662
952	0.36178	0.37802	0.52638
953	0.36157	0.37776	0.52608
954	0.36132	0.37747	0.52581
955	0.36111	0.3772	0.52555
956	0.36093	0.37697	0.52529
957	0.36075	0.37675	0.52502
958	0.3605	0.37647	0.52472
959	0.36026	0.37618	0.52439
960	0.36005	0.37594	0.52406
961	0.35986	0.37569	0.52379
962	0.3597	0.37548	0.52349
963	0.35954	0.37527	0.52315
964	0.35937	0.37506	0.52278
965	0.35922	0.37491	0.52246
966	0.35914	0.37484	0.52225
967	0.35909	0.3748	0.52211
968	0.35905	0.37477	0.52205
969	0.35902	0.37477	0.52199
970	0.35903	0.37482	0.52197
971	0.35902	0.37486	0.52197
972	0.35895	0.37483	0.52195
973	0.3589	0.37477	0.52192
974	0.35889	0.3747	0.5219
975	0.35888	0.37462	0.52187
976	0.35884	0.37452	0.52177
977	0.35875	0.3744	0.52158
978	0.35867	0.37428	0.52142
979	0.35864	0.3742	0.52129
980	0.35867	0.37421	0.5212
981	0.35872	0.37424	0.5212
982	0.35874	0.37427	0.52117
983	0.35877	0.3743	0.52107
984	0.35882	0.37436	0.521
985	0.3588	0.37438	0.52097
986	0.35878	0.37439	0.52099
987	0.35882	0.37444	0.52108
988	0.3589	0.37453	0.52122
989	0.359	0.37465	0.52136
990	0.35911	0.37479	0.52149
991	0.35924	0.37493	0.52163
992	0.35934	0.37505	0.52175
993	0.35945	0.37516	0.52189
994	0.3596	0.37533	0.52203
995	0.35986	0.37559	0.52225
996	0.35997	0.37566	0.52226
997	0.36011	0.37579	0.52227
998	0.36033	0.376	0.52239
999	0.36059	0.37629	0.52264
1000	0.36091	0.37664	0.52296
1001	0.36124	0.37698	0.52331
1002	0.36157	0.37728	0.52369
1003	0.36188	0.37757	0.52409
1004	0.36214	0.3778	0.52447
1005	0.36236	0.37798	0.52479
1006	0.36253	0.37811	0.52504
1007	0.36267	0.37821	0.52526
1008	0.36279	0.3783	0.52535
1009	0.36285	0.37832	0.52529
1010	0.3628	0.3782	0.52511
1011	0.36291	0.37827	0.52507
1012	0.36308	0.3784	0.52515
1013	0.36325	0.37858	0.5253
1014	0.36341	0.37877	0.52544
1015	0.36358	0.37894	0.52562
1016	0.36376	0.37913	0.52587
1017	0.36398	0.37936	0.52617
1018	0.36423	0.37963	0.52647
1019	0.3645	0.37991	0.52675
1020	0.3647	0.38014	0.52703
1021	0.3648	0.3803	0.52722
1022	0.36485	0.38039	0.52735
1023	0.3649	0.38044	0.5274
1024	0.36499	0.38049	0.52739
1025	0.36509	0.38055	0.52738
1026	0.36516	0.38056	0.52737
1027	0.36522	0.38057	0.52734
1028	0.3653	0.38063	0.52732
1029	0.36541	0.38076	0.52735
1030	0.36553	0.38092	0.5274
1031	0.36562	0.3811	0.52741
1032	0.3657	0.3813	0.5274
1033	0.36575	0.38148	0.52745
1034	0.36575	0.38162	0.52757
1035	0.36572	0.38171	0.52772
1036	0.3657	0.38179	0.52786
1037	0.3657	0.38185	0.52797
1038	0.36571	0.38187	0.52802
1039	0.3657	0.38184	0.52799
1040	0.36572	0.38179	0.52793
1041	0.36579	0.38182	0.52798
1042	0.36591	0.38194	0.52817
1043	0.36606	0.38206	0.52837
1044	0.36617	0.38216	0.5285
1045	0.36622	0.38223	0.52855
1046	0.36624	0.38229	0.52859
1047	0.3663	0.38239	0.52866
1048	0.36635	0.3825	0.52874
1049	0.36634	0.38255	0.52881
1050	0.36634	0.38256	0.52879
1051	0.36635	0.38253	0.52868
1052	0.36635	0.38251	0.52852
1053	0.36639	0.38255	0.52834
1054	0.36649	0.3827	0.52827
1055	0.36664	0.38289	0.52835
1056	0.36678	0.38302	0.52844
1057	0.3669	0.38306	0.52847
1058	0.36697	0.38304	0.52844
1059	0.36697	0.38299	0.52841
1060	0.36694	0.3829	0.52841
1061	0.36692	0.38285	0.52843
1062	0.36691	0.38281	0.52848
1063	0.36688	0.38274	0.52856
1064	0.36686	0.38267	0.5286
1065	0.36683	0.38265	0.52861
1066	0.3668	0.38269	0.52866
1067	0.36679	0.38277	0.52874
1068	0.36679	0.38288	0.52889
1069	0.36678	0.38296	0.52909
1070	0.36678	0.38299	0.52925
1071	0.36676	0.38298	0.52936
1072	0.36674	0.38296	0.52943
1073	0.36673	0.38297	0.52944
1074	0.36675	0.38299	0.5294
1075	0.36678	0.383	0.52934
1076	0.36684	0.38305	0.52929
1077	0.36693	0.38312	0.5292
1078	0.36702	0.38322	0.52906
1079	0.36706	0.38331	0.52891
1080	0.36709	0.38339	0.52881
1081	0.36712	0.38345	0.52879
1082	0.3671	0.38346	0.52884
1083	0.36706	0.38342	0.52894
1084	0.36701	0.38338	0.52902
1085	0.36694	0.38332	0.52909
1086	0.36689	0.3833	0.52915
1087	0.36684	0.38329	0.52919
1088	0.36679	0.38326	0.52922
1089	0.36671	0.3832	0.52925
1090	0.36664	0.38315	0.5292
1091	0.3666	0.38313	0.52907
1092	0.36655	0.38309	0.52895
1093	0.36649	0.38303	0.52884
1094	0.36646	0.38298	0.52881
1095	0.36647	0.38294	0.52884
1096	0.36646	0.38287	0.52882
1097	0.36646	0.38281	0.5287
1098	0.36649	0.38279	0.52853
1099	0.36653	0.38279	0.52835
1100	0.36658	0.38281	0.5282
1101	0.3666	0.38284	0.52808
1102	0.36659	0.38286	0.52796
1103	0.36653	0.38283	0.5278
1104	0.36645	0.38279	0.52761
1105	0.36637	0.38273	0.52747
1106	0.36628	0.38265	0.52737
1107	0.36615	0.38253	0.52728
1108	0.36602	0.3824	0.52725
1109	0.36591	0.38229	0.52722
1110	0.36582	0.38218	0.52711
1111	0.36575	0.38208	0.52699
1112	0.36571	0.38201	0.5269
1113	0.36571	0.38196	0.52686
1114	0.36573	0.38193	0.52685
1115	0.36574	0.38192	0.52685
1116	0.36572	0.38189	0.52684
1117	0.36566	0.3818	0.52681
1118	0.36555	0.38165	0.52678
1119	0.36542	0.38146	0.52673
1120	0.36523	0.38123	0.52664
1121	0.36496	0.38093	0.52647
1122	0.36471	0.38065	0.52631
1123	0.36448	0.38039	0.52614
1124	0.36429	0.38018	0.52598
1125	0.3641	0.37999	0.52581
1126	0.36389	0.37974	0.52559
1127	0.36367	0.37944	0.5253
1128	0.36344	0.37914	0.52499
1129	0.3632	0.37883	0.52466
1130	0.36293	0.37851	0.52428
1131	0.3626	0.37811	0.52385
1132	0.36223	0.37769	0.52333
1133	0.36185	0.37729	0.52274
1134	0.36147	0.37691	0.52212
1135	0.36106	0.37649	0.52149
1136	0.36065	0.37608	0.52087
1137	0.36024	0.37569	0.52026
1138	0.35982	0.3753	0.51966
1139	0.35934	0.3748	0.51903
1140	0.35877	0.37417	0.51836
1141	0.35819	0.3735	0.51772
1142	0.35759	0.37283	0.51714
1143	0.35698	0.37214	0.51658
1144	0.35637	0.37142	0.51597
1145	0.35571	0.37067	0.51528
1146	0.35502	0.36994	0.51451
1147	0.35434	0.36923	0.51369
1148	0.35368	0.36852	0.51286
1149	0.35305	0.36781	0.51207
1150	0.35248	0.36715	0.51134
1151	0.35198	0.36654	0.51067
1152	0.3515	0.36593	0.51006
1153	0.35103	0.3653	0.50948
1154	0.35059	0.3647	0.50891
1155	0.3502	0.36416	0.50838
1156	0.34982	0.36365	0.5079
1157	0.34946	0.36315	0.50744
1158	0.34908	0.36268	0.50699
1159	0.34868	0.36222	0.50654
1160	0.34831	0.36183	0.50612
1161	0.34802	0.36154	0.50576
1162	0.34781	0.36131	0.50546
1163	0.34767	0.36115	0.50523
1164	0.34755	0.36099	0.50505
1165	0.34744	0.36084	0.50489
1166	0.34733	0.36069	0.50477
1167	0.34724	0.36055	0.50466
1168	0.34715	0.36041	0.50454
1169	0.34703	0.36026	0.50445
1170	0.34688	0.3601	0.50436
1171	0.34671	0.3599	0.5042
1172	0.34653	0.3597	0.50401
1173	0.34637	0.35952	0.50384
1174	0.34626	0.35938	0.50369
1175	0.3462	0.3593	0.50359
1176	0.34617	0.35926	0.50354
1177	0.34615	0.35926	0.50351
1178	0.3461	0.35927	0.50351
1179	0.34604	0.35928	0.50353
1180	0.34597	0.35931	0.50356
1181	0.34592	0.35931	0.50358
1182	0.34585	0.35928	0.50358
1183	0.34575	0.3592	0.50354
1184	0.34564	0.35905	0.50343
1185	0.34553	0.35888	0.50325
1186	0.34543	0.35872	0.50308
1187	0.34536	0.35857	0.5029
1188	0.34529	0.35844	0.50271
1189	0.34526	0.35836	0.50254
1190	0.34526	0.35832	0.5024
1191	0.34527	0.35833	0.5023
1192	0.34528	0.35835	0.50222
1193	0.34526	0.35835	0.50215
1194	0.34519	0.35832	0.50206
1195	0.34508	0.35824	0.50197
1196	0.34496	0.35813	0.50193
1197	0.34485	0.35801	0.50194
1198	0.34475	0.35792	0.50197
1199	0.34468	0.35787	0.50201
1200	0.34465	0.35787	0.50206
1201	0.34465	0.3579	0.50208
1202	0.34467	0.35794	0.50207
1203	0.34472	0.358	0.50207
1204	0.34479	0.35808	0.50211
1205	0.34487	0.35814	0.50216
1206	0.34494	0.35819	0.50223
1207	0.345	0.35823	0.50227
1208	0.34502	0.35825	0.50229
1209	0.345	0.35825	0.50233
1210	0.34498	0.35825	0.50241
1211	0.34499	0.35829	0.50254
1212	0.34504	0.35836	0.5027
1213	0.34513	0.35846	0.50287
1214	0.34527	0.35861	0.50306
1215	0.34544	0.35878	0.50323
1216	0.34562	0.35895	0.50339
1217	0.3458	0.35914	0.50357
1218	0.34599	0.35932	0.50377
1219	0.34615	0.35948	0.50394
1220	0.34627	0.35961	0.50407
1221	0.3464	0.35974	0.50416
1222	0.34652	0.35985	0.50424
1223	0.3466	0.35995	0.50432
1224	0.34668	0.36006	0.50441
1225	0.34675	0.36017	0.50455
1226	0.34681	0.36025	0.50468
1227	0.34687	0.36033	0.5048
1228	0.34696	0.36046	0.5049
1229	0.34708	0.3606	0.50498
1230	0.34718	0.36074	0.50508
1231	0.34727	0.36086	0.50519
1232	0.34734	0.36096	0.50531
1233	0.3474	0.36102	0.50541
1234	0.34747	0.36108	0.50549
1235	0.34759	0.36117	0.50561
1236	0.34778	0.36129	0.50578
1237	0.34797	0.36144	0.506
1238	0.34814	0.36156	0.50626
1239	0.34826	0.36164	0.50654
1240	0.34833	0.36171	0.50679
1241	0.34839	0.36179	0.507
1242	0.34844	0.36188	0.50716
1243	0.34846	0.36192	0.50727
1244	0.34842	0.36193	0.50732
1245	0.34837	0.36194	0.50731
1246	0.3483	0.36192	0.50725
1247	0.34822	0.36188	0.50718
1248	0.34815	0.36185	0.50712
1249	0.34813	0.36186	0.50709
1250	0.34817	0.36192	0.50713
1251	0.34824	0.36201	0.50721
1252	0.34832	0.36211	0.50734
1253	0.34842	0.36224	0.50752
1254	0.34855	0.3624	0.50768
1255	0.34868	0.36254	0.50774
1256	0.34883	0.36267	0.50774
1257	0.34901	0.36279	0.50775
1258	0.34918	0.36291	0.50777
1259	0.34933	0.36303	0.50778
1260	0.34943	0.36311	0.5078
1261	0.34947	0.36314	0.50783
1262	0.34945	0.36314	0.50787
1263	0.34944	0.36313	0.50794
1264	0.34944	0.36313	0.50802
1265	0.34943	0.36314	0.5081
1266	0.34938	0.36314	0.50816
1267	0.34933	0.36314	0.50821
1268	0.34927	0.36314	0.50821
1269	0.3492	0.36311	0.5081
1270	0.34913	0.36307	0.508
1271	0.3491	0.36304	0.50793
1272	0.3491	0.36303	0.50785
1273	0.3491	0.36304	0.50775
1274	0.34908	0.36305	0.50771
1275	0.34902	0.36303	0.50771
1276	0.34896	0.36296	0.50767
1277	0.34893	0.36289	0.50761
1278	0.34892	0.36286	0.50757
1279	0.3489	0.36284	0.50751
1280	0.34883	0.36281	0.50745
1281	0.34873	0.36275	0.50739
1282	0.34858	0.36263	0.50729
1283	0.34841	0.36244	0.50716
1284	0.34826	0.36225	0.50703
1285	0.34815	0.36208	0.5069
1286	0.34806	0.36192	0.50677
1287	0.34796	0.36175	0.50667
1288	0.34784	0.36156	0.5066
1289	0.34772	0.36134	0.50647
1290	0.34759	0.36109	0.50626
1291	0.34744	0.36084	0.50606
1292	0.34731	0.36065	0.50589
1293	0.34716	0.36049	0.50574
1294	0.34698	0.36032	0.50561
1295	0.34679	0.36014	0.50547
1296	0.34659	0.35994	0.5053
1297	0.34638	0.3597	0.50512
1298	0.34619	0.35949	0.50496
1299	0.34604	0.35933	0.50479
1300	0.34587	0.35915	0.50457
1301	0.34567	0.35894	0.5043
1302	0.34544	0.35869	0.50398
1303	0.34519	0.35836	0.50361
1304	0.34487	0.35798	0.50321
1305	0.34453	0.35757	0.5028
1306	0.34418	0.35715	0.5024
1307	0.34383	0.35674	0.50197
1308	0.34345	0.35631	0.50151
1309	0.34306	0.35588	0.50106
1310	0.34266	0.35545	0.50063
1311	0.34227	0.355	0.50021
1312	0.34193	0.35458	0.49979
1313	0.34161	0.35418	0.49937
1314	0.34125	0.35374	0.49893
1315	0.34084	0.35325	0.49844
1316	0.34037	0.35271	0.4979
1317	0.33986	0.35211	0.49731
1318	0.33932	0.35149	0.49667
1319	0.33877	0.35085	0.49601
1320	0.33822	0.35024	0.49535
1321	0.33766	0.34962	0.49466
1322	0.33709	0.34901	0.49393
1323	0.33651	0.34842	0.49322
1324	0.33593	0.34785	0.49254
1325	0.33536	0.34728	0.49188
1326	0.3348	0.34669	0.49123
1327	0.33421	0.34606	0.49057
1328	0.33364	0.34544	0.48992
1329	0.33309	0.34481	0.48925
1330	0.33247	0.34414	0.48851
1331	0.3318	0.34342	0.48769
1332	0.3311	0.34269	0.4868
1333	0.33041	0.34196	0.48587
1334	0.32975	0.34124	0.48499
1335	0.32911	0.34052	0.48415
1336	0.32848	0.3398	0.48332
1337	0.32786	0.33909	0.48251
1338	0.32719	0.33834	0.48172
1339	0.32649	0.33755	0.48091
1340	0.3258	0.33675	0.4801
1341	0.32517	0.33598	0.47931
1342	0.32463	0.33526	0.47859
1343	0.32407	0.33458	0.47794
1344	0.32346	0.33389	0.47726
1345	0.32282	0.33324	0.47655
1346	0.32218	0.33261	0.47582
1347	0.32156	0.33198	0.47513
1348	0.32097	0.33134	0.47454
1349	0.32042	0.33072	0.47403
1350	0.31991	0.33013	0.47354
1351	0.31942	0.32958	0.47306
1352	0.31892	0.32901	0.47253
1353	0.31839	0.32839	0.47194
1354	0.31788	0.32775	0.47131
1355	0.31742	0.32714	0.47069
1356	0.31698	0.32656	0.47011
1357	0.31653	0.32603	0.46958
1358	0.31605	0.32552	0.46904
1359	0.31554	0.32499	0.46846
1360	0.315	0.32441	0.46787
1361	0.3144	0.32373	0.46723
1362	0.31376	0.32301	0.46654
1363	0.31308	0.32225	0.46579
1364	0.31234	0.32146	0.46494
1365	0.31155	0.32064	0.46399
1366	0.31066	0.3197	0.46293
1367	0.30969	0.31863	0.46172
1368	0.30869	0.31752	0.46036
1369	0.30768	0.31639	0.4589
1370	0.3066	0.31519	0.45739
1371	0.30541	0.31391	0.45583
1372	0.30411	0.31251	0.45422
1373	0.30271	0.31099	0.4525
1374	0.30125	0.30938	0.45062
1375	0.2997	0.30765	0.44858
1376	0.29807	0.30582	0.44643
1377	0.29634	0.30389	0.44414
1378	0.29449	0.30185	0.44173
1379	0.2925	0.29967	0.43916
1380	0.29036	0.29734	0.43639
1381	0.28807	0.29487	0.43333
1382	0.28565	0.29226	0.43007
1383	0.28303	0.28946	0.42659
1384	0.28023	0.28646	0.42291
1385	0.27724	0.28327	0.41899
1386	0.2741	0.27993	0.41483
1387	0.27086	0.27645	0.41039
1388	0.26753	0.27286	0.40572
1389	0.26403	0.26912	0.40087
1390	0.26042	0.26526	0.39591
1391	0.25669	0.26129	0.39082
1392	0.25288	0.25726	0.38562
1393	0.249	0.25318	0.38032
1394	0.24506	0.24907	0.37492
1395	0.24107	0.2449	0.36943
1396	0.23708	0.24071	0.36389
1397	0.2331	0.23649	0.35828
1398	0.22915	0.23229	0.35262
1399	0.22523	0.22813	0.34694
1400	0.22137	0.22407	0.34129
1401	0.21759	0.22012	0.33577
1402	0.21387	0.21627	0.33039
1403	0.21017	0.21248	0.32512
1404	0.20657	0.2088	0.32001
1405	0.2031	0.20523	0.31504
1406	0.19979	0.20183	0.31024
1407	0.19667	0.19862	0.30568
1408	0.19371	0.19558	0.3013
1409	0.19091	0.19267	0.29705
1410	0.18826	0.18988	0.29292
1411	0.18571	0.1872	0.28893
1412	0.18327	0.18467	0.28511
1413	0.18095	0.18227	0.28145
1414	0.17878	0.18003	0.27801
1415	0.17675	0.17795	0.27481
1416	0.17482	0.17599	0.2718
1417	0.17296	0.17409	0.26893
1418	0.17123	0.17231	0.26622
1419	0.16962	0.17063	0.26367
1420	0.16814	0.1691	0.26134
1421	0.1668	0.16771	0.25921
1422	0.16554	0.1664	0.25723
1423	0.16433	0.16514	0.25532
1424	0.16319	0.16396	0.25353
1425	0.16211	0.16284	0.25186
1426	0.16114	0.16183	0.25034
1427	0.16026	0.1609	0.2489
1428	0.15944	0.16004	0.24755
1429	0.15868	0.15924	0.2463
1430	0.15796	0.1585	0.24514
1431	0.15727	0.15779	0.24403
1432	0.15659	0.15712	0.24301
1433	0.15595	0.15651	0.2421
1434	0.15538	0.15597	0.2413
1435	0.15485	0.15548	0.24059
1436	0.15437	0.15504	0.23996
1437	0.1539	0.15463	0.23939
1438	0.15349	0.15426	0.23887
1439	0.15314	0.15394	0.2384
1440	0.15286	0.15368	0.23798
1441	0.15261	0.15344	0.23759
1442	0.1524	0.15322	0.23724
1443	0.15224	0.15303	0.23697
1444	0.15209	0.15284	0.23676
1445	0.15194	0.15265	0.23658
1446	0.15173	0.1524	0.23639
1447	0.15151	0.15212	0.23621
1448	0.15133	0.15187	0.23607
1449	0.15118	0.15166	0.23597
1450	0.15108	0.15151	0.23593
1451	0.15108	0.15159	0.2359
1452	0.15107	0.15155	0.23595
1453	0.15108	0.15153	0.23603
1454	0.15111	0.15154	0.23615
1455	0.15116	0.15157	0.23632
1456	0.15123	0.15163	0.23652
1457	0.15133	0.15172	0.23677
1458	0.15147	0.15184	0.23707
1459	0.15164	0.152	0.23743
1460	0.15185	0.15221	0.23785
1461	0.15209	0.15246	0.23833
1462	0.15236	0.15275	0.23887
1463	0.15268	0.15307	0.23945
1464	0.15303	0.15343	0.24008
1465	0.1534	0.15382	0.24076
1466	0.15381	0.15425	0.24149
1467	0.15423	0.15471	0.24228
1468	0.15469	0.1552	0.24312
1469	0.15517	0.15572	0.244
1470	0.15567	0.15625	0.24492
1471	0.15619	0.1568	0.24588
1472	0.15675	0.15739	0.2469
1473	0.15737	0.15803	0.24797
1474	0.15802	0.15871	0.24909
1475	0.15869	0.15942	0.25026
1476	0.1594	0.16015	0.25147
1477	0.16013	0.16092	0.25272
1478	0.16089	0.16169	0.25401
1479	0.16165	0.16248	0.25532
1480	0.16245	0.16329	0.25666
1481	0.16327	0.16412	0.25805
1482	0.1641	0.16496	0.25947
1483	0.16493	0.16582	0.26091
1484	0.16578	0.16669	0.26237
1485	0.16664	0.16758	0.26387
1486	0.16752	0.16848	0.26538
1487	0.16841	0.1694	0.26691
1488	0.16932	0.17034	0.26846
1489	0.17024	0.17129	0.27004
1490	0.17117	0.17226	0.27162
1491	0.17212	0.17325	0.27322
1492	0.17308	0.17426	0.27482
1493	0.17404	0.17526	0.27641
1494	0.175	0.17627	0.27802
1495	0.17597	0.17729	0.27964
1496	0.17695	0.17832	0.28127
1497	0.17793	0.17933	0.2829
1498	0.17892	0.18035	0.28453
1499	0.17991	0.18135	0.28615
1500	0.18089	0.18236	0.28775
1501	0.18186	0.18337	0.28934
1502	0.18282	0.18438	0.29092
1503	0.18378	0.18538	0.29251
1504	0.18476	0.1864	0.2941
1505	0.18576	0.18743	0.2957
1506	0.18676	0.18846	0.29728
1507	0.18777	0.18949	0.29887
1508	0.18877	0.19052	0.30044
1509	0.18976	0.19153	0.30197
1510	0.19074	0.19254	0.3035
1511	0.19173	0.19355	0.30502
1512	0.19273	0.19457	0.30656
1513	0.19373	0.19559	0.30808
1514	0.19472	0.19661	0.3096
1515	0.1957	0.19761	0.3111
1516	0.19667	0.1986	0.31258
1517	0.19762	0.19957	0.31405
1518	0.19857	0.20055	0.31552
1519	0.19952	0.20153	0.317
1520	0.20047	0.2025	0.31848
1521	0.20141	0.20347	0.31996
1522	0.20235	0.20443	0.32144
1523	0.20328	0.2054	0.3229
1524	0.2042	0.20636	0.32434
1525	0.20512	0.20733	0.32576
1526	0.20602	0.2083	0.32716
1527	0.20693	0.20926	0.32854
1528	0.20782	0.21019	0.32991
1529	0.20871	0.21112	0.33126
1530	0.2096	0.21204	0.33261
1531	0.21048	0.21295	0.33395
1532	0.21135	0.21384	0.33528
1533	0.21222	0.21474	0.3366
1534	0.21308	0.21563	0.3379
1535	0.21394	0.21651	0.33919
1536	0.21477	0.21738	0.34047
1537	0.21559	0.21824	0.34172
1538	0.21639	0.21909	0.34295
1539	0.2172	0.21995	0.34418
1540	0.21802	0.22081	0.3454
1541	0.21883	0.22165	0.34659
1542	0.21962	0.22248	0.34775
1543	0.22041	0.22329	0.34889
1544	0.22119	0.22411	0.35002
1545	0.22196	0.22493	0.35114
1546	0.22275	0.22575	0.35226
1547	0.22354	0.22658	0.35338
1548	0.22432	0.22741	0.35449
1549	0.22508	0.22822	0.35556
1550	0.22581	0.22901	0.3566
1551	0.22653	0.22977	0.35764
1552	0.22723	0.23052	0.35868
1553	0.22795	0.23129	0.35973
1554	0.22867	0.23206	0.3608
1555	0.22938	0.23282	0.36185
1556	0.23006	0.23355	0.36287
1557	0.23074	0.23427	0.36386
1558	0.2314	0.23498	0.36482
1559	0.23205	0.23568	0.36576
1560	0.2327	0.23637	0.36668
1561	0.23333	0.23705	0.36759
1562	0.23397	0.23773	0.36849
1563	0.23461	0.2384	0.3694
1564	0.23524	0.23906	0.3703
1565	0.23585	0.23972	0.37119
1566	0.23646	0.24037	0.37208
1567	0.23707	0.24102	0.37297
1568	0.23766	0.24166	0.37386
1569	0.23825	0.24228	0.37473
1570	0.23881	0.24289	0.37556
1571	0.23937	0.2435	0.37639
1572	0.23993	0.2441	0.3772
1573	0.24046	0.24471	0.378
1574	0.241	0.24531	0.37879
1575	0.24156	0.2459	0.37959
1576	0.24212	0.24649	0.38039
1577	0.24268	0.24708	0.38118
1578	0.24325	0.24768	0.38197
1579	0.24381	0.24828	0.38277
1580	0.24436	0.24887	0.38358
1581	0.24491	0.24945	0.38437
1582	0.24546	0.25003	0.38516
1583	0.24599	0.2506	0.38593
1584	0.24651	0.25118	0.38667
1585	0.247	0.25172	0.38741
1586	0.24749	0.25226	0.38814
1587	0.24801	0.2528	0.38889
1588	0.24854	0.25337	0.38964
1589	0.24907	0.25393	0.39037
1590	0.24955	0.25445	0.39107
1591	0.25002	0.25494	0.39172
1592	0.25048	0.25541	0.39235
1593	0.25093	0.25587	0.39298
1594	0.25138	0.25633	0.39362
1595	0.25184	0.25679	0.39427
1596	0.2523	0.25725	0.39493
1597	0.25275	0.25771	0.39558
1598	0.2532	0.25816	0.39623
1599	0.25365	0.25861	0.39689
1600	0.25409	0.25906	0.39756
1601	0.25453	0.25951	0.39821
1602	0.25496	0.25995	0.39886
1603	0.25538	0.26039	0.39949
1604	0.25579	0.26084	0.4001
1605	0.2562	0.26129	0.40069
1606	0.25661	0.26173	0.40128
1607	0.25701	0.26218	0.40187
1608	0.25741	0.26262	0.40245
1609	0.25783	0.26306	0.40304
1610	0.25825	0.2635	0.40364
1611	0.25868	0.26394	0.40424
1612	0.2591	0.26438	0.40483
1613	0.25951	0.26482	0.40539
1614	0.25991	0.26524	0.40594
1615	0.26029	0.26564	0.40649
1616	0.26066	0.26604	0.40703
1617	0.26102	0.26644	0.40755
1618	0.26138	0.26685	0.40805
1619	0.26174	0.26725	0.40853
1620	0.26208	0.26763	0.40898
1621	0.26243	0.26801	0.40943
1622	0.26277	0.26839	0.40989
1623	0.26312	0.26878	0.41033
1624	0.26344	0.26914	0.41073
1625	0.26373	0.26947	0.41112
1626	0.26403	0.26979	0.41152
1627	0.26433	0.2701	0.4119
1628	0.26462	0.27041	0.41228
1629	0.2649	0.2707	0.41268
1630	0.26518	0.27098	0.41307
1631	0.26546	0.27126	0.41345
1632	0.26574	0.27153	0.41381
1633	0.266	0.27179	0.41417
1634	0.26627	0.27205	0.41454
1635	0.26654	0.27229	0.41492
1636	0.26681	0.27253	0.41528
1637	0.26707	0.27278	0.41564
1638	0.26732	0.27302	0.416
1639	0.26757	0.27326	0.41634
1640	0.2678	0.27349	0.41668
1641	0.26803	0.27372	0.41703
1642	0.26826	0.27394	0.41737
1643	0.2685	0.27418	0.41772
1644	0.26875	0.27442	0.41808
1645	0.26897	0.27464	0.41842
1646	0.26916	0.27484	0.41875
1647	0.26936	0.27503	0.41906
1648	0.26956	0.27523	0.41937
1649	0.26975	0.27541	0.41965
1650	0.26994	0.27558	0.41992
1651	0.27012	0.27577	0.42019
1652	0.27029	0.27594	0.42044
1653	0.27044	0.2761	0.42066
1654	0.27057	0.27624	0.42087
1655	0.27067	0.27636	0.42106
1656	0.27077	0.27648	0.42123
1657	0.27087	0.27659	0.42141
1658	0.27096	0.2767	0.42156
1659	0.27102	0.27678	0.42167
1660	0.27106	0.27685	0.42176
1661	0.2711	0.27689	0.42185
1662	0.27113	0.27692	0.42192
1663	0.27113	0.27694	0.42197
1664	0.27113	0.27695	0.42202
1665	0.27113	0.27696	0.4221
1666	0.27113	0.27697	0.42219
1667	0.27113	0.27697	0.42226
1668	0.27111	0.27693	0.42232
1669	0.27108	0.27689	0.42237
1670	0.27103	0.27684	0.42241
1671	0.27098	0.27679	0.42244
1672	0.27092	0.27673	0.42248
1673	0.27084	0.27665	0.42251
1674	0.27075	0.27656	0.42253
1675	0.27065	0.27646	0.42254
1676	0.27055	0.27636	0.42256
1677	0.27046	0.27628	0.42257
1678	0.27036	0.27619	0.42258
1679	0.27027	0.27609	0.42256
1680	0.27016	0.27596	0.4225
1681	0.27003	0.2758	0.4224
1682	0.2699	0.27564	0.42229
1683	0.26978	0.27549	0.42219
1684	0.26965	0.27533	0.42208
1685	0.26951	0.27514	0.42194
1686	0.26935	0.27494	0.42178
1687	0.26915	0.2747	0.42159
1688	0.26893	0.27444	0.42138
1689	0.26872	0.27418	0.42117
1690	0.26851	0.27392	0.42096
1691	0.26828	0.27364	0.42072
1692	0.26806	0.27337	0.42047
1693	0.26785	0.27313	0.42023
1694	0.26763	0.27287	0.41996
1695	0.2674	0.27258	0.41967
1696	0.26718	0.2723	0.41939
1697	0.26699	0.27203	0.41913
1698	0.2668	0.27178	0.41888
1699	0.26659	0.27156	0.41863
1700	0.26637	0.27133	0.41841
1701	0.26615	0.27111	0.41819
1702	0.26593	0.27087	0.41794
1703	0.26569	0.27062	0.41764
1704	0.26545	0.27036	0.41735
1705	0.26521	0.2701	0.41709
1706	0.26499	0.26986	0.41684
1707	0.26477	0.26963	0.4166
1708	0.26455	0.26941	0.41635
1709	0.26433	0.26918	0.41608
1710	0.26412	0.26896	0.41582
1711	0.2639	0.26874	0.41557
1712	0.26368	0.26851	0.41529
1713	0.26345	0.26829	0.41497
1714	0.26319	0.26804	0.41465
1715	0.2629	0.26777	0.4143
1716	0.2626	0.26747	0.41394
1717	0.26229	0.26715	0.41356
1718	0.26196	0.26682	0.4132
1719	0.26161	0.26649	0.41282
1720	0.26125	0.26612	0.41239
1721	0.26088	0.26573	0.41191
1722	0.2605	0.26532	0.41144
1723	0.26013	0.2649	0.41098
1724	0.25976	0.2645	0.41056
1725	0.25938	0.2641	0.41015
1726	0.25898	0.26368	0.40971
1727	0.25859	0.26326	0.40925
1728	0.25825	0.26287	0.40882
1729	0.25794	0.2625	0.40842
1730	0.25764	0.26211	0.408
1731	0.25736	0.26174	0.4076
1732	0.25709	0.26139	0.4072
1733	0.25681	0.26107	0.40682
1734	0.25652	0.26074	0.40647
1735	0.25622	0.26041	0.40611
1736	0.25592	0.26009	0.40574
1737	0.25564	0.25978	0.40537
1738	0.25536	0.25948	0.40499
1739	0.2551	0.25918	0.40463
1740	0.25485	0.25889	0.40433
1741	0.2546	0.25861	0.40403
1742	0.25435	0.25834	0.4037
1743	0.2541	0.25808	0.40335
1744	0.25385	0.2578	0.40298
1745	0.25358	0.25751	0.40259
1746	0.25328	0.2572	0.40219
1747	0.25295	0.25689	0.40176
1748	0.25261	0.25657	0.40132
1749	0.25223	0.2562	0.40087
1750	0.25181	0.25579	0.40042
1751	0.25139	0.25537	0.39996
1752	0.25098	0.25492	0.39947
1753	0.25056	0.25448	0.39896
1754	0.25013	0.25403	0.39844
1755	0.24968	0.25356	0.3979
1756	0.24921	0.25306	0.39734
1757	0.24877	0.25259	0.3968
1758	0.24835	0.25213	0.3963
1759	0.24791	0.25167	0.39579
1760	0.24746	0.25121	0.39525
1761	0.24702	0.25076	0.39472
1762	0.2466	0.25032	0.39419
1763	0.2462	0.24988	0.39368
1764	0.24583	0.24946	0.39319
1765	0.24551	0.2491	0.39273
1766	0.24522	0.24877	0.39227
1767	0.24489	0.24842	0.39176
1768	0.24456	0.24806	0.39123
1769	0.24423	0.24772	0.39075
1770	0.24392	0.24739	0.39029
1771	0.24361	0.24708	0.38983
1772	0.24333	0.2468	0.38939
1773	0.24307	0.24654	0.38901
1774	0.24283	0.2463	0.38866
1775	0.24261	0.24607	0.38831
1776	0.24241	0.24585	0.38794
1777	0.2422	0.24564	0.38754
1778	0.24202	0.24546	0.38715
1779	0.24189	0.24532	0.38681
1780	0.24175	0.24517	0.38646
1781	0.24158	0.24501	0.38611
1782	0.2414	0.24484	0.38578
1783	0.24124	0.24468	0.3855
1784	0.24108	0.24452	0.38524
1785	0.24084	0.2443	0.38505
1786	0.24073	0.24418	0.38488
1787	0.24073	0.24415	0.38473
1788	0.24066	0.24404	0.38458
1789	0.24053	0.24389	0.38442
1790	0.2404	0.24376	0.38431
1791	0.24031	0.2437	0.38423
1792	0.24028	0.24367	0.3842
1793	0.24032	0.24368	0.38423
1794	0.24037	0.2437	0.38433
1795	0.24037	0.2437	0.38446
1796	0.24036	0.24369	0.38463
1797	0.24038	0.24367	0.38473
1798	0.24043	0.24363	0.38476
1799	0.24048	0.24362	0.38487
1800	0.24055	0.24369	0.3851
1801	0.24064	0.2438	0.38535
1802	0.24071	0.24387	0.38553
1803	0.24077	0.24391	0.38567
1804	0.24093	0.24403	0.38587
1805	0.24116	0.24423	0.38613
1806	0.24143	0.24449	0.38641
1807	0.24171	0.24479	0.38672
1808	0.24193	0.24502	0.38704
1809	0.24207	0.24516	0.38732
1810	0.24216	0.24525	0.38755
1811	0.24222	0.24532	0.38774
1812	0.24228	0.24541	0.38794
1813	0.24233	0.24553	0.38814
1814	0.24238	0.24567	0.38836
1815	0.2424	0.24576	0.38853
1816	0.24239	0.2458	0.38865
1817	0.24243	0.24588	0.38877
1818	0.24255	0.24602	0.38893
1819	0.24268	0.24615	0.38911
1820	0.24278	0.24621	0.38931
1821	0.24283	0.24622	0.38951
1822	0.24298	0.24628	0.38957
1823	0.24302	0.24625	0.38954
1824	0.24302	0.24613	0.38958
1825	0.24309	0.24608	0.38969
1826	0.24318	0.24612	0.38983
1827	0.24323	0.24616	0.38995
1828	0.24327	0.24617	0.39007
1829	0.24332	0.24615	0.3902
1830	0.24331	0.24608	0.39026
1831	0.24316	0.24589	0.39007
1832	0.24294	0.24565	0.3897
1833	0.24278	0.24542	0.38933
1834	0.24264	0.24521	0.38906
1835	0.24249	0.24503	0.38891
1836	0.24235	0.24484	0.38871
1837	0.24222	0.24464	0.38836
1838	0.24213	0.24447	0.38789
1839	0.24201	0.24432	0.38741
1840	0.24177	0.2441	0.38697
1841	0.24137	0.24376	0.38649
1842	0.24084	0.24333	0.38592
1843	0.24019	0.24275	0.38522
1844	0.23938	0.242	0.38436
1845	0.23849	0.24119	0.38336
1846	0.23758	0.24041	0.38237
1847	0.23668	0.23965	0.38143
1848	0.23572	0.23882	0.3804
1849	0.23466	0.23783	0.37916
1850	0.23352	0.23672	0.37775
1851	0.23239	0.23558	0.37628
1852	0.23127	0.23444	0.37475
1853	0.23013	0.23322	0.37314
1854	0.22888	0.23185	0.37143
1855	0.2275	0.23031	0.36953
1856	0.22599	0.22865	0.36741
1857	0.22439	0.22691	0.36507
1858	0.22271	0.22508	0.36258
1859	0.22096	0.22319	0.36001
1860	0.21916	0.22123	0.35734
1861	0.21725	0.21916	0.35442
1862	0.21513	0.21698	0.35119
1863	0.21288	0.21464	0.34768
1864	0.21053	0.21215	0.3439
1865	0.20803	0.2095	0.33979
1866	0.20533	0.20664	0.3353
1867	0.20247	0.20361	0.33048
1868	0.19955	0.20047	0.32553
1869	0.19659	0.19726	0.32054
1870	0.19346	0.19393	0.3153
1871	0.19011	0.19039	0.30964
1872	0.18657	0.18668	0.30359
1873	0.18284	0.18281	0.29718
1874	0.17891	0.17875	0.29048
1875	0.17482	0.17453	0.28359
1876	0.17064	0.17018	0.27653
1877	0.16642	0.1658	0.2692
1878	0.16217	0.16142	0.2616
1879	0.15786	0.15701	0.25381
1880	0.15353	0.15259	0.24589
1881	0.14922	0.14818	0.23791
1882	0.14492	0.14377	0.22994
1883	0.14061	0.13934	0.22188
1884	0.13631	0.13493	0.2137
1885	0.13205	0.13061	0.20548
1886	0.12794	0.12648	0.19742
1887	0.12402	0.12256	0.18955
1888	0.12018	0.11869	0.18174
1889	0.11638	0.11483	0.17394
1890	0.11266	0.11108	0.16622
1891	0.10914	0.10759	0.15871
1892	0.1058	0.10433	0.15147
1893	0.10265	0.10126	0.14455
1894	0.09971	0.09839	0.13792
1895	0.096898	0.095634	0.13143
1896	0.094192	0.092979	0.12506
1897	0.091617	0.090466	0.11893
1898	0.08923	0.088144	0.11317
1899	0.087051	0.086	0.10777
1900	0.085047	0.084018	0.1027
1901	0.083202	0.082188	0.097945
1902	0.081471	0.080488	0.09345
1903	0.079855	0.078929	0.089253
1904	0.078405	0.077517	0.085427
1905	0.077108	0.076224	0.081925
1906	0.07591	0.075015	0.078585
1907	0.074777	0.073876	0.075366
1908	0.073746	0.072836	0.07242
1909	0.072805	0.071853	0.069755
1910	0.072003	0.070984	0.067391
1911	0.071402	0.070312	0.065392
1912	0.070929	0.069791	0.063667
1913	0.070437	0.069313	0.062027
1914	0.069947	0.068866	0.060494
1915	0.069492	0.068385	0.05907
1916	0.069072	0.067867	0.057755
1917	0.068734	0.067434	0.056672
1918	0.068491	0.067132	0.055854
1919	0.068305	0.066921	0.055206
1920	0.068082	0.066701	0.054584
1921	0.067854	0.06647	0.054013
1922	0.06767	0.066277	0.053535
1923	0.067497	0.066105	0.053117
1924	0.067284	0.065899	0.052666
1925	0.06706	0.065692	0.052221
1926	0.066932	0.065581	0.051904
1927	0.066902	0.065564	0.051714
1928	0.066857	0.065515	0.05155
1929	0.066764	0.065416	0.051391
1930	0.066655	0.065316	0.051256
1931	0.066574	0.065238	0.051172
1932	0.066587	0.065244	0.051245
1933	0.06664	0.06531	0.051433
1934	0.066698	0.065407	0.051682
1935	0.066773	0.065499	0.051982
1936	0.066874	0.065601	0.052335
1937	0.066959	0.065735	0.05273
1938	0.067006	0.06589	0.053141
1939	0.067137	0.066085	0.053659
1940	0.067422	0.066336	0.054317
1941	0.06774	0.066636	0.05503
1942	0.068001	0.066969	0.055737
1943	0.068241	0.067304	0.05648
1944	0.068503	0.067622	0.057302
1945	0.068793	0.067948	0.058208
1946	0.069178	0.068354	0.05924
1947	0.069639	0.068813	0.060361
1948	0.070002	0.069159	0.061367
1949	0.07022	0.069363	0.062214
1950	0.070465	0.069578	0.063134
1951	0.070795	0.06984	0.064179
1952	0.071161	0.07014	0.065287
1953	0.071477	0.070427	0.066348
1954	0.071722	0.070654	0.067313
1955	0.071973	0.070836	0.068228
1956	0.072244	0.071006	0.069122
1957	0.072527	0.071246	0.070043
1958	0.072821	0.071555	0.07099
1959	0.07309	0.071851	0.071906
1960	0.07334	0.072123	0.072768
1961	0.07361	0.072395	0.073652
1962	0.073902	0.072658	0.074571
1963	0.074189	0.072923	0.075511
1964	0.074487	0.073231	0.076503
1965	0.074815	0.073598	0.077573
1966	0.075142	0.074017	0.078709
1967	0.075455	0.074451	0.079872
1968	0.075787	0.074844	0.081005
1969	0.076122	0.075194	0.082101
1970	0.076438	0.075529	0.083182
1971	0.076747	0.075856	0.08427
1972	0.077072	0.076222	0.085408
1973	0.077409	0.076645	0.086611
1974	0.077777	0.077094	0.08785
1975	0.078222	0.077561	0.089134
1976	0.078724	0.078076	0.090499
1977	0.079235	0.078687	0.091973
1978	0.079747	0.079354	0.093521
1979	0.080261	0.079926	0.095069
1980	0.080785	0.080425	0.096624
1981	0.081371	0.081007	0.098243
1982	0.082008	0.081662	0.099904
1983	0.08255	0.082195	0.10149
1984	0.08297	0.082577	0.10297
1985	0.083358	0.082948	0.10443
1986	0.083766	0.083367	0.10588
1987	0.084205	0.083782	0.1073
1988	0.08471	0.084205	0.10873
1989	0.085257	0.084672	0.11019
1990	0.085749	0.08513	0.11165
1991	0.086225	0.085584	0.11313
1992	0.086743	0.086044	0.11462
1993	0.08728	0.086523	0.11613
1994	0.087763	0.086949	0.11761
1995	0.088183	0.087267	0.11902
1996	0.088637	0.087621	0.12041
1997	0.089167	0.088108	0.12184
1998	0.089731	0.08867	0.12329
1999	0.09031	0.089233	0.12473
2000	0.090947	0.089849	0.12622
2001	0.091716	0.090633	0.12785
2002	0.092553	0.091514	0.12953
2003	0.093307	0.092256	0.13108
2004	0.094016	0.092889	0.13256
2005	0.094665	0.093517	0.13408
2006	0.095239	0.094153	0.13562
2007	0.095896	0.09488	0.13722
2008	0.096662	0.09571	0.13893
2009	0.09745	0.096557	0.14072
2010	0.098229	0.097381	0.14252
2011	0.098973	0.09817	0.14428
2012	0.099648	0.098954	0.14596
2013	0.10034	0.099801	0.14765
2014	0.10117	0.10073	0.14944
2015	0.10206	0.10162	0.15123
2016	0.10276	0.1024	0.15285
2017	0.10333	0.10313	0.15435
2018	0.10392	0.10382	0.15586
2019	0.10453	0.10444	0.15736
2020	0.10513	0.10503	0.15875
2021	0.10568	0.10561	0.15999
2022	0.10626	0.1062	0.16125
2023	0.107	0.10687	0.16269
2024	0.10783	0.10761	0.16421
2025	0.10852	0.10825	0.16558
2026	0.109	0.10868	0.16675
2027	0.10944	0.10898	0.16782
2028	0.10995	0.10929	0.16888
2029	0.11042	0.10964	0.1699
2030	0.11078	0.10996	0.17083
2031	0.11108	0.11025	0.17172
2032	0.11141	0.11062	0.17261
2033	0.11182	0.11105	0.17349
2034	0.11224	0.11141	0.17438
2035	0.11269	0.11171	0.17536
2036	0.11325	0.11205	0.17646
2037	0.11387	0.11245	0.17763
2038	0.11433	0.11279	0.17873
2039	0.11462	0.11303	0.17976
2040	0.11506	0.11341	0.18091
2041	0.11567	0.11395	0.18218
2042	0.11622	0.11451	0.1834
2043	0.11673	0.11506	0.18456
2044	0.1173	0.11562	0.18578
2045	0.11794	0.1162	0.18706
2046	0.11857	0.11679	0.18829
2047	0.11911	0.11742	0.18944
2048	0.11972	0.11822	0.19072
2049	0.12053	0.11918	0.19222
2050	0.1214	0.12012	0.19374
2051	0.12203	0.12082	0.19495
2052	0.12245	0.12132	0.19597
2053	0.12308	0.12197	0.19721
2054	0.12393	0.12282	0.19863
2055	0.12469	0.12361	0.19979
2056	0.1253	0.12428	0.20068
2057	0.12581	0.12489	0.20159
2058	0.1263	0.12552	0.20265
2059	0.12683	0.12625	0.20375
2060	0.12735	0.12698	0.20478
2061	0.12771	0.12749	0.20563
2062	0.12789	0.12778	0.20634
2063	0.12813	0.12809	0.2071
2064	0.12861	0.12857	0.20808
2065	0.12913	0.12909	0.20917
2066	0.12951	0.12951	0.2102
2067	0.12984	0.12983	0.21119
2068	0.13028	0.13012	0.2122
2069	0.13076	0.13038	0.21323
2070	0.13117	0.13059	0.21427
2071	0.13159	0.1308	0.21535
2072	0.13217	0.13112	0.21655
2073	0.13283	0.13159	0.21783
2074	0.13341	0.1321	0.21902
2075	0.13397	0.13253	0.2201
2076	0.13465	0.13295	0.2213
2077	0.13535	0.13341	0.22264
2078	0.13592	0.13386	0.22396
2079	0.13646	0.13431	0.22521
2080	0.13704	0.13475	0.2265
2081	0.13762	0.13525	0.22782
2082	0.13818	0.13582	0.22911
2083	0.13884	0.13638	0.23027
2084	0.13958	0.13688	0.23135
2085	0.14014	0.13716	0.23232
2086	0.14048	0.13728	0.23315
2087	0.14087	0.13754	0.23406
2088	0.14141	0.13798	0.23516
2089	0.14189	0.13847	0.23621
2090	0.14214	0.13892	0.23699
2091	0.14234	0.13937	0.23761
2092	0.14271	0.1399	0.23844
2093	0.14318	0.14051	0.23945
2094	0.14362	0.14115	0.24044
2095	0.14399	0.14174	0.2413
2096	0.14426	0.14215	0.24202
2097	0.14449	0.14245	0.24269
2098	0.14482	0.14283	0.24342
2099	0.14533	0.1434	0.24431
2100	0.14592	0.14415	0.24532
2101	0.14641	0.14493	0.24629
2102	0.14676	0.14552	0.2471
2103	0.14709	0.14593	0.24783
2104	0.14749	0.14639	0.24866
2105	0.14797	0.14701	0.24959
2106	0.14851	0.14786	0.2506
2107	0.14915	0.1488	0.25172
2108	0.14987	0.14964	0.25287
2109	0.15057	0.15041	0.25393
2110	0.15114	0.15121	0.25499
2111	0.15174	0.15205	0.25623
2112	0.15247	0.15294	0.25762
2113	0.1531	0.15369	0.25884
2114	0.15346	0.15415	0.25984
2115	0.15372	0.15441	0.26081
2116	0.1541	0.15469	0.26177
2117	0.15472	0.15513	0.26274
2118	0.15545	0.15559	0.26372
2119	0.15602	0.15583	0.2647
2120	0.15633	0.15597	0.26571
2121	0.15661	0.15615	0.26664
2122	0.15708	0.15649	0.26753
2123	0.15761	0.1569	0.26847
2124	0.15802	0.15723	0.26934
2125	0.15833	0.15752	0.26999
2126	0.15879	0.15794	0.27057
2127	0.15946	0.15844	0.27132
2128	0.16011	0.15884	0.27223
2129	0.16052	0.1591	0.27301
2130	0.16062	0.15923	0.27348
2131	0.16055	0.15926	0.27379
2132	0.16047	0.15911	0.27404
2133	0.16048	0.15894	0.27433
2134	0.16069	0.15901	0.27479
2135	0.161	0.15926	0.27537
2136	0.16124	0.15959	0.27593
2137	0.16138	0.15983	0.27638
2138	0.1616	0.16007	0.27684
2139	0.16199	0.16048	0.27746
2140	0.16238	0.16102	0.27824
2141	0.16273	0.16161	0.27906
2142	0.16324	0.16244	0.27999
2143	0.1639	0.16331	0.28098
2144	0.16437	0.16381	0.28169
2145	0.16455	0.16409	0.28215
2146	0.16465	0.16434	0.2827
2147	0.16477	0.16453	0.2833
2148	0.16486	0.16463	0.28381
2149	0.16485	0.16463	0.28437
2150	0.16476	0.16453	0.28501
2151	0.16472	0.16452	0.28561
2152	0.16483	0.16469	0.28614
2153	0.16508	0.16499	0.2867
2154	0.16523	0.16515	0.28725
2155	0.16523	0.16519	0.28776
2156	0.16536	0.16534	0.28821
2157	0.16567	0.16567	0.28865
2158	0.1659	0.16599	0.28912
2159	0.16594	0.16619	0.28959
2160	0.16602	0.16645	0.29002
2161	0.16628	0.16689	0.29042
2162	0.16652	0.16731	0.29079
2163	0.16653	0.16741	0.29109
2164	0.16632	0.16727	0.29128
2165	0.16606	0.16715	0.29129
2166	0.16583	0.16699	0.29125
2167	0.16572	0.16669	0.29138
2168	0.16573	0.16639	0.29161
2169	0.16579	0.16628	0.29187
2170	0.16586	0.16632	0.29205
2171	0.16596	0.16636	0.29218
2172	0.16615	0.16652	0.29252
2173	0.16645	0.16682	0.29306
2174	0.16674	0.16708	0.29344
2175	0.16695	0.1672	0.29359
2176	0.16715	0.16729	0.2938
2177	0.1675	0.16754	0.29419
2178	0.16802	0.16797	0.29456
2179	0.16839	0.16818	0.29468
2180	0.16837	0.168	0.29457
2181	0.16823	0.16788	0.29463
2182	0.16827	0.168	0.295
2183	0.16836	0.16811	0.29538
2184	0.16838	0.16815	0.29573
2185	0.16842	0.16823	0.2962
2186	0.16854	0.16839	0.29658
2187	0.16877	0.16858	0.29671
2188	0.16903	0.16876	0.29683
2189	0.16921	0.1689	0.29709
2190	0.1693	0.16904	0.29745
2191	0.16946	0.16927	0.29785
2192	0.16966	0.16956	0.29818
2193	0.16976	0.16983	0.29837
2194	0.16971	0.17	0.2985
2195	0.16973	0.17016	0.29866
2196	0.16994	0.17048	0.29887
2197	0.17019	0.17074	0.29899
2198	0.17024	0.17071	0.299
2199	0.17024	0.17064	0.29917
2200	0.17041	0.17082	0.2996
2201	0.17061	0.17098	0.30006
2202	0.1707	0.17095	0.30053
2203	0.1708	0.17097	0.30102
2204	0.17091	0.17109	0.30141
2205	0.17085	0.17105	0.30166
2206	0.17065	0.17081	0.30183
2207	0.17053	0.17067	0.30217
2208	0.17056	0.17082	0.30272
2209	0.17057	0.17092	0.30302
2210	0.17047	0.17068	0.30302
2211	0.17038	0.17037	0.30317
2212	0.17029	0.17028	0.30362
2213	0.17017	0.17037	0.30405
2214	0.17008	0.17051	0.30428
2215	0.16993	0.17055	0.30443
2216	0.16959	0.17045	0.30465
2217	0.16923	0.17032	0.30502
2218	0.16908	0.17025	0.30542
2219	0.16906	0.17021	0.30577
2220	0.16902	0.17023	0.30605
2221	0.169	0.17035	0.30629
2222	0.16902	0.17042	0.30657
2223	0.16894	0.17029	0.30685
2224	0.16872	0.17015	0.30699
2225	0.16847	0.17013	0.30693
2226	0.1684	0.17007	0.30683
2227	0.16847	0.16991	0.30683
2228	0.16854	0.16987	0.30684
2229	0.1686	0.17	0.30681
2230	0.16865	0.17002	0.30679
2231	0.16873	0.16987	0.30685
2232	0.16878	0.1697	0.3069
2233	0.16873	0.16949	0.30677
2234	0.16857	0.16918	0.30664
2235	0.16833	0.16886	0.30652
2236	0.16797	0.16847	0.30617
2237	0.16752	0.16791	0.30576
2238	0.16714	0.16739	0.30555
2239	0.16684	0.16698	0.30532
2240	0.1664	0.16642	0.30492
2241	0.16583	0.16567	0.30447
2242	0.1654	0.16503	0.30406
2243	0.16525	0.16476	0.3037
2244	0.16514	0.16461	0.30324
2245	0.16467	0.16411	0.30248
2246	0.16397	0.16347	0.30159
2247	0.16343	0.16321	0.30081
2248	0.16307	0.16326	0.30013
2249	0.16277	0.16319	0.29942
2250	0.16246	0.16288	0.29861
2251	0.16219	0.16252	0.29787
2252	0.16198	0.16223	0.29726
2253	0.16174	0.16195	0.2967
2254	0.16146	0.16156	0.29616
2255	0.16111	0.16121	0.29552
2256	0.1608	0.16113	0.29475
2257	0.1606	0.16116	0.29415
2258	0.16039	0.16103	0.29376
2259	0.16013	0.16074	0.29307
2260	0.15984	0.16034	0.29181
2261	0.15964	0.15995	0.2907
2262	0.1596	0.15964	0.2902
2263	0.15941	0.15926	0.28966
2264	0.1589	0.15878	0.28875
2265	0.15829	0.15831	0.28795
2266	0.15785	0.15788	0.2875
2267	0.15744	0.1574	0.28701
2268	0.15682	0.15669	0.2861
2269	0.15606	0.1558	0.28496
2270	0.15537	0.15497	0.28404
2271	0.1547	0.15429	0.28334
2272	0.154	0.15358	0.28262
2273	0.15337	0.15276	0.28195
2274	0.15282	0.15198	0.28132
2275	0.15216	0.15123	0.28065
2276	0.15138	0.15042	0.28
2277	0.15078	0.14971	0.27934
2278	0.15038	0.14932	0.27863
2279	0.14986	0.14912	0.27786
2280	0.14907	0.14869	0.27705
2281	0.14824	0.14808	0.27619
2282	0.14752	0.14761	0.27528
2283	0.14687	0.14727	0.27445
2284	0.14629	0.14679	0.27387
2285	0.14578	0.14621	0.27336
2286	0.14545	0.14564	0.2727
2287	0.14528	0.14507	0.27192
2288	0.14511	0.14452	0.27125
2289	0.14491	0.14413	0.27089
2290	0.14483	0.14396	0.27064
2291	0.14484	0.14394	0.27012
2292	0.14497	0.14397	0.26972
2293	0.14511	0.14398	0.26962
2294	0.14514	0.14382	0.26939
2295	0.14507	0.14338	0.26882
2296	0.14478	0.14264	0.26815
2297	0.14472	0.14231	0.26793
2298	0.14492	0.14244	0.26793
2299	0.14465	0.14209	0.26733
2300	0.14408	0.14144	0.26652
2301	0.14361	0.14096	0.2659
2302	0.14319	0.14051	0.26518
2303	0.14255	0.13975	0.26401
2304	0.14157	0.13881	0.26235
2305	0.14048	0.13808	0.26078
2306	0.13954	0.13757	0.25972
2307	0.13883	0.13717	0.25897
2308	0.13823	0.13679	0.25813
2309	0.13762	0.13632	0.25737
2310	0.13687	0.13584	0.25676
2311	0.13594	0.13555	0.25595
2312	0.1352	0.13561	0.25518
2313	0.13491	0.13598	0.25493
2314	0.13456	0.13624	0.25488
2315	0.13382	0.13601	0.2544
2316	0.1331	0.13556	0.25362
2317	0.13246	0.13521	0.25295
2318	0.13162	0.13477	0.25222
2319	0.13075	0.13404	0.25122
2320	0.13019	0.13325	0.25018
2321	0.12976	0.13269	0.24913
2322	0.12923	0.13213	0.24783
2323	0.12875	0.13141	0.24647
2324	0.12843	0.13087	0.24552
2325	0.12809	0.13058	0.24472
2326	0.12761	0.13023	0.24358
2327	0.12709	0.12965	0.24226
2328	0.12666	0.12902	0.24106
2329	0.12607	0.12844	0.23971
2330	0.12538	0.12774	0.23823
2331	0.12496	0.12695	0.23696
2332	0.12489	0.12638	0.2361
2333	0.12519	0.1263	0.23564
2334	0.12531	0.12614	0.23502
2335	0.12484	0.12541	0.23401
2336	0.12427	0.12473	0.23309
2337	0.12378	0.12435	0.23205
2338	0.12333	0.12407	0.23071
2339	0.12273	0.12376	0.2294
2340	0.12217	0.12352	0.22854
2341	0.12204	0.12333	0.22819
2342	0.12213	0.12317	0.22829
2343	0.12208	0.12314	0.22868
2344	0.12174	0.12295	0.22885
2345	0.1216	0.12277	0.22906
2346	0.12172	0.12299	0.22944
2347	0.1218	0.12337	0.22969
2348	0.12193	0.12362	0.23004
2349	0.12214	0.12372	0.23057
2350	0.12214	0.12351	0.23061
2351	0.12192	0.12288	0.22986
2352	0.12188	0.122	0.22921
2353	0.12213	0.12129	0.22889
2354	0.12239	0.12096	0.22822
2355	0.12248	0.12075	0.22716
2356	0.1228	0.12057	0.22666
2357	0.12326	0.12047	0.2266
2358	0.12329	0.12006	0.22567
2359	0.12296	0.11937	0.22403
2360	0.12239	0.1188	0.22239
2361	0.12147	0.11816	0.22064
2362	0.12024	0.1173	0.2188
2363	0.11911	0.11661	0.21703
2364	0.11801	0.116	0.21497
2365	0.11656	0.11541	0.21294
2366	0.1152	0.11499	0.2114
2367	0.11457	0.11446	0.21013
2368	0.11436	0.11366	0.20929
2369	0.11363	0.11289	0.20859
2370	0.11239	0.11251	0.20737
2371	0.11118	0.1122	0.20581
2372	0.1099	0.11128	0.20416
2373	0.10828	0.11017	0.2024
2374	0.1063	0.10965	0.20112
2375	0.10455	0.10923	0.20079
2376	0.10368	0.10835	0.20096
2377	0.10306	0.10744	0.20076
2378	0.10181	0.10681	0.19981
2379	0.10038	0.10615	0.19876
2380	0.099558	0.10538	0.19844
2381	0.099178	0.10472	0.19829
2382	0.098898	0.10455	0.19741
2383	0.098807	0.10474	0.19612
2384	0.098375	0.10435	0.19477
2385	0.097789	0.1032	0.19339
2386	0.097894	0.10171	0.19169
2387	0.098427	0.10018	0.19004
2388	0.098644	0.09905	0.18927
2389	0.098683	0.098653	0.18869
2390	0.098864	0.098503	0.18748
2391	0.098925	0.097908	0.18616
2392	0.098604	0.097079	0.18543
2393	0.097548	0.096159	0.18445
2394	0.096231	0.09511	0.18269
2395	0.095458	0.094293	0.18127
2396	0.09519	0.094012	0.18058
2397	0.094845	0.094191	0.17994
2398	0.093538	0.094252	0.17885
2399	0.09173	0.093723	0.17727
2400	0.089866	0.092187	0.17485
2401	0.087944	0.09042	0.17218
2402	0.086454	0.089478	0.17025
2403	0.085581	0.08905	0.1689
2404	0.085076	0.088921	0.16762
2405	0.084234	0.089011	0.16588
2406	0.083507	0.089539	0.1648
2407	0.083228	0.090205	0.16477
2408	0.082282	0.089918	0.16401
2409	0.080778	0.089331	0.16228
2410	0.080003	0.089511	0.16113
2411	0.080405	0.089935	0.16066
2412	0.081145	0.089941	0.15987
2413	0.081376	0.089917	0.15842
2414	0.080573	0.089164	0.15605
2415	0.079297	0.087459	0.15363
2416	0.078795	0.086424	0.15215
2417	0.078944	0.08647	0.15082
2418	0.078871	0.086336	0.14923
2419	0.078158	0.084908	0.14733
2420	0.077044	0.082576	0.14526
2421	0.076512	0.080848	0.14379
2422	0.077012	0.080478	0.14329
2423	0.077212	0.080172	0.14289
2424	0.075909	0.077878	0.14078
2425	0.07448	0.074947	0.13768
2426	0.074267	0.073865	0.13631
2427	0.074538	0.074078	0.13657
2428	0.074024	0.072994	0.13606
2429	0.073394	0.071048	0.1347
2430	0.073509	0.070355	0.1338
2431	0.073733	0.07058	0.13323
2432	0.07334	0.070238	0.13185
2433	0.071936	0.06903	0.12936
2434	0.070152	0.067832	0.12709
2435	0.069575	0.067119	0.12558
2436	0.06982	0.066151	0.12423
2437	0.069631	0.065596	0.12319
2438	0.068877	0.065956	0.12206
2439	0.068873	0.066508	0.12085
2440	0.070753	0.067662	0.12114
2441	0.072583	0.06883	0.12225
2442	0.073126	0.068754	0.12296
2443	0.073259	0.067993	0.12253
2444	0.073532	0.067827	0.12139
2445	0.074325	0.068222	0.1213
2446	0.075863	0.068281	0.12258
2447	0.077332	0.068061	0.12331
2448	0.077779	0.068126	0.12192
2449	0.077061	0.067805	0.11887
2450	0.075447	0.066614	0.11577
2451	0.074694	0.066319	0.11399
2452	0.0768	0.069143	0.11454
2453	0.078905	0.072441	0.11556
2454	0.077799	0.072554	0.11434
2455	0.075858	0.071697	0.11192
2456	0.074965	0.072034	0.10981
2457	0.073863	0.0721	0.10741
2458	0.071715	0.070756	0.10359
2459	0.068983	0.068171	0.099384
2460	0.066426	0.06564	0.096111
2461	0.064668	0.06457	0.094104
2462	0.063895	0.064104	0.092787
2463	0.06344	0.062885	0.091198
2464	0.062448	0.061318	0.089627
2465	0.06044	0.059442	0.087823
2466	0.058109	0.057115	0.085003
2467	0.057428	0.05572	0.083418
2468	0.058807	0.055864	0.084981
2469	0.059872	0.056128	0.086391
2470	0.0608	0.056593	0.086757
2471	0.061985	0.05659	0.085706
2472	0.062716	0.055767	0.083248
2473	0.062715	0.055979	0.081275
2474	0.062566	0.057097	0.080081
2475	0.064664	0.058679	0.080946
2476	0.068635	0.060841	0.084097
2477	0.071277	0.061847	0.088402
2478	0.071643	0.060971	0.092687
2479	0.070943	0.059065	0.093488
2480	0.070556	0.057523	0.092082
