*Name: Ash bot
Type: Leaf Spectrum

Origin: Remote Sensing Laboratories, University of Zurich

Description: abaxial reflectance, adaxial reflectance, and adaxial transmittance

Measurement: Hemispherical Conical Reflectance Factor HCRF measured by ASD Integrating Sphere

Wavelength [nm]	abaxial Reflectance [0 1]	adaxial Reflectance [0 1]	adaxial Transmittance [0 1]
370	0.0089543	0.0097672	0.0050946
371	0.012318	0.013366	0.00742
372	0.015131	0.016447	0.0085433
373	0.018281	0.0197	0.010788
374	0.021621	0.023	0.013955
375	0.024733	0.025986	0.017407
376	0.026474	0.027691	0.01945
377	0.027621	0.028678	0.021638
378	0.027861	0.02859	0.02354
379	0.029866	0.030463	0.026436
380	0.03134	0.031936	0.028848
381	0.031291	0.032165	0.028163
382	0.030628	0.031834	0.026442
383	0.031176	0.032375	0.027742
384	0.031287	0.03267	0.028094
385	0.030597	0.032231	0.02668
386	0.029359	0.031187	0.024096
387	0.029299	0.031081	0.023989
388	0.029683	0.031363	0.024645
389	0.029861	0.031507	0.024884
390	0.02994	0.031589	0.02491
391	0.030824	0.032242	0.026206
392	0.031701	0.032794	0.027353
393	0.032699	0.033588	0.02883
394	0.03344	0.034283	0.030324
395	0.033731	0.034641	0.030959
396	0.034161	0.035178	0.031851
397	0.034992	0.035974	0.033543
398	0.035392	0.036403	0.034373
399	0.035521	0.036629	0.034763
400	0.035169	0.036439	0.034339
401	0.035019	0.036377	0.034254
402	0.034697	0.03612	0.033733
403	0.034287	0.035772	0.032971
404	0.034131	0.035609	0.032515
405	0.033838	0.035285	0.031828
406	0.033498	0.034949	0.031204
407	0.033791	0.035278	0.031806
408	0.033623	0.035161	0.031507
409	0.033388	0.035023	0.031148
410	0.033601	0.035321	0.031703
411	0.03379	0.035543	0.032256
412	0.034045	0.035846	0.03311
413	0.034357	0.036243	0.034151
414	0.034345	0.036368	0.034575
415	0.034444	0.036523	0.035025
416	0.034686	0.036737	0.035589
417	0.03476	0.036814	0.03586
418	0.03479	0.036881	0.036022
419	0.034839	0.03699	0.036268
420	0.034895	0.037081	0.036574
421	0.035174	0.03736	0.037169
422	0.035238	0.037472	0.037347
423	0.035226	0.037548	0.037451
424	0.035432	0.037795	0.037922
425	0.035525	0.03791	0.03821
426	0.035544	0.037952	0.038378
427	0.035636	0.038081	0.038635
428	0.035713	0.038222	0.038912
429	0.035803	0.038343	0.03919
430	0.035782	0.038316	0.039168
431	0.0356	0.038167	0.03891
432	0.03565	0.038241	0.039107
433	0.035826	0.038412	0.039538
434	0.035973	0.038531	0.039902
435	0.036076	0.038624	0.040128
436	0.03619	0.038754	0.04038
437	0.036363	0.038946	0.040714
438	0.036597	0.039179	0.041114
439	0.036743	0.039334	0.041411
440	0.036799	0.039422	0.041557
441	0.036828	0.039495	0.041675
442	0.036857	0.039576	0.041863
443	0.036909	0.039677	0.042098
444	0.036855	0.039658	0.042079
445	0.036804	0.039638	0.042127
446	0.036771	0.039629	0.042259
447	0.036825	0.039704	0.042548
448	0.036933	0.039839	0.042945
449	0.037043	0.039981	0.043349
450	0.03711	0.040098	0.04366
451	0.037196	0.040207	0.043981
452	0.037337	0.040364	0.044454
453	0.037545	0.040599	0.045057
454	0.0377	0.040782	0.045527
455	0.037759	0.040864	0.045843
456	0.037779	0.040916	0.046092
457	0.037907	0.041059	0.046477
458	0.037946	0.041122	0.046668
459	0.037937	0.041148	0.046792
460	0.037955	0.04119	0.046983
461	0.038005	0.041264	0.047186
462	0.038013	0.041288	0.047291
463	0.037993	0.041277	0.047338
464	0.037938	0.041232	0.047304
465	0.037932	0.041207	0.047342
466	0.037992	0.041244	0.04748
467	0.038126	0.041365	0.047765
468	0.038216	0.041439	0.047962
469	0.038274	0.041493	0.048098
470	0.038287	0.041523	0.048154
471	0.038418	0.04166	0.048393
472	0.03851	0.041773	0.048582
473	0.038542	0.041835	0.048697
474	0.03853	0.041847	0.048757
475	0.038503	0.041848	0.048765
476	0.03854	0.041903	0.048865
477	0.03857	0.041936	0.048978
478	0.038565	0.041931	0.049049
479	0.038555	0.041917	0.049121
480	0.038587	0.04196	0.049274
481	0.038657	0.042045	0.049521
482	0.038714	0.042111	0.049726
483	0.038757	0.042162	0.049883
484	0.038785	0.042216	0.050014
485	0.038884	0.04233	0.050253
486	0.038971	0.042412	0.050453
487	0.039031	0.042482	0.050637
488	0.03908	0.042545	0.050799
489	0.039173	0.042651	0.051012
490	0.039349	0.042845	0.051394
491	0.039449	0.04296	0.05168
492	0.039496	0.043023	0.051888
493	0.039551	0.043108	0.052141
494	0.039659	0.04326	0.05249
495	0.039804	0.043445	0.052904
496	0.039984	0.043672	0.053384
497	0.040178	0.043903	0.053902
498	0.040386	0.044152	0.054468
499	0.040618	0.044419	0.055081
500	0.040868	0.044684	0.055723
501	0.041142	0.044991	0.056458
502	0.041425	0.045311	0.057236
503	0.041785	0.045706	0.058189
504	0.04222	0.04618	0.059339
505	0.042638	0.046625	0.060488
506	0.043052	0.047062	0.061679
507	0.043519	0.047553	0.063014
508	0.044042	0.048099	0.064467
509	0.044614	0.048706	0.066037
510	0.045205	0.049326	0.067671
511	0.045811	0.049947	0.069381
512	0.046464	0.050623	0.071225
513	0.047189	0.051366	0.073229
514	0.047952	0.052141	0.075329
515	0.048747	0.052957	0.077526
516	0.049588	0.053816	0.079834
517	0.050559	0.054797	0.0824
518	0.051592	0.055836	0.085104
519	0.052625	0.056874	0.087833
520	0.053704	0.057947	0.090644
521	0.054845	0.059074	0.093551
522	0.056026	0.060246	0.096515
523	0.05722	0.061425	0.099478
524	0.058422	0.0626	0.10243
525	0.059647	0.063796	0.1054
526	0.060874	0.06499	0.10833
527	0.062089	0.066161	0.1112
528	0.063262	0.06729	0.11393
529	0.064416	0.0684	0.11658
530	0.06553	0.069468	0.1191
531	0.066624	0.070523	0.12156
532	0.067651	0.07152	0.12385
533	0.068588	0.072433	0.12594
534	0.069487	0.073309	0.12792
535	0.070309	0.074121	0.12974
536	0.071013	0.074824	0.13134
537	0.071626	0.075438	0.13275
538	0.072175	0.076001	0.13403
539	0.072635	0.076486	0.13513
540	0.073014	0.076887	0.13606
541	0.073337	0.077225	0.13687
542	0.073637	0.077544	0.13763
543	0.07392	0.077846	0.13835
544	0.074182	0.078129	0.13903
545	0.074467	0.078438	0.13973
546	0.074741	0.078743	0.14041
547	0.075011	0.079044	0.14109
548	0.075281	0.079348	0.14176
549	0.075556	0.079659	0.14244
550	0.0758	0.079937	0.14308
551	0.076019	0.080194	0.14366
552	0.076194	0.080413	0.14417
553	0.076305	0.080562	0.14454
554	0.076378	0.080663	0.14483
555	0.076413	0.080728	0.14504
556	0.076375	0.080726	0.14512
557	0.076256	0.080637	0.14504
558	0.076092	0.080499	0.14485
559	0.075859	0.0803	0.14452
560	0.07552	0.080001	0.14401
561	0.075118	0.079639	0.14334
562	0.074677	0.079234	0.14259
563	0.074198	0.07879	0.14175
564	0.07366	0.07828	0.14076
565	0.073054	0.077701	0.13964
566	0.072398	0.077069	0.1384
567	0.071698	0.076386	0.13704
568	0.070954	0.075663	0.13558
569	0.070189	0.074923	0.13405
570	0.069395	0.074151	0.13243
571	0.068593	0.073371	0.13077
572	0.067777	0.072578	0.12908
573	0.066935	0.071766	0.12732
574	0.066096	0.070953	0.12554
575	0.065299	0.070179	0.12382
576	0.064566	0.069464	0.12221
577	0.063885	0.068795	0.12069
578	0.06322	0.068139	0.1192
579	0.06257	0.06749	0.11775
580	0.061964	0.066878	0.11638
581	0.061428	0.066339	0.11514
582	0.060904	0.06582	0.11394
583	0.060409	0.065332	0.11281
584	0.059947	0.064875	0.11175
585	0.059513	0.064448	0.11076
586	0.059097	0.064043	0.10981
587	0.058714	0.063667	0.10894
588	0.058336	0.063294	0.10809
589	0.058019	0.062981	0.10737
590	0.057765	0.06273	0.10677
591	0.057548	0.062518	0.10625
592	0.057332	0.062306	0.10574
593	0.057138	0.062113	0.1053
594	0.056991	0.061964	0.10494
595	0.056896	0.061868	0.10468
596	0.05678	0.061753	0.1044
597	0.056657	0.061625	0.10411
598	0.056541	0.061501	0.10385
599	0.056429	0.061387	0.10359
600	0.056319	0.061277	0.10334
601	0.056194	0.061148	0.10307
602	0.056041	0.06099	0.10274
603	0.055911	0.060856	0.10244
604	0.055791	0.060735	0.10214
605	0.055665	0.060609	0.10182
606	0.05551	0.060457	0.10143
607	0.055316	0.060267	0.10096
608	0.055108	0.06006	0.10043
609	0.054898	0.059852	0.099884
610	0.054683	0.059638	0.099298
611	0.054423	0.059377	0.098613
612	0.054153	0.059108	0.097892
613	0.053887	0.058845	0.097161
614	0.053598	0.058554	0.096368
615	0.053295	0.058243	0.095544
616	0.052996	0.057936	0.09473
617	0.05271	0.057644	0.093943
618	0.052436	0.057359	0.093187
619	0.052175	0.057082	0.092464
620	0.051919	0.056813	0.09176
621	0.051654	0.056539	0.091068
622	0.05143	0.056304	0.090463
623	0.051273	0.056137	0.089984
624	0.051153	0.056014	0.0896
625	0.051042	0.055897	0.089252
626	0.050969	0.055813	0.088981
627	0.05091	0.055749	0.088757
628	0.050842	0.05568	0.088539
629	0.050792	0.055632	0.088384
630	0.050783	0.055621	0.088312
631	0.050784	0.055622	0.088274
632	0.050772	0.055607	0.088223
633	0.050733	0.055566	0.088127
634	0.050665	0.055498	0.087968
635	0.050563	0.055393	0.08774
636	0.050454	0.055281	0.087464
637	0.050331	0.055149	0.087125
638	0.050167	0.054976	0.086685
639	0.049966	0.054765	0.086133
640	0.049705	0.054485	0.085432
641	0.049418	0.054181	0.084638
642	0.049131	0.053871	0.083791
643	0.048838	0.053549	0.082883
644	0.048562	0.053241	0.081967
645	0.048265	0.052915	0.081006
646	0.047933	0.052554	0.079985
647	0.047595	0.052186	0.078942
648	0.047277	0.051836	0.07793
649	0.046992	0.051513	0.076983
650	0.046726	0.051215	0.076088
651	0.046477	0.050934	0.075254
652	0.046246	0.050676	0.074489
653	0.046067	0.050471	0.073831
654	0.045904	0.05027	0.073214
655	0.045788	0.050113	0.072673
656	0.045725	0.050012	0.072208
657	0.045654	0.049906	0.071719
658	0.04558	0.049797	0.071211
659	0.045495	0.049666	0.070649
660	0.045374	0.0495	0.069999
661	0.045234	0.049309	0.06926
662	0.045067	0.049081	0.068424
663	0.044894	0.048841	0.067539
664	0.044699	0.048578	0.066584
665	0.044499	0.048296	0.065591
666	0.044296	0.04801	0.064574
667	0.044134	0.047758	0.063598
668	0.043996	0.047518	0.062651
669	0.043922	0.047337	0.061787
670	0.043917	0.047224	0.061038
671	0.043937	0.047132	0.06034
672	0.043999	0.047071	0.05971
673	0.044129	0.047064	0.0592
674	0.044282	0.047083	0.058746
675	0.044444	0.047109	0.058305
676	0.044672	0.04719	0.057959
677	0.044946	0.047317	0.057702
678	0.045234	0.047451	0.057478
679	0.045542	0.047603	0.057294
680	0.045878	0.047791	0.057183
681	0.046268	0.048033	0.057204
682	0.046699	0.048324	0.057357
683	0.047201	0.048704	0.057707
684	0.047752	0.049158	0.05829
685	0.04834	0.049678	0.059126
686	0.048964	0.050265	0.06023
687	0.049645	0.050949	0.061697
688	0.050371	0.051727	0.063538
689	0.05115	0.052597	0.065773
690	0.052045	0.053615	0.06852
691	0.053043	0.054763	0.071767
692	0.054191	0.056076	0.075565
693	0.055522	0.057578	0.079948
694	0.057081	0.059305	0.084963
695	0.058902	0.061282	0.090615
696	0.06098	0.063505	0.096853
697	0.063382	0.066036	0.10371
698	0.066113	0.068876	0.11114
699	0.069183	0.072043	0.11911
700	0.072578	0.075522	0.12752
701	0.076277	0.079299	0.13628
702	0.080247	0.083337	0.1453
703	0.084448	0.087595	0.15445
704	0.088863	0.09206	0.16369
705	0.093447	0.09669	0.17293
706	0.098148	0.10143	0.18208
707	0.10293	0.10624	0.1911
708	0.10778	0.11112	0.19997
709	0.11266	0.11604	0.20867
710	0.11755	0.12096	0.21716
711	0.12247	0.1259	0.22547
712	0.1274	0.13085	0.23363
713	0.13235	0.13583	0.24165
714	0.13731	0.14081	0.24953
715	0.14228	0.1458	0.25727
716	0.14726	0.15079	0.2649
717	0.15224	0.15578	0.27241
718	0.15724	0.16077	0.27982
719	0.16222	0.16575	0.28711
720	0.16719	0.17071	0.29428
721	0.17213	0.17565	0.30133
722	0.17706	0.18058	0.30828
723	0.18195	0.18546	0.3151
724	0.18679	0.1903	0.32179
725	0.19155	0.19506	0.3283
726	0.19624	0.19974	0.33466
727	0.20084	0.20435	0.34085
728	0.20534	0.20886	0.34686
729	0.20973	0.21325	0.35267
730	0.21398	0.2175	0.35826
731	0.2181	0.22163	0.36365
732	0.22209	0.22563	0.36882
733	0.22593	0.22948	0.37376
734	0.22961	0.23317	0.37845
735	0.23312	0.2367	0.38292
736	0.23648	0.24008	0.38719
737	0.23967	0.2433	0.39124
738	0.24269	0.24634	0.39506
739	0.24554	0.2492	0.39864
740	0.24822	0.25192	0.40203
741	0.25074	0.25448	0.40521
742	0.25308	0.25686	0.40817
743	0.25525	0.25908	0.41094
744	0.25726	0.26114	0.41351
745	0.25911	0.26307	0.41589
746	0.26082	0.26486	0.4181
747	0.26238	0.26651	0.42014
748	0.2638	0.26802	0.42201
749	0.26509	0.26941	0.42374
750	0.26625	0.27069	0.42534
751	0.26729	0.27184	0.42679
752	0.26821	0.27287	0.42811
753	0.26903	0.27381	0.42931
754	0.26976	0.27466	0.43041
755	0.27042	0.27544	0.43142
756	0.27099	0.27614	0.43233
757	0.27149	0.27676	0.43316
758	0.27194	0.27734	0.43391
759	0.27235	0.27785	0.4346
760	0.27271	0.27832	0.43523
761	0.27302	0.27874	0.43579
762	0.27328	0.27909	0.4363
763	0.2735	0.27942	0.43676
764	0.2737	0.2797	0.43719
765	0.27386	0.27995	0.43758
766	0.274	0.28018	0.43794
767	0.27413	0.28039	0.43828
768	0.27423	0.28057	0.43857
769	0.27431	0.28074	0.43884
770	0.27437	0.28089	0.43909
771	0.27442	0.28103	0.43932
772	0.27447	0.28117	0.43956
773	0.27452	0.2813	0.43978
774	0.27456	0.28141	0.44
775	0.27459	0.28151	0.44019
776	0.2746	0.28159	0.44036
777	0.27463	0.28168	0.44056
778	0.27467	0.28178	0.44077
779	0.27472	0.28187	0.44096
780	0.27477	0.28196	0.44114
781	0.27481	0.28204	0.44133
782	0.27486	0.28213	0.44152
783	0.27492	0.28221	0.44171
784	0.27497	0.28229	0.4419
785	0.27503	0.28237	0.44208
786	0.2751	0.28247	0.44227
787	0.27517	0.28257	0.44247
788	0.27524	0.28266	0.44267
789	0.27531	0.28276	0.44286
790	0.2754	0.28287	0.44308
791	0.27551	0.283	0.44332
792	0.27559	0.28311	0.44355
793	0.27568	0.28322	0.44376
794	0.27577	0.28333	0.44398
795	0.27587	0.28346	0.44422
796	0.27598	0.28358	0.44446
797	0.27608	0.28369	0.44469
798	0.27619	0.28381	0.4449
799	0.27629	0.28392	0.44511
800	0.27639	0.28404	0.44532
801	0.27651	0.28416	0.44554
802	0.27661	0.28426	0.44575
803	0.27672	0.28439	0.44598
804	0.27685	0.28453	0.44622
805	0.27697	0.28466	0.44645
806	0.27706	0.28477	0.44666
807	0.27717	0.28488	0.44686
808	0.27728	0.28501	0.44707
809	0.27738	0.28513	0.44726
810	0.27749	0.28525	0.44745
811	0.27759	0.28536	0.44764
812	0.27771	0.28549	0.44784
813	0.27781	0.2856	0.44803
814	0.27791	0.28571	0.44823
815	0.27803	0.28583	0.44843
816	0.27813	0.28594	0.44863
817	0.27826	0.28607	0.44885
818	0.27839	0.2862	0.44908
819	0.27853	0.28634	0.44931
820	0.27865	0.28647	0.44952
821	0.27876	0.28659	0.44971
822	0.27888	0.28672	0.4499
823	0.27899	0.28684	0.45009
824	0.27909	0.28695	0.45027
825	0.27919	0.28706	0.45042
826	0.27929	0.28717	0.45058
827	0.27939	0.28728	0.45075
828	0.2795	0.28739	0.4509
829	0.27962	0.28751	0.45107
830	0.27974	0.28765	0.45124
831	0.27987	0.28778	0.45141
832	0.27999	0.2879	0.45159
833	0.28011	0.28803	0.45176
834	0.2802	0.28814	0.4519
835	0.28028	0.28824	0.45204
836	0.28038	0.28836	0.45221
837	0.28046	0.28847	0.45235
838	0.28053	0.28856	0.45246
839	0.28059	0.28864	0.45256
840	0.28068	0.28874	0.45268
841	0.28075	0.28883	0.45281
842	0.28083	0.28892	0.45294
843	0.28092	0.28902	0.45307
844	0.28102	0.28913	0.45323
845	0.28112	0.28925	0.4534
846	0.28122	0.28936	0.45355
847	0.28132	0.28947	0.45371
848	0.28141	0.28958	0.45386
849	0.28149	0.28967	0.454
850	0.28156	0.28975	0.45411
851	0.28161	0.28982	0.45421
852	0.28167	0.2899	0.45431
853	0.28175	0.28999	0.45442
854	0.28183	0.29009	0.45454
855	0.28189	0.29016	0.45464
856	0.28192	0.29022	0.45474
857	0.282	0.29031	0.45486
858	0.28209	0.29042	0.455
859	0.28217	0.29052	0.45513
860	0.28227	0.29062	0.45527
861	0.28235	0.29072	0.4554
862	0.28242	0.29079	0.45551
863	0.28247	0.29084	0.4556
864	0.2825	0.29088	0.45566
865	0.28257	0.29094	0.45576
866	0.28266	0.29103	0.45588
867	0.28274	0.29112	0.45598
868	0.28279	0.29117	0.45607
869	0.28282	0.29122	0.45616
870	0.28287	0.29129	0.45626
871	0.28295	0.29137	0.45639
872	0.283	0.29142	0.4565
873	0.28303	0.29146	0.45659
874	0.28307	0.2915	0.45669
875	0.28311	0.29155	0.45678
876	0.28314	0.29159	0.45687
877	0.28317	0.29162	0.45694
878	0.28322	0.29167	0.45701
879	0.28328	0.29174	0.4571
880	0.28333	0.29181	0.45718
881	0.28336	0.29184	0.45722
882	0.28341	0.2919	0.45729
883	0.2835	0.29198	0.4574
884	0.28358	0.29206	0.4575
885	0.28364	0.29212	0.45758
886	0.28369	0.29216	0.45763
887	0.28374	0.2922	0.45769
888	0.28379	0.29224	0.45775
889	0.28388	0.29233	0.45787
890	0.28396	0.29242	0.45799
891	0.28402	0.29248	0.45806
892	0.28408	0.29257	0.45817
893	0.28414	0.29265	0.45828
894	0.28419	0.29272	0.45837
895	0.28425	0.29279	0.45847
896	0.28434	0.29288	0.4586
897	0.28441	0.29294	0.45871
898	0.28443	0.29296	0.45877
899	0.28443	0.29296	0.45879
900	0.28446	0.29298	0.45883
901	0.28449	0.29301	0.45888
902	0.2845	0.29302	0.45893
903	0.28458	0.29308	0.45903
904	0.28464	0.29315	0.45912
905	0.2847	0.29321	0.45919
906	0.28475	0.29327	0.45929
907	0.28481	0.29333	0.45937
908	0.28488	0.29339	0.45943
909	0.28495	0.29344	0.45949
910	0.28506	0.29354	0.4596
911	0.28513	0.29361	0.45968
912	0.28515	0.29362	0.45972
913	0.28516	0.29362	0.45974
914	0.28518	0.29364	0.45977
915	0.28521	0.29367	0.45982
916	0.28526	0.29372	0.4599
917	0.28533	0.29379	0.46
918	0.28538	0.29384	0.4601
919	0.28543	0.29388	0.46019
920	0.28546	0.29392	0.46026
921	0.2855	0.29395	0.4603
922	0.28552	0.29396	0.46031
923	0.28554	0.29397	0.46032
924	0.28559	0.29403	0.4604
925	0.28561	0.29403	0.46044
926	0.28559	0.294	0.46044
927	0.28555	0.29397	0.46042
928	0.28556	0.294	0.46045
929	0.28561	0.29405	0.46051
930	0.28567	0.2941	0.4606
931	0.28571	0.29414	0.46068
932	0.28578	0.29421	0.46078
933	0.28585	0.29429	0.46088
934	0.28591	0.29437	0.46096
935	0.28594	0.2944	0.461
936	0.28594	0.29438	0.46097
937	0.28592	0.29435	0.46094
938	0.28592	0.29432	0.46094
939	0.28589	0.29427	0.46087
940	0.28584	0.29421	0.46078
941	0.28578	0.29414	0.46069
942	0.28573	0.29407	0.46061
943	0.28569	0.29398	0.46054
944	0.28565	0.29391	0.4605
945	0.2856	0.29386	0.46047
946	0.28552	0.29378	0.4604
947	0.28546	0.29372	0.46036
948	0.28538	0.29364	0.46028
949	0.28529	0.29353	0.46014
950	0.28516	0.29339	0.45993
951	0.28509	0.29328	0.45982
952	0.28502	0.29317	0.45971
953	0.2849	0.29305	0.45952
954	0.28479	0.29291	0.45935
955	0.28473	0.29281	0.45926
956	0.28468	0.29272	0.45919
957	0.28463	0.29263	0.45911
958	0.28457	0.29254	0.45901
959	0.28448	0.29243	0.45886
960	0.28437	0.29232	0.45868
961	0.28429	0.29223	0.45855
962	0.2842	0.29213	0.45833
963	0.28409	0.292	0.45809
964	0.28397	0.29185	0.45788
965	0.28387	0.29171	0.45777
966	0.28382	0.29164	0.45771
967	0.28382	0.29163	0.45771
968	0.28388	0.29168	0.4578
969	0.28397	0.29177	0.45794
970	0.2841	0.2919	0.45812
971	0.28422	0.29203	0.45828
972	0.28432	0.29213	0.45838
973	0.28443	0.29225	0.45852
974	0.28457	0.29238	0.45866
975	0.28468	0.29246	0.45875
976	0.28466	0.29246	0.4587
977	0.28459	0.29239	0.45861
978	0.28451	0.29232	0.45853
979	0.28443	0.29226	0.45846
980	0.28438	0.2922	0.4584
981	0.28444	0.29227	0.45844
982	0.28448	0.29233	0.4585
983	0.28446	0.29233	0.45855
984	0.28449	0.29236	0.4586
985	0.28449	0.29234	0.45863
986	0.28453	0.29236	0.45872
987	0.28469	0.29249	0.45899
988	0.28488	0.29265	0.45927
989	0.28502	0.29278	0.4595
990	0.28513	0.29291	0.4597
991	0.28526	0.29306	0.45989
992	0.28531	0.29317	0.45999
993	0.28544	0.29335	0.46019
994	0.28559	0.29354	0.46042
995	0.2858	0.29378	0.46071
996	0.28599	0.29396	0.46107
997	0.28612	0.29407	0.46129
998	0.28622	0.29418	0.46137
999	0.28626	0.29427	0.46135
1000	0.28636	0.29444	0.46144
1001	0.28652	0.29469	0.46161
1002	0.28671	0.29498	0.46179
1003	0.28689	0.29521	0.46192
1004	0.28702	0.29539	0.46199
1005	0.2871	0.29549	0.46201
1006	0.28715	0.29553	0.46202
1007	0.28732	0.29566	0.4622
1008	0.28743	0.2957	0.46236
1009	0.2875	0.29564	0.46256
1010	0.2876	0.2956	0.46287
1011	0.28766	0.29559	0.46302
1012	0.28771	0.29563	0.4631
1013	0.28774	0.29567	0.46319
1014	0.28779	0.29574	0.46336
1015	0.28787	0.29585	0.46354
1016	0.28796	0.29597	0.46368
1017	0.28804	0.29608	0.46381
1018	0.28813	0.2962	0.46395
1019	0.28822	0.29632	0.46409
1020	0.28833	0.29645	0.46423
1021	0.28841	0.29656	0.46432
1022	0.28845	0.29663	0.4644
1023	0.28846	0.29667	0.4645
1024	0.2885	0.29677	0.4646
1025	0.2886	0.29696	0.46467
1026	0.28877	0.29716	0.46477
1027	0.28896	0.2973	0.46488
1028	0.28915	0.29743	0.46499
1029	0.28935	0.29759	0.46511
1030	0.28959	0.29777	0.46527
1031	0.28983	0.29795	0.46548
1032	0.29005	0.2981	0.46576
1033	0.29024	0.29824	0.46606
1034	0.2904	0.29836	0.4663
1035	0.29051	0.29844	0.46644
1036	0.29058	0.29852	0.46654
1037	0.29061	0.29858	0.46661
1038	0.29062	0.29861	0.46664
1039	0.29066	0.29861	0.46661
1040	0.29075	0.2986	0.46656
1041	0.29085	0.29863	0.46655
1042	0.29096	0.29872	0.46662
1043	0.29106	0.29883	0.4668
1044	0.29115	0.29893	0.46705
1045	0.29119	0.29897	0.46729
1046	0.29122	0.299	0.4675
1047	0.29128	0.2991	0.46769
1048	0.29136	0.29926	0.46778
1049	0.29142	0.29943	0.46779
1050	0.29147	0.29962	0.46781
1051	0.29149	0.2998	0.46784
1052	0.29151	0.29996	0.46789
1053	0.29158	0.30014	0.46797
1054	0.2917	0.30033	0.46814
1055	0.29185	0.30054	0.46835
1056	0.29199	0.30072	0.46854
1057	0.2921	0.30083	0.46874
1058	0.29214	0.30084	0.46892
1059	0.29212	0.30076	0.46901
1060	0.29209	0.30063	0.46901
1061	0.29205	0.3005	0.46898
1062	0.29204	0.30043	0.46896
1063	0.29204	0.30037	0.46895
1064	0.29204	0.30033	0.46897
1065	0.29206	0.30032	0.46908
1066	0.29212	0.30037	0.46928
1067	0.29225	0.30046	0.46951
1068	0.2924	0.30058	0.46968
1069	0.29252	0.30071	0.46974
1070	0.29259	0.30084	0.46968
1071	0.29261	0.30093	0.46962
1072	0.29256	0.30098	0.46959
1073	0.29249	0.30099	0.46958
1074	0.29243	0.30098	0.46957
1075	0.29241	0.30098	0.46961
1076	0.29246	0.30102	0.46967
1077	0.29251	0.30101	0.46967
1078	0.29255	0.30095	0.46965
1079	0.29262	0.3009	0.46967
1080	0.29276	0.30091	0.46974
1081	0.29292	0.30097	0.46985
1082	0.29304	0.30104	0.46996
1083	0.2931	0.3011	0.47004
1084	0.29314	0.30118	0.47012
1085	0.29316	0.30125	0.4702
1086	0.29318	0.3013	0.47027
1087	0.29322	0.30134	0.47038
1088	0.29331	0.30142	0.47054
1089	0.29343	0.30152	0.47069
1090	0.29351	0.30158	0.47078
1091	0.29353	0.30157	0.47079
1092	0.29355	0.30153	0.47075
1093	0.2936	0.30149	0.47071
1094	0.29366	0.30149	0.47077
1095	0.29371	0.30151	0.47088
1096	0.2937	0.30154	0.47098
1097	0.29367	0.30157	0.47107
1098	0.29363	0.30161	0.47114
1099	0.29356	0.30163	0.47113
1100	0.29349	0.30164	0.47107
1101	0.29349	0.30169	0.47104
1102	0.29352	0.30176	0.47105
1103	0.29351	0.30178	0.47105
1104	0.29344	0.30173	0.47101
1105	0.29341	0.30167	0.47093
1106	0.29343	0.30161	0.47082
1107	0.29344	0.30154	0.47072
1108	0.29343	0.30149	0.47066
1109	0.29341	0.30146	0.47064
1110	0.29337	0.30144	0.47063
1111	0.29334	0.30144	0.47064
1112	0.2933	0.30146	0.47065
1113	0.29327	0.30148	0.47069
1114	0.29328	0.3015	0.47078
1115	0.29332	0.30152	0.47092
1116	0.29336	0.30157	0.47105
1117	0.29337	0.30158	0.47114
1118	0.29336	0.30156	0.47121
1119	0.29339	0.30154	0.47124
1120	0.2934	0.30149	0.47124
1121	0.29337	0.30141	0.47118
1122	0.29331	0.30131	0.47111
1123	0.29324	0.30121	0.47102
1124	0.29316	0.30112	0.47094
1125	0.29307	0.30103	0.47084
1126	0.29297	0.30089	0.47068
1127	0.29285	0.30071	0.4705
1128	0.29271	0.30051	0.47029
1129	0.29256	0.30032	0.47004
1130	0.29237	0.30013	0.46975
1131	0.29214	0.29989	0.46942
1132	0.29189	0.29962	0.46908
1133	0.29166	0.29932	0.4687
1134	0.29144	0.29903	0.46828
1135	0.2912	0.29873	0.46782
1136	0.29095	0.29843	0.46739
1137	0.29073	0.29816	0.46701
1138	0.29052	0.2979	0.46667
1139	0.29026	0.29758	0.46628
1140	0.28995	0.2972	0.46581
1141	0.28962	0.29682	0.46536
1142	0.28926	0.29644	0.46495
1143	0.28891	0.29605	0.46458
1144	0.28854	0.29565	0.4642
1145	0.28814	0.29522	0.46376
1146	0.28771	0.29474	0.46323
1147	0.28727	0.29424	0.46266
1148	0.28682	0.29375	0.4621
1149	0.28639	0.29329	0.46155
1150	0.286	0.29291	0.46103
1151	0.28567	0.29256	0.46058
1152	0.28536	0.2922	0.46014
1153	0.28506	0.29183	0.45969
1154	0.28477	0.29149	0.45927
1155	0.28451	0.2912	0.4589
1156	0.28428	0.29093	0.45856
1157	0.28409	0.29068	0.45824
1158	0.2839	0.29042	0.45793
1159	0.28367	0.29013	0.45759
1160	0.28346	0.28987	0.45725
1161	0.28328	0.28966	0.45695
1162	0.28315	0.28948	0.4567
1163	0.28308	0.28936	0.4565
1164	0.28304	0.28928	0.45634
1165	0.28302	0.28922	0.45623
1166	0.28302	0.28915	0.45618
1167	0.28301	0.2891	0.45618
1168	0.28298	0.28907	0.45621
1169	0.28295	0.28904	0.45625
1170	0.2829	0.28898	0.45625
1171	0.28279	0.28889	0.45622
1172	0.28265	0.28877	0.45616
1173	0.28251	0.28869	0.45608
1174	0.28241	0.28865	0.45597
1175	0.28234	0.28865	0.45587
1176	0.28231	0.28865	0.45579
1177	0.28234	0.28868	0.45576
1178	0.28241	0.28875	0.45576
1179	0.28248	0.28881	0.45581
1180	0.28255	0.28886	0.45591
1181	0.28261	0.28888	0.45605
1182	0.28267	0.2889	0.4562
1183	0.2827	0.28889	0.45632
1184	0.28269	0.28884	0.4564
1185	0.28264	0.28875	0.45642
1186	0.2826	0.28867	0.45644
1187	0.28256	0.28862	0.45644
1188	0.28251	0.28858	0.45644
1189	0.28248	0.28857	0.45644
1190	0.28249	0.28858	0.45643
1191	0.28254	0.28859	0.45644
1192	0.28259	0.2886	0.45649
1193	0.28261	0.2886	0.45656
1194	0.2826	0.28856	0.45659
1195	0.28257	0.28851	0.45659
1196	0.28252	0.28847	0.45659
1197	0.28246	0.28843	0.45659
1198	0.2824	0.28841	0.45657
1199	0.28237	0.2884	0.45656
1200	0.28236	0.28843	0.45658
1201	0.28237	0.28848	0.45664
1202	0.2824	0.28857	0.4567
1203	0.28245	0.2887	0.45675
1204	0.28252	0.28882	0.45679
1205	0.28259	0.28891	0.45683
1206	0.28264	0.28898	0.45691
1207	0.28268	0.289	0.457
1208	0.28271	0.28898	0.45705
1209	0.28273	0.28897	0.45706
1210	0.28274	0.28896	0.45706
1211	0.28279	0.28899	0.45705
1212	0.28288	0.28905	0.45707
1213	0.283	0.28915	0.45717
1214	0.28316	0.28929	0.45737
1215	0.28333	0.28948	0.4576
1216	0.2835	0.2897	0.45783
1217	0.2837	0.28995	0.45806
1218	0.28388	0.2902	0.45829
1219	0.28403	0.29038	0.45848
1220	0.28413	0.2905	0.45862
1221	0.2842	0.29059	0.45874
1222	0.28426	0.29066	0.45881
1223	0.2843	0.29072	0.45885
1224	0.28434	0.29077	0.45891
1225	0.2844	0.29082	0.459
1226	0.28446	0.29085	0.45912
1227	0.28452	0.29089	0.45931
1228	0.28462	0.29094	0.45956
1229	0.28474	0.29103	0.45982
1230	0.28485	0.29113	0.46005
1231	0.28496	0.29126	0.46027
1232	0.28505	0.29138	0.46042
1233	0.28511	0.29146	0.46049
1234	0.28513	0.29152	0.46051
1235	0.28515	0.29159	0.46053
1236	0.28521	0.29171	0.46057
1237	0.28532	0.29187	0.46064
1238	0.28542	0.29201	0.46075
1239	0.2855	0.29213	0.46087
1240	0.28559	0.29223	0.461
1241	0.2857	0.29234	0.46116
1242	0.28584	0.29245	0.46134
1243	0.28595	0.29255	0.46148
1244	0.28603	0.29264	0.46155
1245	0.2861	0.2927	0.4616
1246	0.28614	0.29273	0.46163
1247	0.28614	0.29273	0.46163
1248	0.28611	0.2927	0.46162
1249	0.2861	0.29267	0.46165
1250	0.28614	0.29269	0.46172
1251	0.28618	0.29272	0.46183
1252	0.28621	0.29275	0.46196
1253	0.28626	0.29282	0.46211
1254	0.28635	0.29291	0.46227
1255	0.28645	0.29303	0.46243
1256	0.28657	0.29317	0.46258
1257	0.28671	0.29333	0.46272
1258	0.28687	0.2935	0.46284
1259	0.28702	0.29366	0.46295
1260	0.28716	0.29377	0.46303
1261	0.28725	0.29384	0.4631
1262	0.2873	0.29388	0.46317
1263	0.28732	0.29388	0.46324
1264	0.28732	0.29388	0.4633
1265	0.28733	0.29388	0.46338
1266	0.28733	0.2939	0.46346
1267	0.28732	0.29391	0.46351
1268	0.28728	0.29391	0.46353
1269	0.28721	0.29389	0.46353
1270	0.28714	0.29387	0.46352
1271	0.28709	0.29387	0.46351
1272	0.28707	0.29389	0.46352
1273	0.28708	0.29392	0.46355
1274	0.28713	0.29394	0.4636
1275	0.28719	0.29396	0.46366
1276	0.28726	0.294	0.46371
1277	0.28733	0.29406	0.46374
1278	0.2874	0.29414	0.46378
1279	0.28747	0.29421	0.46383
1280	0.2875	0.29425	0.46386
1281	0.28748	0.29423	0.46384
1282	0.28738	0.29413	0.46375
1283	0.28722	0.29398	0.46362
1284	0.28707	0.29381	0.46348
1285	0.28695	0.29366	0.46335
1286	0.28683	0.29352	0.46325
1287	0.28672	0.29339	0.46319
1288	0.28663	0.29326	0.46313
1289	0.28653	0.29315	0.46306
1290	0.28642	0.29305	0.46296
1291	0.28629	0.29294	0.46287
1292	0.28617	0.29286	0.46278
1293	0.28611	0.29283	0.4627
1294	0.28605	0.2928	0.46259
1295	0.286	0.29275	0.46244
1296	0.28592	0.29267	0.46223
1297	0.28585	0.29259	0.46199
1298	0.28583	0.29253	0.46174
1299	0.2858	0.29248	0.46151
1300	0.28573	0.29241	0.46129
1301	0.28561	0.29231	0.46108
1302	0.28544	0.29218	0.46085
1303	0.28523	0.29198	0.46058
1304	0.28497	0.29173	0.4603
1305	0.28471	0.29145	0.46002
1306	0.28451	0.2912	0.45976
1307	0.28433	0.29097	0.45955
1308	0.28412	0.29071	0.45935
1309	0.28391	0.29042	0.45916
1310	0.2837	0.29014	0.45898
1311	0.28347	0.28985	0.4588
1312	0.28323	0.28955	0.45863
1313	0.28296	0.28923	0.45844
1314	0.28266	0.28889	0.45819
1315	0.28232	0.28853	0.45788
1316	0.28199	0.28815	0.45747
1317	0.28165	0.28773	0.45698
1318	0.28131	0.28731	0.45644
1319	0.28101	0.28691	0.45589
1320	0.28073	0.28655	0.45536
1321	0.28043	0.28619	0.45487
1322	0.28012	0.28583	0.4544
1323	0.27979	0.28545	0.45394
1324	0.27942	0.28505	0.45345
1325	0.27901	0.2846	0.45295
1326	0.27855	0.28409	0.45245
1327	0.27804	0.28355	0.45193
1328	0.27757	0.28306	0.45139
1329	0.27716	0.28259	0.45083
1330	0.27674	0.28209	0.45023
1331	0.27631	0.28155	0.44958
1332	0.27588	0.28104	0.44892
1333	0.27546	0.28059	0.44826
1334	0.2751	0.28021	0.44765
1335	0.27475	0.27985	0.44709
1336	0.27438	0.27948	0.44654
1337	0.27399	0.27909	0.44594
1338	0.27356	0.27866	0.4453
1339	0.27308	0.27817	0.44466
1340	0.27259	0.27765	0.44407
1341	0.27212	0.27713	0.44354
1342	0.27174	0.27666	0.44304
1343	0.27139	0.27619	0.44252
1344	0.27103	0.27565	0.44199
1345	0.27068	0.27512	0.44148
1346	0.27034	0.27465	0.44099
1347	0.26998	0.27423	0.44054
1348	0.26962	0.27386	0.44013
1349	0.26928	0.27353	0.43973
1350	0.26896	0.27323	0.43932
1351	0.26866	0.27297	0.43894
1352	0.26836	0.2727	0.43861
1353	0.26803	0.27242	0.43834
1354	0.2677	0.27214	0.43811
1355	0.26738	0.27183	0.43785
1356	0.26707	0.2715	0.43755
1357	0.26681	0.27116	0.43717
1358	0.26656	0.2708	0.43675
1359	0.2663	0.27042	0.43635
1360	0.266	0.27	0.43593
1361	0.26562	0.26954	0.43541
1362	0.2652	0.26905	0.43482
1363	0.26477	0.26856	0.43416
1364	0.26432	0.26806	0.43345
1365	0.26386	0.26753	0.43274
1366	0.26333	0.26692	0.43202
1367	0.26268	0.26622	0.43123
1368	0.26195	0.26545	0.43033
1369	0.26116	0.26459	0.42928
1370	0.26032	0.26367	0.42811
1371	0.25945	0.26269	0.42682
1372	0.2585	0.26162	0.42543
1373	0.25747	0.26046	0.42399
1374	0.25637	0.25925	0.4225
1375	0.25518	0.25796	0.42088
1376	0.25388	0.25661	0.41914
1377	0.25251	0.25519	0.41726
1378	0.2511	0.2537	0.4153
1379	0.24961	0.2521	0.41322
1380	0.248	0.25039	0.41102
1381	0.24626	0.24856	0.40862
1382	0.24437	0.24661	0.40602
1383	0.24236	0.24453	0.4032
1384	0.24021	0.24229	0.40013
1385	0.23792	0.23991	0.39684
1386	0.23546	0.23736	0.39338
1387	0.23289	0.23468	0.38977
1388	0.23022	0.23188	0.38603
1389	0.2274	0.22892	0.38209
1390	0.22447	0.22585	0.37799
1391	0.2215	0.2227	0.37376
1392	0.21852	0.21954	0.36944
1393	0.21552	0.21637	0.36506
1394	0.21251	0.2132	0.36061
1395	0.20945	0.21	0.35607
1396	0.20638	0.20679	0.35148
1397	0.20328	0.20356	0.34684
1398	0.20018	0.20032	0.34218
1399	0.19708	0.1971	0.33754
1400	0.194	0.19391	0.33299
1401	0.19098	0.1908	0.32855
1402	0.18798	0.18774	0.32416
1403	0.18498	0.18467	0.31979
1404	0.18206	0.1817	0.31552
1405	0.17924	0.17883	0.31137
1406	0.17654	0.17609	0.30735
1407	0.17401	0.17352	0.30351
1408	0.17161	0.17109	0.29981
1409	0.16931	0.16876	0.29624
1410	0.16709	0.16654	0.29281
1411	0.16497	0.16439	0.2895
1412	0.16297	0.16236	0.28634
1413	0.16106	0.16045	0.28336
1414	0.15928	0.15867	0.28057
1415	0.15763	0.15701	0.27794
1416	0.15607	0.15542	0.27543
1417	0.15456	0.15385	0.27302
1418	0.15315	0.15237	0.27079
1419	0.15185	0.15101	0.26874
1420	0.15069	0.14977	0.26687
1421	0.14965	0.14868	0.26516
1422	0.14869	0.1477	0.26357
1423	0.14775	0.14677	0.26206
1424	0.14687	0.1459	0.26063
1425	0.14602	0.14508	0.25929
1426	0.14523	0.14432	0.25806
1427	0.14447	0.14359	0.25693
1428	0.14376	0.14286	0.25586
1429	0.14309	0.14214	0.25484
1430	0.14246	0.14146	0.25387
1431	0.14184	0.14081	0.25295
1432	0.14127	0.14024	0.25213
1433	0.14078	0.13975	0.2514
1434	0.14036	0.13934	0.25074
1435	0.14	0.13901	0.25015
1436	0.13967	0.13876	0.24961
1437	0.13937	0.13855	0.24912
1438	0.13908	0.13837	0.24867
1439	0.13881	0.13823	0.24828
1440	0.13858	0.13812	0.24795
1441	0.13839	0.138	0.24765
1442	0.13822	0.13787	0.24739
1443	0.13806	0.13773	0.24716
1444	0.13793	0.13762	0.24695
1445	0.13782	0.13751	0.24677
1446	0.13765	0.13734	0.24655
1447	0.13745	0.13715	0.24633
1448	0.13728	0.13696	0.24617
1449	0.13714	0.13679	0.24609
1450	0.13702	0.13669	0.24606
1451	0.1371	0.13683	0.24618
1452	0.1371	0.13683	0.24624
1453	0.13713	0.13683	0.24632
1454	0.13717	0.13686	0.24644
1455	0.13723	0.1369	0.24659
1456	0.13733	0.13697	0.24678
1457	0.13744	0.13706	0.24701
1458	0.1376	0.13718	0.2473
1459	0.13778	0.13735	0.24763
1460	0.13798	0.13755	0.24801
1461	0.13821	0.13778	0.24843
1462	0.13849	0.13805	0.2489
1463	0.13879	0.13836	0.24943
1464	0.13912	0.1387	0.25001
1465	0.13949	0.13908	0.25063
1466	0.13987	0.13948	0.25129
1467	0.14028	0.13989	0.25199
1468	0.1407	0.14033	0.25274
1469	0.14114	0.14078	0.25352
1470	0.14158	0.14124	0.25433
1471	0.14203	0.14172	0.25517
1472	0.14251	0.14223	0.25608
1473	0.14303	0.14277	0.25705
1474	0.14358	0.14334	0.25807
1475	0.14415	0.14394	0.25912
1476	0.14475	0.14457	0.26021
1477	0.14539	0.14521	0.26134
1478	0.14604	0.14588	0.2625
1479	0.1467	0.14655	0.26368
1480	0.14738	0.14726	0.26488
1481	0.14809	0.14799	0.26611
1482	0.14881	0.14873	0.26736
1483	0.14953	0.14948	0.26862
1484	0.15026	0.15025	0.2699
1485	0.15102	0.15103	0.27119
1486	0.15178	0.15182	0.2725
1487	0.15256	0.15262	0.27381
1488	0.15335	0.15343	0.27515
1489	0.15416	0.15425	0.2765
1490	0.15498	0.15508	0.27786
1491	0.15582	0.15593	0.27923
1492	0.15665	0.15677	0.28061
1493	0.15748	0.15762	0.28199
1494	0.15832	0.15849	0.28337
1495	0.15916	0.15937	0.28477
1496	0.16	0.16024	0.28617
1497	0.16086	0.16111	0.28757
1498	0.16172	0.16199	0.28898
1499	0.16256	0.16287	0.29038
1500	0.16339	0.16374	0.29178
1501	0.16423	0.1646	0.29316
1502	0.16506	0.16545	0.29452
1503	0.16588	0.16629	0.29585
1504	0.1667	0.16714	0.2972
1505	0.16753	0.16801	0.29855
1506	0.16837	0.16887	0.2999
1507	0.16922	0.16972	0.30125
1508	0.17007	0.17057	0.3026
1509	0.17091	0.1714	0.30392
1510	0.17175	0.17224	0.30524
1511	0.1726	0.17309	0.30658
1512	0.17346	0.17396	0.30793
1513	0.17431	0.17484	0.30928
1514	0.17516	0.17571	0.31062
1515	0.176	0.17656	0.31194
1516	0.17682	0.1774	0.31325
1517	0.17762	0.17824	0.31454
1518	0.17843	0.17908	0.31581
1519	0.17925	0.17993	0.31708
1520	0.18007	0.18076	0.31835
1521	0.18088	0.18159	0.31963
1522	0.18168	0.18242	0.32091
1523	0.18248	0.18324	0.32218
1524	0.18328	0.18404	0.32343
1525	0.18408	0.18484	0.32467
1526	0.18486	0.18563	0.3259
1527	0.18563	0.18641	0.32711
1528	0.18637	0.18718	0.32831
1529	0.18711	0.18795	0.32951
1530	0.18785	0.18872	0.33071
1531	0.18858	0.18949	0.33189
1532	0.1893	0.19025	0.33304
1533	0.19002	0.19101	0.33418
1534	0.19074	0.19176	0.33532
1535	0.19145	0.1925	0.33642
1536	0.19216	0.19324	0.33751
1537	0.19286	0.19396	0.33856
1538	0.19353	0.19466	0.33958
1539	0.1942	0.19537	0.3406
1540	0.19487	0.19607	0.34163
1541	0.19554	0.19675	0.34264
1542	0.19619	0.1974	0.34364
1543	0.19683	0.19805	0.34461
1544	0.19747	0.19871	0.34558
1545	0.19812	0.19938	0.34655
1546	0.19877	0.20006	0.34753
1547	0.19944	0.20075	0.34854
1548	0.20011	0.20143	0.34952
1549	0.20075	0.20208	0.35048
1550	0.20137	0.20272	0.35142
1551	0.20198	0.20334	0.35235
1552	0.20259	0.20397	0.35328
1553	0.20321	0.2046	0.35421
1554	0.20383	0.20523	0.35513
1555	0.20445	0.20584	0.35605
1556	0.20504	0.20643	0.35695
1557	0.20561	0.20701	0.35784
1558	0.20617	0.20758	0.3587
1559	0.20673	0.20813	0.35953
1560	0.20728	0.20868	0.36035
1561	0.20782	0.20924	0.36116
1562	0.20834	0.20979	0.36197
1563	0.20887	0.21034	0.36278
1564	0.20939	0.21089	0.36358
1565	0.20989	0.21144	0.36436
1566	0.21039	0.21198	0.36512
1567	0.21088	0.21252	0.36587
1568	0.21137	0.21305	0.36662
1569	0.21186	0.21357	0.36736
1570	0.21233	0.21407	0.36808
1571	0.2128	0.21457	0.36879
1572	0.21326	0.21505	0.36949
1573	0.2137	0.21551	0.37017
1574	0.21414	0.21597	0.37085
1575	0.21457	0.21642	0.37154
1576	0.21501	0.21687	0.37223
1577	0.21545	0.21731	0.37292
1578	0.21589	0.21776	0.37361
1579	0.21634	0.21823	0.37428
1580	0.2168	0.2187	0.37495
1581	0.21725	0.21915	0.3756
1582	0.21768	0.21961	0.37625
1583	0.21811	0.22005	0.3769
1584	0.21852	0.22048	0.37754
1585	0.21892	0.22089	0.37818
1586	0.21932	0.22131	0.37881
1587	0.21975	0.22174	0.37946
1588	0.22018	0.22218	0.38009
1589	0.22059	0.22261	0.3807
1590	0.22097	0.22303	0.38128
1591	0.22135	0.22342	0.38185
1592	0.22171	0.22381	0.38242
1593	0.22207	0.2242	0.38299
1594	0.22243	0.2246	0.38357
1595	0.22279	0.225	0.38415
1596	0.22315	0.22539	0.38471
1597	0.2235	0.22578	0.38527
1598	0.22385	0.22616	0.38583
1599	0.22421	0.22655	0.3864
1600	0.22456	0.22694	0.38697
1601	0.2249	0.22732	0.3875
1602	0.22523	0.22768	0.38803
1603	0.22558	0.22804	0.38857
1604	0.22592	0.22839	0.3891
1605	0.22627	0.22875	0.38962
1606	0.22662	0.2291	0.39015
1607	0.22696	0.22944	0.39065
1608	0.22729	0.22978	0.39114
1609	0.22763	0.23013	0.39163
1610	0.22797	0.23048	0.39214
1611	0.22831	0.23082	0.39265
1612	0.22864	0.23117	0.39314
1613	0.22896	0.2315	0.39362
1614	0.22928	0.23182	0.3941
1615	0.22959	0.23215	0.39455
1616	0.2299	0.23247	0.39498
1617	0.23019	0.23276	0.39541
1618	0.23047	0.23305	0.39585
1619	0.23075	0.23334	0.39627
1620	0.23102	0.23362	0.39668
1621	0.2313	0.2339	0.39708
1622	0.23158	0.23419	0.39749
1623	0.23186	0.23448	0.39789
1624	0.23211	0.23475	0.39827
1625	0.23233	0.23501	0.39863
1626	0.23255	0.23528	0.39901
1627	0.23277	0.23553	0.39937
1628	0.23298	0.23579	0.39973
1629	0.23318	0.23603	0.40008
1630	0.23337	0.23625	0.40043
1631	0.23357	0.23648	0.40078
1632	0.23377	0.2367	0.40114
1633	0.23396	0.23691	0.40149
1634	0.23415	0.23713	0.40183
1635	0.23434	0.23734	0.40216
1636	0.23452	0.23753	0.40248
1637	0.23469	0.23772	0.40278
1638	0.23487	0.23792	0.40308
1639	0.23506	0.23813	0.40337
1640	0.23525	0.23833	0.40364
1641	0.23544	0.23854	0.4039
1642	0.23562	0.23875	0.40415
1643	0.23581	0.23897	0.4044
1644	0.236	0.23919	0.40467
1645	0.23619	0.23939	0.40496
1646	0.23636	0.23957	0.40525
1647	0.23654	0.23974	0.40553
1648	0.23672	0.23992	0.40583
1649	0.2369	0.24007	0.40612
1650	0.23707	0.24021	0.40639
1651	0.23725	0.24034	0.40664
1652	0.23741	0.24045	0.40687
1653	0.23753	0.24053	0.40709
1654	0.23764	0.24059	0.40728
1655	0.23774	0.24065	0.40746
1656	0.23783	0.24072	0.40762
1657	0.23792	0.24076	0.40779
1658	0.23798	0.2408	0.40794
1659	0.23802	0.24083	0.40807
1660	0.23804	0.24086	0.40819
1661	0.23806	0.24089	0.40832
1662	0.23808	0.24092	0.40844
1663	0.23808	0.24092	0.40853
1664	0.23806	0.24091	0.40863
1665	0.23807	0.2409	0.40874
1666	0.23808	0.2409	0.40885
1667	0.23808	0.24089	0.40896
1668	0.23806	0.24085	0.40905
1669	0.23803	0.24081	0.40912
1670	0.23799	0.24078	0.40919
1671	0.23797	0.24076	0.40928
1672	0.23794	0.24075	0.40936
1673	0.23792	0.24074	0.4094
1674	0.23788	0.24072	0.40943
1675	0.23785	0.2407	0.40944
1676	0.23781	0.24069	0.40944
1677	0.23775	0.24068	0.40944
1678	0.2377	0.24066	0.40943
1679	0.23765	0.24064	0.40944
1680	0.23759	0.2406	0.40946
1681	0.2375	0.24054	0.40946
1682	0.23742	0.24047	0.40945
1683	0.23735	0.24041	0.40944
1684	0.23728	0.24032	0.40941
1685	0.23719	0.24021	0.40936
1686	0.23708	0.24007	0.40927
1687	0.23694	0.2399	0.40914
1688	0.23678	0.23972	0.40898
1689	0.23662	0.23954	0.40882
1690	0.23647	0.23937	0.40867
1691	0.23631	0.23921	0.40851
1692	0.23615	0.23903	0.40835
1693	0.23599	0.23885	0.40817
1694	0.23583	0.23866	0.40798
1695	0.23565	0.23846	0.40779
1696	0.23548	0.23827	0.4076
1697	0.23534	0.23809	0.40744
1698	0.23519	0.23788	0.40726
1699	0.23502	0.23766	0.40706
1700	0.23487	0.23746	0.40686
1701	0.23472	0.23728	0.40665
1702	0.23457	0.23709	0.40645
1703	0.2344	0.23691	0.40627
1704	0.23424	0.23673	0.40608
1705	0.23409	0.23656	0.40588
1706	0.23393	0.23639	0.40569
1707	0.23378	0.2362	0.40551
1708	0.23362	0.236	0.40532
1709	0.23344	0.2358	0.40511
1710	0.23327	0.23561	0.40487
1711	0.23311	0.23543	0.40462
1712	0.23294	0.23524	0.4044
1713	0.23274	0.23506	0.40422
1714	0.23254	0.23486	0.40404
1715	0.23233	0.23465	0.40386
1716	0.23208	0.23441	0.40364
1717	0.2318	0.23413	0.40338
1718	0.23154	0.23386	0.40311
1719	0.23128	0.23359	0.40282
1720	0.23101	0.2333	0.40249
1721	0.2307	0.23298	0.40212
1722	0.23037	0.23266	0.40174
1723	0.23004	0.23235	0.40136
1724	0.22972	0.23206	0.401
1725	0.22942	0.23178	0.40066
1726	0.22911	0.23147	0.40031
1727	0.2288	0.23115	0.39994
1728	0.22851	0.23085	0.39957
1729	0.22824	0.23055	0.3992
1730	0.22796	0.23026	0.39884
1731	0.22768	0.22998	0.3985
1732	0.22742	0.2297	0.39817
1733	0.22716	0.22943	0.39784
1734	0.2269	0.22917	0.39752
1735	0.22665	0.22893	0.39718
1736	0.22641	0.22871	0.39688
1737	0.22617	0.2285	0.39661
1738	0.22596	0.22828	0.39635
1739	0.22575	0.22806	0.39608
1740	0.22554	0.22781	0.39579
1741	0.22534	0.22755	0.39551
1742	0.22516	0.2273	0.39525
1743	0.225	0.22709	0.395
1744	0.22484	0.22691	0.39475
1745	0.22466	0.22671	0.39449
1746	0.22446	0.22649	0.39422
1747	0.22423	0.22625	0.39395
1748	0.22395	0.22598	0.3937
1749	0.22365	0.22569	0.39339
1750	0.22333	0.22537	0.39301
1751	0.22299	0.22502	0.3926
1752	0.22263	0.22465	0.39217
1753	0.22227	0.22426	0.39174
1754	0.22191	0.22388	0.39129
1755	0.22154	0.22348	0.39081
1756	0.22115	0.22306	0.39031
1757	0.22076	0.22265	0.38981
1758	0.22039	0.22227	0.38932
1759	0.22001	0.22188	0.38885
1760	0.21965	0.22148	0.3884
1761	0.2193	0.22109	0.38793
1762	0.21896	0.2207	0.38743
1763	0.21863	0.22033	0.38694
1764	0.21831	0.21998	0.38644
1765	0.21803	0.21967	0.38597
1766	0.21776	0.21939	0.38553
1767	0.21746	0.21907	0.38508
1768	0.21715	0.21875	0.38465
1769	0.21688	0.21847	0.38424
1770	0.21662	0.2182	0.38384
1771	0.21636	0.21793	0.38347
1772	0.21611	0.21768	0.38313
1773	0.21589	0.21745	0.3828
1774	0.2157	0.21723	0.38247
1775	0.21552	0.21701	0.38217
1776	0.21536	0.2168	0.3819
1777	0.21523	0.21662	0.38169
1778	0.21513	0.2165	0.38153
1779	0.21505	0.2164	0.38142
1780	0.21494	0.21629	0.3813
1781	0.21479	0.21614	0.38115
1782	0.21464	0.21598	0.38101
1783	0.2145	0.21584	0.38088
1784	0.21438	0.21572	0.38077
1785	0.21433	0.2156	0.38084
1786	0.21428	0.21552	0.38089
1787	0.21425	0.21547	0.38092
1788	0.2142	0.21536	0.38086
1789	0.21415	0.21521	0.38072
1790	0.21406	0.21511	0.38057
1791	0.21396	0.21508	0.38045
1792	0.21388	0.21507	0.38039
1793	0.21386	0.21507	0.38042
1794	0.21389	0.21506	0.3805
1795	0.21395	0.21507	0.38053
1796	0.21405	0.21511	0.3805
1797	0.21409	0.21516	0.3805
1798	0.21407	0.21521	0.38055
1799	0.21405	0.21527	0.38058
1800	0.21408	0.21533	0.38061
1801	0.21415	0.21542	0.38066
1802	0.21423	0.21551	0.38067
1803	0.2143	0.21559	0.38068
1804	0.21442	0.21573	0.3808
1805	0.21459	0.21592	0.38103
1806	0.21481	0.2162	0.38128
1807	0.21508	0.21655	0.38157
1808	0.21527	0.21681	0.38182
1809	0.21536	0.21695	0.38202
1810	0.21542	0.21703	0.3822
1811	0.21555	0.21715	0.38241
1812	0.21573	0.2173	0.38265
1813	0.21585	0.2174	0.38289
1814	0.21591	0.21746	0.38314
1815	0.216	0.21754	0.38341
1816	0.21611	0.21761	0.38371
1817	0.21623	0.21772	0.38398
1818	0.21637	0.21787	0.38423
1819	0.2165	0.218	0.38445
1820	0.21663	0.2181	0.38464
1821	0.21675	0.21818	0.38486
1822	0.2168	0.21829	0.38492
1823	0.21683	0.21836	0.385
1824	0.21687	0.2184	0.38499
1825	0.21695	0.21848	0.38498
1826	0.21699	0.21859	0.38505
1827	0.21705	0.21862	0.38516
1828	0.2172	0.21862	0.3853
1829	0.21744	0.21864	0.38546
1830	0.21764	0.21864	0.38553
1831	0.21768	0.21853	0.3854
1832	0.21756	0.21829	0.38521
1833	0.21742	0.21809	0.38507
1834	0.21735	0.21792	0.38489
1835	0.21731	0.21778	0.38467
1836	0.21725	0.21768	0.38447
1837	0.21716	0.2176	0.38425
1838	0.21703	0.21752	0.384
1839	0.21683	0.2174	0.38373
1840	0.21656	0.21722	0.38339
1841	0.21622	0.21697	0.3829
1842	0.2158	0.21667	0.38232
1843	0.21525	0.21621	0.38166
1844	0.21451	0.21553	0.38082
1845	0.21373	0.21476	0.37983
1846	0.21304	0.21408	0.37885
1847	0.2124	0.21347	0.3779
1848	0.21164	0.21276	0.37686
1849	0.21069	0.21188	0.37564
1850	0.20967	0.21092	0.37429
1851	0.2087	0.21	0.37296
1852	0.20766	0.20905	0.37154
1853	0.20655	0.20802	0.37
1854	0.2054	0.20692	0.36838
1855	0.20418	0.20568	0.36665
1856	0.20286	0.20434	0.36481
1857	0.20148	0.20295	0.36288
1858	0.20007	0.20154	0.36086
1859	0.19865	0.20004	0.35865
1860	0.19723	0.19843	0.35628
1861	0.19573	0.19668	0.3538
1862	0.19407	0.19479	0.35118
1863	0.19228	0.19281	0.34833
1864	0.19039	0.19075	0.34526
1865	0.18833	0.18854	0.34192
1866	0.18601	0.18611	0.33825
1867	0.18349	0.18348	0.33426
1868	0.18091	0.18081	0.3301
1869	0.17827	0.17817	0.32579
1870	0.17544	0.1754	0.32123
1871	0.17237	0.17241	0.31633
1872	0.1691	0.16919	0.31107
1873	0.16564	0.16577	0.30546
1874	0.16201	0.16217	0.29955
1875	0.1583	0.15844	0.29337
1876	0.15456	0.15464	0.28695
1877	0.15076	0.15081	0.28033
1878	0.14685	0.14698	0.27351
1879	0.14287	0.1431	0.26646
1880	0.13892	0.13913	0.25923
1881	0.13503	0.13518	0.25197
1882	0.13117	0.13135	0.24471
1883	0.12729	0.12756	0.23738
1884	0.12333	0.12366	0.2299
1885	0.11936	0.11973	0.22238
1886	0.11555	0.11596	0.21504
1887	0.11194	0.11244	0.20793
1888	0.10845	0.10901	0.20089
1889	0.10505	0.10559	0.19387
1890	0.10174	0.10223	0.18693
1891	0.098582	0.099002	0.18015
1892	0.095623	0.095943	0.17359
1893	0.092875	0.093105	0.16735
1894	0.090319	0.090463	0.1614
1895	0.087867	0.087899	0.1556
1896	0.085499	0.085407	0.14993
1897	0.083208	0.083085	0.14446
1898	0.081015	0.080998	0.13926
1899	0.078982	0.079084	0.13437
1900	0.077119	0.077288	0.12979
1901	0.075419	0.075615	0.1255
1902	0.073819	0.074051	0.12143
1903	0.072315	0.072609	0.11759
1904	0.07096	0.071329	0.11403
1905	0.069747	0.070178	0.11074
1906	0.068625	0.069069	0.10769
1907	0.067562	0.067972	0.10487
1908	0.06659	0.066969	0.10227
1909	0.065696	0.066045	0.099837
1910	0.064942	0.065245	0.097597
1911	0.064391	0.06466	0.095687
1912	0.063946	0.064228	0.094054
1913	0.063487	0.063753	0.092496
1914	0.063052	0.063244	0.091039
1915	0.062652	0.062735	0.089716
1916	0.062273	0.062252	0.088523
1917	0.061936	0.061924	0.087466
1918	0.061666	0.06178	0.08654
1919	0.061429	0.061655	0.085736
1920	0.061136	0.061435	0.085001
1921	0.060855	0.061231	0.084379
1922	0.060669	0.061106	0.083854
1923	0.060531	0.060979	0.083378
1924	0.060358	0.060776	0.082958
1925	0.060171	0.060531	0.082612
1926	0.060062	0.060348	0.082355
1927	0.060034	0.06023	0.082163
1928	0.059997	0.060126	0.082017
1929	0.059923	0.060036	0.081937
1930	0.059855	0.059948	0.081885
1931	0.059837	0.059877	0.081844
1932	0.059897	0.059884	0.081932
1933	0.059964	0.059932	0.082145
1934	0.060032	0.059983	0.08244
1935	0.06013	0.060063	0.082758
1936	0.060261	0.060179	0.083103
1937	0.0604	0.06031	0.08346
1938	0.060536	0.060436	0.083816
1939	0.060735	0.060611	0.084299
1940	0.061012	0.060871	0.084946
1941	0.061298	0.061167	0.085684
1942	0.061572	0.061475	0.086459
1943	0.061848	0.06179	0.087243
1944	0.062122	0.062067	0.088017
1945	0.062411	0.062333	0.088832
1946	0.062786	0.062711	0.089842
1947	0.063224	0.063173	0.091
1948	0.063599	0.063513	0.092008
1949	0.063875	0.06368	0.092804
1950	0.064152	0.063924	0.093638
1951	0.064455	0.064314	0.09457
1952	0.064787	0.064748	0.095553
1953	0.065094	0.065116	0.096504
1954	0.065336	0.06539	0.0974
1955	0.065549	0.065612	0.098261
1956	0.065759	0.065807	0.099106
1957	0.066002	0.06605	0.10001
1958	0.06628	0.066336	0.10097
1959	0.066513	0.066578	0.1019
1960	0.066692	0.066771	0.10279
1961	0.066901	0.066965	0.10367
1962	0.067164	0.06718	0.10459
1963	0.067438	0.067404	0.10553
1964	0.067706	0.067647	0.10646
1965	0.067997	0.067929	0.10742
1966	0.068345	0.068237	0.10848
1967	0.068724	0.068548	0.10961
1968	0.069102	0.068874	0.11067
1969	0.069466	0.069212	0.11165
1970	0.069801	0.069538	0.11263
1971	0.070128	0.06986	0.11363
1972	0.070495	0.07016	0.11467
1973	0.07091	0.07045	0.11573
1974	0.071332	0.070784	0.11685
1975	0.071758	0.071212	0.11808
1976	0.072227	0.071721	0.11941
1977	0.072795	0.072274	0.1208
1978	0.073433	0.07285	0.12224
1979	0.074025	0.073399	0.12364
1980	0.074584	0.073926	0.12505
1981	0.075216	0.074552	0.12656
1982	0.075919	0.075271	0.12817
1983	0.076543	0.075919	0.12965
1984	0.077061	0.076456	0.131
1985	0.077524	0.076911	0.13234
1986	0.077981	0.077311	0.13367
1987	0.078456	0.077693	0.13501
1988	0.078982	0.078111	0.13638
1989	0.079526	0.078552	0.13776
1990	0.079992	0.078968	0.13899
1991	0.080408	0.07939	0.14012
1992	0.080807	0.079861	0.1414
1993	0.081186	0.08037	0.14283
1994	0.081525	0.080827	0.14412
1995	0.081802	0.081191	0.14523
1996	0.08213	0.081601	0.14642
1997	0.082575	0.082134	0.14782
1998	0.083039	0.082694	0.14923
1999	0.083444	0.083217	0.15055
2000	0.083887	0.083779	0.1519
2001	0.084527	0.084478	0.15347
2002	0.085295	0.085247	0.15517
2003	0.085969	0.085931	0.1567
2004	0.08657	0.086556	0.15808
2005	0.087139	0.087137	0.15947
2006	0.087669	0.087652	0.16087
2007	0.08831	0.088234	0.16233
2008	0.089076	0.088929	0.16386
2009	0.089839	0.089638	0.16542
2010	0.090559	0.090324	0.16699
2011	0.091275	0.091031	0.16858
2012	0.092007	0.091762	0.17014
2013	0.092766	0.092524	0.17166
2014	0.093554	0.09337	0.17323
2015	0.094306	0.094245	0.17481
2016	0.094925	0.095005	0.17631
2017	0.095457	0.095668	0.17775
2018	0.096019	0.096265	0.17909
2019	0.096597	0.096793	0.18035
2020	0.097179	0.09733	0.18164
2021	0.097755	0.097845	0.18292
2022	0.098363	0.098376	0.18418
2023	0.099063	0.099027	0.18555
2024	0.099822	0.099744	0.18699
2025	0.10048	0.10032	0.18827
2026	0.10096	0.10074	0.18931
2027	0.10141	0.10118	0.19045
2028	0.10189	0.10169	0.19175
2029	0.10239	0.10214	0.19297
2030	0.10287	0.1025	0.19404
2031	0.10331	0.10281	0.19509
2032	0.10375	0.10314	0.19622
2033	0.10418	0.10349	0.19739
2034	0.10455	0.10379	0.19852
2035	0.10495	0.10412	0.19966
2036	0.10549	0.10457	0.20083
2037	0.10608	0.10507	0.20199
2038	0.10655	0.10544	0.20305
2039	0.10688	0.10571	0.204
2040	0.10733	0.10614	0.20507
2041	0.10792	0.10673	0.20625
2042	0.1085	0.10731	0.20734
2043	0.10907	0.10787	0.20835
2044	0.10965	0.10848	0.20938
2045	0.11023	0.10912	0.21041
2046	0.11078	0.10974	0.21149
2047	0.11132	0.11037	0.21263
2048	0.11195	0.11111	0.21375
2049	0.11271	0.11199	0.21486
2050	0.11342	0.11284	0.21604
2051	0.11388	0.11344	0.21714
2052	0.11422	0.1139	0.21805
2053	0.11483	0.11459	0.21897
2054	0.11567	0.11548	0.21995
2055	0.11634	0.1163	0.22095
2056	0.11682	0.11701	0.22193
2057	0.11729	0.11759	0.22282
2058	0.11779	0.11808	0.22365
2059	0.11836	0.1186	0.22453
2060	0.11896	0.11912	0.22543
2061	0.11946	0.11956	0.22619
2062	0.11979	0.11991	0.22682
2063	0.12011	0.12029	0.22762
2064	0.12058	0.12073	0.22867
2065	0.1211	0.12113	0.2297
2066	0.12146	0.12148	0.2306
2067	0.12168	0.12178	0.23151
2068	0.12195	0.12206	0.23265
2069	0.12229	0.12233	0.23388
2070	0.12266	0.12264	0.23501
2071	0.12308	0.12305	0.23608
2072	0.12362	0.1236	0.23721
2073	0.12427	0.12421	0.23842
2074	0.12488	0.12469	0.23955
2075	0.1254	0.12508	0.24056
2076	0.12597	0.12564	0.24171
2077	0.12663	0.12635	0.24298
2078	0.12728	0.12697	0.24418
2079	0.12787	0.12746	0.24539
2080	0.12842	0.12786	0.24659
2081	0.12896	0.12831	0.24773
2082	0.12957	0.12885	0.24885
2083	0.13027	0.1294	0.25
2084	0.13099	0.12995	0.25104
2085	0.1315	0.13041	0.25185
2086	0.13181	0.13077	0.25259
2087	0.1322	0.13119	0.25348
2088	0.13283	0.1318	0.25446
2089	0.13348	0.13238	0.25524
2090	0.13389	0.13272	0.25586
2091	0.13418	0.13294	0.25664
2092	0.13464	0.13328	0.2576
2093	0.13523	0.13371	0.25858
2094	0.13576	0.13419	0.25953
2095	0.13621	0.13471	0.26042
2096	0.13657	0.13518	0.26119
2097	0.13686	0.13559	0.26189
2098	0.13717	0.13604	0.26277
2099	0.13761	0.13659	0.26389
2100	0.13818	0.13725	0.26504
2101	0.1387	0.13789	0.26606
2102	0.13902	0.13837	0.26706
2103	0.13928	0.13873	0.26817
2104	0.13972	0.13918	0.26932
2105	0.14033	0.13981	0.27035
2106	0.14098	0.14059	0.27127
2107	0.14162	0.14141	0.2722
2108	0.14227	0.14214	0.27319
2109	0.14287	0.14267	0.27418
2110	0.14335	0.14314	0.27519
2111	0.14386	0.14383	0.27637
2112	0.14454	0.1447	0.27774
2113	0.14527	0.14534	0.27906
2114	0.14581	0.14565	0.28014
2115	0.1461	0.14588	0.28093
2116	0.14634	0.14621	0.28154
2117	0.1468	0.14672	0.28224
2118	0.14738	0.14726	0.28312
2119	0.14785	0.14766	0.28392
2120	0.14812	0.14793	0.28447
2121	0.14828	0.14812	0.28488
2122	0.14853	0.1483	0.28549
2123	0.14886	0.14855	0.28636
2124	0.14911	0.14873	0.28716
2125	0.14933	0.14881	0.28776
2126	0.14966	0.14899	0.28852
2127	0.15012	0.14936	0.28952
2128	0.15052	0.14977	0.29046
2129	0.15078	0.1501	0.29125
2130	0.15083	0.15021	0.29188
2131	0.15076	0.15018	0.2923
2132	0.15066	0.15006	0.2924
2133	0.15065	0.14999	0.29247
2134	0.15078	0.15014	0.29289
2135	0.15096	0.15043	0.29341
2136	0.15119	0.15072	0.2937
2137	0.15146	0.15094	0.29383
2138	0.15181	0.1512	0.29423
2139	0.15227	0.15159	0.29486
2140	0.1527	0.15199	0.29535
2141	0.15302	0.15232	0.29571
2142	0.15348	0.15287	0.29628
2143	0.15409	0.1536	0.29707
2144	0.15445	0.15415	0.29776
2145	0.15456	0.15451	0.29837
2146	0.15476	0.15492	0.29917
2147	0.15507	0.15532	0.29999
2148	0.15535	0.15559	0.30067
2149	0.15553	0.15584	0.30129
2150	0.15558	0.15615	0.30178
2151	0.15547	0.15638	0.3021
2152	0.15539	0.15647	0.30241
2153	0.15546	0.15653	0.30275
2154	0.15551	0.15655	0.303
2155	0.15541	0.1565	0.30315
2156	0.15528	0.15643	0.30334
2157	0.1553	0.1564	0.30363
2158	0.15544	0.15641	0.30397
2159	0.15556	0.15642	0.30431
2160	0.15573	0.15649	0.30471
2161	0.15606	0.15674	0.30518
2162	0.15641	0.15707	0.30564
2163	0.15653	0.15721	0.30596
2164	0.1564	0.1571	0.30612
2165	0.15621	0.15683	0.30616
2166	0.15602	0.1565	0.306
2167	0.1559	0.15629	0.30575
2168	0.15594	0.15622	0.30559
2169	0.156	0.1562	0.3057
2170	0.15601	0.15619	0.30598
2171	0.15609	0.1562	0.30613
2172	0.15644	0.15639	0.30625
2173	0.15691	0.15671	0.30668
2174	0.15719	0.1569	0.30732
2175	0.1572	0.15687	0.30779
2176	0.1572	0.15692	0.30804
2177	0.15747	0.15732	0.30846
2178	0.15798	0.158	0.30916
2179	0.15829	0.1585	0.30978
2180	0.15819	0.15866	0.31021
2181	0.15814	0.15881	0.31078
2182	0.15847	0.15908	0.3115
2183	0.15881	0.15929	0.31206
2184	0.15889	0.15939	0.31242
2185	0.15897	0.15952	0.3128
2186	0.15917	0.15964	0.31317
2187	0.15932	0.15961	0.31342
2188	0.15938	0.15951	0.31358
2189	0.15944	0.15941	0.31372
2190	0.15952	0.15931	0.31394
2191	0.15964	0.15928	0.31423
2192	0.1598	0.15927	0.31448
2193	0.15999	0.15919	0.31471
2194	0.16008	0.15904	0.31494
2195	0.16011	0.159	0.31519
2196	0.16024	0.15913	0.3155
2197	0.16043	0.15927	0.31578
2198	0.16043	0.15916	0.31589
2199	0.16024	0.15892	0.31588
2200	0.16011	0.15881	0.31589
2201	0.16017	0.15878	0.31599
2202	0.16027	0.15877	0.31622
2203	0.16026	0.1588	0.3165
2204	0.16012	0.15881	0.31665
2205	0.1599	0.15876	0.31661
2206	0.15968	0.1587	0.31654
2207	0.15951	0.15867	0.31668
2208	0.15935	0.15871	0.31688
2209	0.15907	0.15865	0.31688
2210	0.15879	0.15846	0.3168
2211	0.15865	0.1583	0.31681
2212	0.15862	0.15833	0.31679
2213	0.15859	0.15845	0.31672
2214	0.15856	0.15859	0.31679
2215	0.15847	0.1587	0.31695
2216	0.15828	0.15864	0.31692
2217	0.15816	0.15845	0.31672
2218	0.15817	0.15829	0.31654
2219	0.15813	0.15823	0.31638
2220	0.15802	0.15821	0.31622
2221	0.15805	0.15826	0.3162
2222	0.15817	0.1583	0.31616
2223	0.15812	0.15824	0.31591
2224	0.15793	0.15814	0.31568
2225	0.15776	0.15795	0.31553
2226	0.15764	0.15765	0.31524
2227	0.15756	0.15747	0.31479
2228	0.15759	0.1576	0.31463
2229	0.15774	0.1578	0.31481
2230	0.15783	0.15783	0.31488
2231	0.15787	0.15789	0.31475
2232	0.15798	0.15807	0.31469
2233	0.15806	0.15813	0.3146
2234	0.15809	0.15808	0.31442
2235	0.15814	0.15808	0.3142
2236	0.15822	0.15803	0.31388
2237	0.1582	0.15783	0.31357
2238	0.15802	0.1576	0.31336
2239	0.15775	0.15744	0.31308
2240	0.15754	0.15726	0.31269
2241	0.1573	0.15698	0.3124
2242	0.15693	0.15668	0.31234
2243	0.15666	0.15649	0.31246
2244	0.15656	0.15634	0.31246
2245	0.15644	0.156	0.31214
2246	0.15619	0.15545	0.31183
2247	0.15586	0.15493	0.31163
2248	0.15556	0.15457	0.31138
2249	0.15534	0.15426	0.31111
2250	0.15499	0.15388	0.3109
2251	0.15452	0.15346	0.31067
2252	0.15409	0.153	0.31033
2253	0.15371	0.15248	0.30993
2254	0.15325	0.15198	0.30962
2255	0.15276	0.15156	0.3094
2256	0.15244	0.15116	0.30919
2257	0.15233	0.15081	0.30896
2258	0.15212	0.15051	0.30866
2259	0.15168	0.15011	0.30822
2260	0.15113	0.14958	0.30773
2261	0.15065	0.14913	0.3072
2262	0.15034	0.14885	0.30663
2263	0.15002	0.14865	0.30613
2264	0.14956	0.14839	0.30587
2265	0.14908	0.14795	0.30563
2266	0.14875	0.14754	0.30521
2267	0.14843	0.14722	0.30461
2268	0.14783	0.14673	0.30379
2269	0.14706	0.14603	0.30285
2270	0.14654	0.14546	0.30212
2271	0.14623	0.14512	0.30144
2272	0.14573	0.14478	0.30047
2273	0.14514	0.1444	0.29952
2274	0.14481	0.14411	0.29891
2275	0.14456	0.14385	0.29841
2276	0.14408	0.14347	0.29791
2277	0.14343	0.1431	0.29754
2278	0.14294	0.14288	0.2973
2279	0.14264	0.14263	0.29693
2280	0.14227	0.14218	0.2962
2281	0.1417	0.14167	0.2953
2282	0.14115	0.14126	0.29456
2283	0.14081	0.14091	0.29389
2284	0.14056	0.1404	0.29307
2285	0.1402	0.13976	0.29217
2286	0.13975	0.13931	0.29134
2287	0.13938	0.13911	0.29057
2288	0.13906	0.13885	0.28981
2289	0.13869	0.13853	0.28905
2290	0.13843	0.13837	0.28823
2291	0.13826	0.13831	0.28748
2292	0.1382	0.13831	0.28685
2293	0.13818	0.13839	0.28627
2294	0.13793	0.1384	0.28556
2295	0.13763	0.13831	0.28473
2296	0.13733	0.13809	0.28386
2297	0.13711	0.13801	0.28313
2298	0.13702	0.13812	0.28245
2299	0.13672	0.13795	0.28144
2300	0.1364	0.13763	0.28034
2301	0.13605	0.13728	0.27936
2302	0.13556	0.1369	0.27838
2303	0.13494	0.13655	0.27736
2304	0.13414	0.13614	0.27635
2305	0.13336	0.13567	0.27555
2306	0.13273	0.13529	0.275
2307	0.1322	0.13511	0.2744
2308	0.13177	0.13497	0.27366
2309	0.1314	0.13476	0.27309
2310	0.13081	0.13441	0.27281
2311	0.12986	0.1338	0.27248
2312	0.12907	0.13326	0.27209
2313	0.12871	0.13313	0.27183
2314	0.12831	0.13292	0.27155
2315	0.12764	0.13214	0.27092
2316	0.12709	0.13116	0.27006
2317	0.1268	0.13044	0.26941
2318	0.1264	0.12975	0.26882
2319	0.12574	0.12875	0.26791
2320	0.12516	0.12767	0.2669
2321	0.12473	0.12694	0.26602
2322	0.12417	0.12651	0.26507
2323	0.12358	0.12595	0.2642
2324	0.12337	0.12527	0.26366
2325	0.1234	0.12476	0.26314
2326	0.12344	0.12442	0.26239
2327	0.12343	0.12408	0.26169
2328	0.12351	0.12372	0.26096
2329	0.12366	0.12345	0.26011
2330	0.1237	0.12334	0.25937
2331	0.12364	0.12326	0.25879
2332	0.12365	0.1231	0.25831
2333	0.12402	0.12336	0.2579
2334	0.12439	0.12388	0.25734
2335	0.12425	0.12388	0.25635
2336	0.12391	0.12358	0.25529
2337	0.12371	0.12347	0.25456
2338	0.12373	0.12366	0.25409
2339	0.12353	0.12396	0.25343
2340	0.12314	0.12421	0.25241
2341	0.12323	0.12435	0.25152
2342	0.12366	0.12438	0.25098
2343	0.12387	0.1244	0.25021
2344	0.12368	0.12431	0.24869
2345	0.1232	0.12419	0.24731
2346	0.12248	0.12385	0.24679
2347	0.12195	0.12317	0.24621
2348	0.12188	0.12263	0.24502
2349	0.12165	0.12215	0.24385
2350	0.12119	0.12137	0.24316
2351	0.1208	0.12033	0.24248
2352	0.1202	0.11945	0.24145
2353	0.11932	0.11892	0.24052
2354	0.11842	0.11838	0.23988
2355	0.11782	0.11751	0.2392
2356	0.1179	0.1167	0.23864
2357	0.11804	0.11618	0.23841
2358	0.11753	0.11563	0.23806
2359	0.11718	0.11495	0.23769
2360	0.11729	0.11436	0.23755
2361	0.11702	0.11391	0.23727
2362	0.11628	0.1135	0.23649
2363	0.11565	0.11313	0.23569
2364	0.11506	0.11283	0.23514
2365	0.11418	0.11274	0.23463
2366	0.11334	0.11263	0.23411
2367	0.11292	0.11231	0.2334
2368	0.11258	0.11219	0.23241
2369	0.11192	0.11237	0.23124
2370	0.11124	0.11229	0.23018
2371	0.11074	0.11171	0.22925
2372	0.10999	0.11087	0.22813
2373	0.1091	0.11013	0.22681
2374	0.1085	0.10961	0.22538
2375	0.10816	0.10924	0.22395
2376	0.10798	0.10891	0.22299
2377	0.10751	0.10831	0.22237
2378	0.10647	0.10761	0.22128
2379	0.10536	0.10717	0.21963
2380	0.1046	0.10689	0.21817
2381	0.10382	0.1065	0.21733
2382	0.10302	0.10641	0.21708
2383	0.10267	0.10677	0.21678
2384	0.10199	0.10655	0.21557
2385	0.10043	0.10562	0.21418
2386	0.098984	0.10493	0.21375
2387	0.097768	0.10453	0.21345
2388	0.096612	0.10414	0.21252
2389	0.096196	0.10375	0.21173
2390	0.096172	0.10289	0.21118
2391	0.095711	0.10172	0.2104
2392	0.094957	0.10109	0.20948
2393	0.093945	0.10057	0.20822
2394	0.093103	0.099653	0.20642
2395	0.093095	0.098779	0.20473
2396	0.093746	0.098446	0.20391
2397	0.094432	0.098509	0.2033
2398	0.094243	0.098265	0.20151
2399	0.093345	0.097402	0.19923
2400	0.092495	0.095714	0.19721
2401	0.0919	0.093713	0.19511
2402	0.091448	0.092394	0.1934
2403	0.091097	0.091704	0.19225
2404	0.091049	0.09091	0.19115
2405	0.091275	0.089665	0.19013
2406	0.092165	0.088801	0.19006
2407	0.093305	0.08858	0.19032
2408	0.093171	0.088031	0.18893
2409	0.092626	0.087396	0.18692
2410	0.093339	0.087755	0.18647
2411	0.094594	0.089002	0.18725
2412	0.094773	0.089806	0.18748
2413	0.094043	0.089988	0.18691
2414	0.09297	0.0899	0.18534
2415	0.091653	0.089686	0.18315
2416	0.090366	0.089818	0.1814
2417	0.089202	0.090582	0.18027
2418	0.087818	0.091332	0.17886
2419	0.085675	0.090814	0.17625
2420	0.082523	0.089301	0.17299
2421	0.079786	0.088517	0.1708
2422	0.079117	0.088666	0.17073
2423	0.079067	0.08825	0.17086
2424	0.07757	0.086732	0.16882
2425	0.075462	0.084984	0.16577
2426	0.074222	0.083768	0.16419
2427	0.073844	0.083387	0.16399
2428	0.073233	0.082971	0.16251
2429	0.072347	0.08208	0.15949
2430	0.071844	0.081491	0.15713
2431	0.071832	0.081411	0.15598
2432	0.072644	0.081866	0.15587
2433	0.073118	0.082073	0.15558
2434	0.072324	0.081366	0.15452
2435	0.07186	0.080799	0.15423
2436	0.07151	0.080892	0.15432
2437	0.070727	0.081592	0.15406
2438	0.070709	0.08239	0.15408
2439	0.072018	0.08311	0.15448
2440	0.074062	0.084178	0.15522
2441	0.075444	0.084864	0.15585
2442	0.076296	0.084706	0.15602
2443	0.077154	0.08456	0.15537
2444	0.077595	0.08503	0.15385
2445	0.077994	0.085932	0.15299
2446	0.078601	0.087478	0.15259
2447	0.078848	0.089332	0.151
2448	0.078167	0.090203	0.14816
2449	0.076552	0.089613	0.14448
2450	0.074686	0.087919	0.13924
2451	0.073922	0.086678	0.13459
2452	0.074802	0.087793	0.13356
2453	0.075468	0.089248	0.13338
2454	0.073908	0.087541	0.12986
2455	0.071719	0.084857	0.12601
2456	0.070743	0.083419	0.12457
2457	0.07061	0.081789	0.12334
2458	0.06981	0.078617	0.12138
2459	0.068169	0.074829	0.1189
2460	0.066688	0.071418	0.11572
2461	0.065743	0.068485	0.11291
2462	0.065293	0.066232	0.11188
2463	0.065942	0.065557	0.11174
2464	0.067101	0.066259	0.11135
2465	0.066986	0.066561	0.11069
2466	0.065893	0.065751	0.11036
2467	0.067284	0.066441	0.11118
2468	0.071698	0.069937	0.11382
2469	0.073688	0.071507	0.11558
2470	0.072928	0.070301	0.11572
2471	0.0715	0.069213	0.11429
2472	0.069542	0.068776	0.11177
2473	0.069376	0.068183	0.11105
2474	0.071281	0.067183	0.11195
2475	0.073056	0.066928	0.11245
2476	0.074287	0.067194	0.11224
2477	0.074797	0.066736	0.11265
2478	0.074021	0.065755	0.11353
2479	0.071561	0.064621	0.11005
2480	0.068783	0.063949	0.1046
