*Name: Ash top
Type: Leaf Spectrum

Origin: Remote Sensing Laboratories, University of Zurich

Description: abaxial reflectance, adaxial reflectance, and adaxial transmittance

Measurement: Hemispherical Conical Reflectance Factor HCRF measured by ASD Integrating Sphere

Wavelength [nm]	abaxial Reflectance [0 1]	adaxial Reflectance [0 1]	adaxial Transmittance [0 1]
370	0.033969	0.035557	0.0021875
371	0.04514	0.047133	0.0024881
372	0.056004	0.058591	0.00058578
373	0.065019	0.067965	-0.00014171
374	0.072503	0.075718	-2.1697e-06
375	0.078118	0.081559	0.00027409
376	0.079102	0.082291	-0.0012716
377	0.076792	0.079555	-0.0017535
378	0.07024	0.072529	-0.0014982
379	0.068057	0.070458	-0.0020818
380	0.068112	0.070311	-7.9533e-05
381	0.066289	0.068499	0.00031767
382	0.063652	0.066016	-4.0335e-05
383	0.064046	0.06626	0.00072021
384	0.062875	0.065073	0.002326
385	0.061137	0.063602	0.0027686
386	0.060193	0.063028	0.0022118
387	0.058787	0.061623	0.004543
388	0.058244	0.061112	0.0067639
389	0.058243	0.061183	0.0072858
390	0.057159	0.059851	0.0072952
391	0.057403	0.060003	0.0084884
392	0.057401	0.060002	0.0083252
393	0.05611	0.058763	0.0074065
394	0.056223	0.058717	0.0074348
395	0.055854	0.058258	0.0072161
396	0.054856	0.057171	0.0067952
397	0.055312	0.057533	0.0067418
398	0.054952	0.057249	0.0068407
399	0.054248	0.056619	0.0071483
400	0.054019	0.056368	0.0069332
401	0.053179	0.055402	0.0069895
402	0.052425	0.054582	0.0066251
403	0.052474	0.054652	0.0060525
404	0.052185	0.054212	0.0061539
405	0.051884	0.053699	0.0054622
406	0.051572	0.053221	0.0046957
407	0.050964	0.052529	0.0049647
408	0.050621	0.052089	0.0047517
409	0.050225	0.051543	0.0044746
410	0.049752	0.050889	0.0048213
411	0.049919	0.050982	0.0055663
412	0.050085	0.051057	0.0064859
413	0.050116	0.050981	0.0075432
414	0.050226	0.05102	0.0078792
415	0.05018	0.050909	0.0084682
416	0.050312	0.050977	0.0093764
417	0.05076	0.051349	0.010164
418	0.050853	0.051292	0.010774
419	0.051028	0.051321	0.011427
420	0.051491	0.051642	0.012056
421	0.051735	0.051727	0.01248
422	0.051856	0.05167	0.012749
423	0.052147	0.05176	0.013333
424	0.052426	0.051849	0.01414
425	0.052769	0.051998	0.014714
426	0.053132	0.052155	0.01531
427	0.05333	0.052147	0.01606
428	0.053573	0.05221	0.016644
429	0.053837	0.052313	0.017344
430	0.053917	0.052225	0.018044
431	0.054025	0.052172	0.018663
432	0.054294	0.052299	0.019529
433	0.054595	0.052482	0.020424
434	0.05505	0.052813	0.021298
435	0.055307	0.052963	0.022017
436	0.055565	0.05312	0.02279
437	0.055952	0.053423	0.023598
438	0.056195	0.05361	0.024236
439	0.05643	0.053783	0.024828
440	0.05672	0.05401	0.025264
441	0.056786	0.054003	0.025536
442	0.056875	0.054009	0.025746
443	0.057047	0.054074	0.025946
444	0.056999	0.053925	0.026055
445	0.057075	0.053921	0.026209
446	0.057251	0.054031	0.026376
447	0.057311	0.054017	0.0267
448	0.057541	0.054147	0.02729
449	0.057785	0.054282	0.02792
450	0.057898	0.054298	0.02845
451	0.058118	0.054429	0.029008
452	0.058442	0.054668	0.029742
453	0.058791	0.054931	0.030468
454	0.059168	0.055234	0.031084
455	0.059317	0.055291	0.031574
456	0.059356	0.055228	0.031981
457	0.059638	0.055422	0.032525
458	0.059743	0.055479	0.032954
459	0.059814	0.055506	0.033231
460	0.059986	0.055625	0.033457
461	0.05997	0.055555	0.033714
462	0.05998	0.055534	0.033939
463	0.060073	0.055622	0.034156
464	0.06	0.055553	0.034257
465	0.060022	0.055579	0.034389
466	0.06012	0.055693	0.03452
467	0.060162	0.055745	0.034752
468	0.060233	0.055833	0.034991
469	0.060254	0.055866	0.035092
470	0.060138	0.055745	0.035061
471	0.060281	0.055876	0.035208
472	0.060359	0.05593	0.035328
473	0.06036	0.05588	0.035398
474	0.060423	0.055912	0.035424
475	0.060406	0.055892	0.035503
476	0.060437	0.055931	0.03576
477	0.060556	0.056062	0.035981
478	0.060528	0.056026	0.036104
479	0.060503	0.055988	0.036232
480	0.060578	0.056062	0.036399
481	0.060588	0.056065	0.036639
482	0.060599	0.056079	0.036761
483	0.060644	0.056128	0.036767
484	0.060598	0.056062	0.036806
485	0.060692	0.056125	0.037002
486	0.060815	0.056213	0.037174
487	0.060821	0.056179	0.03735
488	0.060856	0.056195	0.037536
489	0.060976	0.056282	0.037841
490	0.061152	0.056417	0.038368
491	0.061358	0.056568	0.038767
492	0.061533	0.05666	0.039127
493	0.061686	0.056713	0.039531
494	0.061946	0.056874	0.039992
495	0.062223	0.057045	0.04055
496	0.062525	0.057242	0.041214
497	0.062958	0.057553	0.041881
498	0.063389	0.05784	0.042608
499	0.063829	0.058131	0.043355
500	0.064331	0.058484	0.044147
501	0.064802	0.058794	0.045076
502	0.065322	0.059138	0.046092
503	0.065991	0.059606	0.047297
504	0.066712	0.060117	0.048719
505	0.067478	0.060652	0.050134
506	0.068301	0.061223	0.051569
507	0.069138	0.061788	0.053101
508	0.070089	0.062445	0.05477
509	0.071158	0.063205	0.056647
510	0.072227	0.063955	0.058628
511	0.073417	0.064808	0.06067
512	0.074704	0.06575	0.062873
513	0.076004	0.066704	0.06525
514	0.077408	0.067766	0.067757
515	0.078867	0.068887	0.070383
516	0.080365	0.070037	0.073218
517	0.082068	0.071386	0.076324
518	0.083861	0.072835	0.079592
519	0.08567	0.074307	0.082908
520	0.087582	0.075892	0.086275
521	0.089535	0.077523	0.08972
522	0.091528	0.079208	0.093276
523	0.093605	0.080997	0.096892
524	0.095639	0.082771	0.10049
525	0.097696	0.084592	0.10411
526	0.099755	0.086436	0.10772
527	0.10169	0.088191	0.11121
528	0.10358	0.089928	0.11454
529	0.10543	0.091654	0.11777
530	0.10715	0.093265	0.1209
531	0.10883	0.094863	0.12388
532	0.11042	0.096393	0.12665
533	0.11185	0.097764	0.12921
534	0.11322	0.099092	0.13161
535	0.11448	0.10033	0.13381
536	0.11555	0.1014	0.13576
537	0.11656	0.10244	0.13751
538	0.11747	0.10339	0.13913
539	0.11823	0.10419	0.1406
540	0.11889	0.10492	0.14191
541	0.11947	0.10557	0.14307
542	0.11998	0.10616	0.14415
543	0.12048	0.10675	0.14518
544	0.12093	0.10727	0.14615
545	0.12136	0.10779	0.14713
546	0.12183	0.10834	0.14809
547	0.12226	0.10885	0.14905
548	0.12268	0.10936	0.15
549	0.12314	0.1099	0.1509
550	0.12352	0.11037	0.15169
551	0.12388	0.11082	0.15243
552	0.1242	0.11123	0.15308
553	0.1244	0.1115	0.1536
554	0.12453	0.11171	0.15399
555	0.12461	0.11186	0.15427
556	0.12456	0.11188	0.15437
557	0.12439	0.11178	0.15429
558	0.12414	0.1116	0.15408
559	0.12376	0.11127	0.15369
560	0.12328	0.11084	0.1531
561	0.12271	0.11032	0.15239
562	0.12202	0.10969	0.15157
563	0.12131	0.10901	0.1506
564	0.1205	0.10825	0.14948
565	0.11957	0.10736	0.14821
566	0.11862	0.10642	0.14682
567	0.11758	0.10541	0.14531
568	0.11645	0.10432	0.14367
569	0.1153	0.1032	0.14191
570	0.11407	0.10201	0.14002
571	0.1128	0.10077	0.13805
572	0.11152	0.099528	0.136
573	0.1102	0.098241	0.13388
574	0.10889	0.096968	0.13177
575	0.10764	0.09576	0.12972
576	0.10642	0.094582	0.12773
577	0.10527	0.093481	0.12582
578	0.10418	0.092446	0.12398
579	0.1031	0.091417	0.12222
580	0.1021	0.09047	0.12058
581	0.10119	0.089623	0.11907
582	0.10028	0.088769	0.11761
583	0.099437	0.087982	0.11623
584	0.098672	0.08728	0.11494
585	0.097913	0.086583	0.11375
586	0.097219	0.085944	0.11263
587	0.096588	0.085365	0.11161
588	0.095942	0.084768	0.11063
589	0.095395	0.084263	0.10975
590	0.094929	0.083843	0.109
591	0.09449	0.083455	0.10836
592	0.094114	0.083128	0.10777
593	0.09377	0.082831	0.10726
594	0.093468	0.082568	0.10684
595	0.093249	0.082386	0.10648
596	0.09301	0.082184	0.10612
597	0.092793	0.082003	0.10578
598	0.092638	0.081887	0.10544
599	0.09245	0.081734	0.10512
600	0.092255	0.081575	0.1048
601	0.092058	0.081409	0.10448
602	0.091784	0.08116	0.10409
603	0.091534	0.080939	0.1037
604	0.09129	0.080739	0.10328
605	0.090973	0.080473	0.10282
606	0.090636	0.080182	0.1023
607	0.090263	0.079854	0.10169
608	0.089828	0.079469	0.10099
609	0.089389	0.079085	0.10023
610	0.088942	0.078689	0.099414
611	0.088417	0.078218	0.098498
612	0.087885	0.077751	0.097504
613	0.087332	0.077267	0.096494
614	0.086743	0.076751	0.095509
615	0.086167	0.076246	0.09452
616	0.085586	0.075736	0.093503
617	0.085	0.075234	0.092496
618	0.084439	0.074763	0.091495
619	0.083872	0.07428	0.090547
620	0.083321	0.07381	0.089669
621	0.082827	0.073396	0.088799
622	0.082384	0.073029	0.088004
623	0.082012	0.072726	0.087343
624	0.081715	0.072486	0.086773
625	0.081418	0.072246	0.086258
626	0.081178	0.07206	0.085844
627	0.081024	0.071939	0.085523
628	0.080877	0.07182	0.085299
629	0.080756	0.071728	0.085126
630	0.080704	0.071706	0.085018
631	0.080642	0.071672	0.084956
632	0.080561	0.071614	0.084874
633	0.08046	0.071539	0.084754
634	0.080312	0.071425	0.084591
635	0.080144	0.071299	0.084321
636	0.079948	0.071153	0.083992
637	0.079681	0.070946	0.083573
638	0.079378	0.070712	0.083027
639	0.079031	0.070443	0.082383
640	0.078567	0.070068	0.081606
641	0.078076	0.069667	0.080719
642	0.077535	0.069238	0.079753
643	0.07695	0.068782	0.078703
644	0.076395	0.068362	0.077603
645	0.075786	0.067892	0.076442
646	0.075117	0.06737	0.075209
647	0.074471	0.066872	0.073963
648	0.073832	0.066384	0.07275
649	0.073211	0.065915	0.071577
650	0.07265	0.065497	0.070453
651	0.072103	0.065082	0.069383
652	0.071602	0.064698	0.068401
653	0.071205	0.064406	0.067546
654	0.070789	0.064088	0.066734
655	0.070428	0.063814	0.065969
656	0.070134	0.063608	0.065265
657	0.069806	0.063365	0.06452
658	0.069475	0.06312	0.063732
659	0.069122	0.06287	0.062892
660	0.068675	0.062538	0.061924
661	0.068211	0.062195	0.060854
662	0.067709	0.061826	0.059674
663	0.06716	0.061417	0.058396
664	0.066615	0.061012	0.057052
665	0.066056	0.060591	0.055679
666	0.065485	0.060149	0.05428
667	0.06501	0.05979	0.052948
668	0.064567	0.059445	0.051663
669	0.064184	0.059151	0.050471
670	0.063916	0.058955	0.049421
671	0.063688	0.058777	0.048449
672	0.063519	0.058648	0.047582
673	0.063456	0.058611	0.046849
674	0.063414	0.058571	0.046173
675	0.063418	0.058553	0.045574
676	0.06354	0.058637	0.045096
677	0.063708	0.058746	0.044697
678	0.063917	0.058875	0.044364
679	0.064181	0.059037	0.044098
680	0.064476	0.059206	0.043935
681	0.064875	0.059453	0.043965
682	0.065371	0.059776	0.044181
683	0.065962	0.060173	0.044647
684	0.066691	0.060679	0.045427
685	0.067555	0.061294	0.04655
686	0.068532	0.061988	0.048042
687	0.069696	0.062827	0.049994
688	0.071038	0.063804	0.052435
689	0.072543	0.064899	0.055368
690	0.074341	0.066251	0.058922
691	0.076402	0.067831	0.063108
692	0.078742	0.069662	0.067949
693	0.081433	0.07183	0.07348
694	0.084485	0.074357	0.079744
695	0.087914	0.077278	0.086725
696	0.091751	0.080646	0.094379
697	0.096003	0.084489	0.10271
698	0.10066	0.088816	0.11163
699	0.10574	0.093663	0.1211
700	0.11116	0.098944	0.131
701	0.11689	0.10464	0.14123
702	0.12288	0.11071	0.15165
703	0.12903	0.11705	0.16216
704	0.13534	0.12365	0.17272
705	0.14176	0.13045	0.18321
706	0.14817	0.13732	0.19353
707	0.15458	0.14424	0.20364
708	0.16094	0.15119	0.21352
709	0.16722	0.15808	0.22314
710	0.17343	0.16494	0.2325
711	0.17958	0.17177	0.24162
712	0.18563	0.17852	0.25051
713	0.19166	0.18526	0.25921
714	0.19763	0.19193	0.26772
715	0.20352	0.19854	0.27604
716	0.20937	0.20513	0.28419
717	0.21517	0.21166	0.29218
718	0.22092	0.21815	0.3
719	0.22664	0.2246	0.30767
720	0.23227	0.23098	0.31518
721	0.23782	0.23727	0.32252
722	0.24333	0.24352	0.32972
723	0.24874	0.24967	0.33673
724	0.25406	0.25571	0.34357
725	0.25928	0.26165	0.35021
726	0.26435	0.26744	0.35665
727	0.26933	0.2731	0.36289
728	0.27417	0.27862	0.36891
729	0.27884	0.28393	0.37471
730	0.28335	0.28908	0.38026
731	0.2877	0.29404	0.38558
732	0.29187	0.2988	0.39067
733	0.29588	0.30337	0.39552
734	0.29969	0.30773	0.40013
735	0.3033	0.31186	0.40449
736	0.30675	0.31581	0.40861
737	0.31001	0.31954	0.4125
738	0.31306	0.32304	0.41615
739	0.31594	0.32637	0.41957
740	0.31864	0.32949	0.42278
741	0.32116	0.3324	0.42578
742	0.32351	0.33514	0.42858
743	0.32566	0.33767	0.43118
744	0.32764	0.34	0.43358
745	0.32949	0.34219	0.43583
746	0.33116	0.34419	0.43792
747	0.33268	0.34602	0.43985
748	0.33406	0.34771	0.4416
749	0.33529	0.34922	0.44321
750	0.3364	0.35061	0.44468
751	0.33738	0.35186	0.446
752	0.33823	0.35296	0.44721
753	0.33899	0.35397	0.44829
754	0.33966	0.35486	0.44925
755	0.34022	0.35565	0.45012
756	0.34075	0.35637	0.4509
757	0.3412	0.35701	0.45161
758	0.34156	0.35756	0.45226
759	0.34191	0.35808	0.45285
760	0.34221	0.35853	0.45337
761	0.34244	0.35891	0.45384
762	0.34266	0.35926	0.45425
763	0.34282	0.35955	0.45462
764	0.34295	0.3598	0.45495
765	0.34307	0.36003	0.45524
766	0.34314	0.36022	0.45552
767	0.34319	0.36037	0.45575
768	0.34323	0.36051	0.45596
769	0.34323	0.36062	0.45616
770	0.34323	0.36071	0.45634
771	0.34322	0.36079	0.45649
772	0.34318	0.36084	0.45664
773	0.34317	0.3609	0.45678
774	0.34315	0.36096	0.45691
775	0.34309	0.36098	0.45703
776	0.34306	0.36101	0.45714
777	0.34304	0.36105	0.45726
778	0.34302	0.36107	0.4574
779	0.34302	0.36112	0.45752
780	0.34301	0.36115	0.45765
781	0.34298	0.36116	0.45778
782	0.34299	0.36121	0.45791
783	0.34298	0.36124	0.45805
784	0.34297	0.36126	0.45816
785	0.34298	0.3613	0.45825
786	0.34299	0.36133	0.45836
787	0.34301	0.36137	0.45848
788	0.34304	0.36143	0.45861
789	0.34306	0.36148	0.45874
790	0.3431	0.36155	0.45888
791	0.34317	0.36163	0.45904
792	0.3432	0.36167	0.4592
793	0.34323	0.36173	0.45935
794	0.34328	0.36179	0.45951
795	0.3433	0.36183	0.45967
796	0.34337	0.36191	0.45984
797	0.34343	0.36198	0.45999
798	0.34347	0.36203	0.46013
799	0.34354	0.36211	0.46027
800	0.3436	0.36219	0.46042
801	0.34366	0.36226	0.46058
802	0.34375	0.36236	0.46073
803	0.34381	0.36244	0.46088
804	0.34389	0.36254	0.46105
805	0.34399	0.36265	0.46121
806	0.34404	0.3627	0.46135
807	0.3441	0.36277	0.46149
808	0.34418	0.36287	0.46164
809	0.34423	0.36293	0.46178
810	0.34429	0.363	0.46191
811	0.34435	0.36308	0.46205
812	0.34439	0.36313	0.46217
813	0.34445	0.36321	0.4623
814	0.3445	0.36328	0.46242
815	0.34452	0.36332	0.46254
816	0.34459	0.3634	0.46266
817	0.34465	0.36348	0.46279
818	0.3447	0.36354	0.46293
819	0.34479	0.36363	0.46305
820	0.34483	0.36369	0.46316
821	0.34487	0.36375	0.46327
822	0.34495	0.36385	0.46338
823	0.34499	0.3639	0.46348
824	0.34505	0.36396	0.46357
825	0.34511	0.36405	0.46365
826	0.34514	0.3641	0.46372
827	0.34519	0.36416	0.46379
828	0.34524	0.36423	0.46387
829	0.34525	0.36425	0.46395
830	0.34531	0.36433	0.46404
831	0.34536	0.36439	0.46413
832	0.34539	0.36443	0.46423
833	0.34545	0.36451	0.46432
834	0.34548	0.36455	0.4644
835	0.3455	0.36458	0.46447
836	0.34557	0.36465	0.46456
837	0.3456	0.36469	0.46464
838	0.34562	0.36473	0.46469
839	0.34566	0.3648	0.46474
840	0.34567	0.36483	0.46479
841	0.34569	0.36487	0.46484
842	0.34571	0.36492	0.46488
843	0.34571	0.36494	0.46492
844	0.34576	0.365	0.46498
845	0.34582	0.36508	0.46505
846	0.34585	0.36513	0.46512
847	0.34592	0.36521	0.46519
848	0.34597	0.36526	0.46523
849	0.34598	0.36529	0.46528
850	0.34602	0.36535	0.46532
851	0.34602	0.36536	0.46534
852	0.34602	0.36538	0.46536
853	0.34605	0.36543	0.4654
854	0.34605	0.36544	0.46544
855	0.34604	0.36544	0.46547
856	0.34604	0.36545	0.46549
857	0.34602	0.36544	0.46553
858	0.34606	0.36548	0.4656
859	0.34611	0.36553	0.46567
860	0.34612	0.36554	0.46575
861	0.34617	0.3656	0.46581
862	0.34618	0.36562	0.46585
863	0.34615	0.3656	0.46588
864	0.34615	0.36561	0.4659
865	0.34613	0.36562	0.46594
866	0.34613	0.36563	0.46599
867	0.34618	0.36569	0.46602
868	0.34616	0.36568	0.46602
869	0.34614	0.36567	0.46602
870	0.34615	0.36569	0.46602
871	0.34615	0.36568	0.46605
872	0.34616	0.3657	0.46608
873	0.34617	0.36571	0.4661
874	0.34614	0.36568	0.46613
875	0.34616	0.3657	0.46617
876	0.34616	0.36569	0.46621
877	0.3461	0.36564	0.46624
878	0.34612	0.36567	0.46626
879	0.34612	0.36569	0.46629
880	0.34612	0.3657	0.46631
881	0.34615	0.36574	0.46632
882	0.34611	0.36572	0.46637
883	0.3461	0.36572	0.46641
884	0.34613	0.36575	0.46644
885	0.34609	0.36571	0.46647
886	0.34608	0.36571	0.46649
887	0.34609	0.36572	0.46653
888	0.34606	0.36568	0.46658
889	0.34611	0.36572	0.46663
890	0.34612	0.36573	0.46666
891	0.34609	0.3657	0.46666
892	0.34615	0.36576	0.46668
893	0.34615	0.36577	0.46669
894	0.34615	0.36576	0.46671
895	0.34619	0.36579	0.46674
896	0.34616	0.36575	0.46679
897	0.34615	0.36574	0.46682
898	0.34616	0.36574	0.46681
899	0.34609	0.36567	0.46676
900	0.34607	0.36566	0.46675
901	0.34605	0.36563	0.46675
902	0.34596	0.36555	0.46673
903	0.34599	0.36558	0.46671
904	0.34597	0.36556	0.4667
905	0.34592	0.36551	0.4667
906	0.34595	0.36554	0.46669
907	0.34592	0.36552	0.4667
908	0.34591	0.36551	0.46673
909	0.34595	0.36554	0.46675
910	0.34595	0.36552	0.46685
911	0.34598	0.36555	0.46689
912	0.34599	0.36557	0.46687
913	0.34592	0.3655	0.4668
914	0.34593	0.3655	0.4668
915	0.34592	0.36548	0.46682
916	0.34588	0.36542	0.46684
917	0.34592	0.36546	0.46684
918	0.34588	0.36541	0.4668
919	0.34583	0.36536	0.46676
920	0.34585	0.36537	0.46675
921	0.34578	0.36529	0.46675
922	0.34571	0.36522	0.46671
923	0.34565	0.36517	0.46665
924	0.34553	0.36505	0.46659
925	0.34548	0.365	0.4665
926	0.3454	0.36492	0.46642
927	0.34526	0.36478	0.46637
928	0.34526	0.36478	0.46639
929	0.34519	0.3647	0.46639
930	0.3451	0.3646	0.46637
931	0.34509	0.36458	0.46633
932	0.34502	0.3645	0.46631
933	0.345	0.36445	0.46632
934	0.34499	0.36441	0.46631
935	0.34486	0.36425	0.46623
936	0.34475	0.36413	0.46604
937	0.34462	0.36397	0.46585
938	0.34446	0.36375	0.46569
939	0.34444	0.36369	0.46552
940	0.3443	0.36352	0.46536
941	0.34413	0.36334	0.46523
942	0.34405	0.36325	0.46509
943	0.34386	0.36305	0.46493
944	0.34371	0.36289	0.46479
945	0.34361	0.36277	0.46466
946	0.34344	0.36257	0.46453
947	0.34336	0.36244	0.46438
948	0.34321	0.36226	0.46419
949	0.34296	0.36199	0.46393
950	0.34274	0.36174	0.46357
951	0.34249	0.36144	0.46327
952	0.34226	0.36117	0.46298
953	0.34206	0.36094	0.46264
954	0.34173	0.36057	0.46233
955	0.3415	0.36028	0.46205
956	0.34132	0.36005	0.46179
957	0.34107	0.35974	0.46152
958	0.34094	0.35953	0.46125
959	0.34078	0.3593	0.46102
960	0.3406	0.35907	0.46082
961	0.34055	0.35897	0.46061
962	0.34036	0.35876	0.46041
963	0.34017	0.35856	0.46021
964	0.34002	0.3584	0.46001
965	0.33977	0.35813	0.45977
966	0.33966	0.35802	0.45959
967	0.33958	0.35793	0.45947
968	0.33944	0.35777	0.45941
969	0.33948	0.35777	0.45938
970	0.33947	0.35771	0.45936
971	0.33944	0.35765	0.45933
972	0.33949	0.35768	0.45926
973	0.3394	0.35757	0.45923
974	0.33939	0.35756	0.45915
975	0.33944	0.3576	0.45904
976	0.33932	0.35745	0.45898
977	0.33927	0.35737	0.45889
978	0.33917	0.35725	0.45877
979	0.33906	0.35714	0.45863
980	0.3392	0.35729	0.45859
981	0.33921	0.35728	0.45862
982	0.33922	0.35727	0.45869
983	0.3393	0.35732	0.45877
984	0.33917	0.35716	0.45883
985	0.33916	0.35716	0.4588
986	0.33913	0.35715	0.45879
987	0.33902	0.35706	0.45888
988	0.33916	0.35722	0.45897
989	0.33925	0.35731	0.45909
990	0.33934	0.3574	0.45929
991	0.33956	0.35761	0.45951
992	0.33959	0.35765	0.45967
993	0.33989	0.35791	0.45987
994	0.34025	0.35824	0.46012
995	0.34046	0.35842	0.4604
996	0.34061	0.35855	0.46046
997	0.34077	0.35871	0.46061
998	0.34094	0.35888	0.46082
999	0.34131	0.35928	0.46105
1000	0.34169	0.35971	0.46146
1001	0.34217	0.36026	0.46201
1002	0.34281	0.361	0.46266
1003	0.34336	0.36159	0.46335
1004	0.34386	0.36212	0.46401
1005	0.34425	0.36256	0.46457
1006	0.34449	0.36285	0.46501
1007	0.34484	0.36324	0.46538
1008	0.34497	0.36344	0.46557
1009	0.34489	0.36347	0.46553
1010	0.34469	0.36336	0.46528
1011	0.34459	0.36333	0.46519
1012	0.34455	0.36331	0.46508
1013	0.34453	0.36326	0.46496
1014	0.34451	0.36322	0.46494
1015	0.34453	0.36326	0.46503
1016	0.34457	0.36334	0.46518
1017	0.34459	0.36343	0.46537
1018	0.34458	0.36355	0.46555
1019	0.34459	0.36371	0.4658
1020	0.34456	0.36386	0.46614
1021	0.34451	0.36398	0.4664
1022	0.3445	0.36411	0.46652
1023	0.34451	0.36424	0.46657
1024	0.34459	0.36439	0.46663
1025	0.34476	0.36455	0.46672
1026	0.34496	0.36468	0.4668
1027	0.34513	0.36474	0.46686
1028	0.34532	0.3648	0.46698
1029	0.34555	0.36493	0.46717
1030	0.34581	0.36511	0.46743
1031	0.34604	0.3653	0.46776
1032	0.34627	0.36546	0.46813
1033	0.34647	0.3656	0.46853
1034	0.34658	0.36566	0.46883
1035	0.34661	0.36564	0.46899
1036	0.34665	0.36561	0.46903
1037	0.34669	0.36562	0.46896
1038	0.3467	0.36565	0.46882
1039	0.3467	0.36565	0.46865
1040	0.34668	0.36566	0.46848
1041	0.34671	0.36574	0.46843
1042	0.34677	0.36587	0.46855
1043	0.34684	0.36602	0.46875
1044	0.3469	0.36619	0.46897
1045	0.34694	0.36632	0.46911
1046	0.34701	0.36643	0.46919
1047	0.3471	0.36657	0.46927
1048	0.34713	0.36669	0.46936
1049	0.34713	0.36679	0.46946
1050	0.34717	0.36695	0.46952
1051	0.34727	0.36716	0.4695
1052	0.34736	0.36728	0.46947
1053	0.34748	0.36738	0.46949
1054	0.3477	0.36755	0.4696
1055	0.34797	0.36777	0.4698
1056	0.34818	0.3679	0.46996
1057	0.34828	0.36792	0.47002
1058	0.34827	0.36784	0.47
1059	0.34819	0.36768	0.46993
1060	0.34811	0.36751	0.46985
1061	0.34802	0.36739	0.46985
1062	0.34791	0.36732	0.46991
1063	0.34782	0.36727	0.46994
1064	0.34776	0.36726	0.46993
1065	0.34772	0.36727	0.46994
1066	0.3477	0.36727	0.46999
1067	0.34772	0.3673	0.47008
1068	0.3478	0.36737	0.47019
1069	0.34785	0.36741	0.47033
1070	0.34785	0.3674	0.47046
1071	0.34781	0.36737	0.47058
1072	0.34775	0.36735	0.4707
1073	0.3477	0.36736	0.47086
1074	0.34768	0.36739	0.47103
1075	0.34767	0.36744	0.47117
1076	0.34769	0.3675	0.47128
1077	0.34772	0.36755	0.47133
1078	0.34774	0.36761	0.47135
1079	0.34775	0.36764	0.47133
1080	0.34774	0.36761	0.47129
1081	0.34771	0.36753	0.47123
1082	0.34761	0.36739	0.47116
1083	0.34748	0.36723	0.47109
1084	0.34738	0.36711	0.47101
1085	0.3473	0.367	0.47094
1086	0.3472	0.36693	0.4709
1087	0.34713	0.3669	0.47091
1088	0.34708	0.36687	0.47093
1089	0.34707	0.36685	0.47094
1090	0.34707	0.36682	0.47093
1091	0.34709	0.36679	0.4709
1092	0.34711	0.36677	0.47084
1093	0.34714	0.36673	0.47074
1094	0.34718	0.3667	0.47064
1095	0.34722	0.36667	0.47056
1096	0.34721	0.36664	0.47047
1097	0.3472	0.36662	0.4704
1098	0.34721	0.36661	0.47036
1099	0.34718	0.36656	0.47033
1100	0.34714	0.36652	0.47035
1101	0.34712	0.36651	0.47041
1102	0.34713	0.3665	0.47049
1103	0.34712	0.36645	0.47052
1104	0.34708	0.36638	0.47051
1105	0.34703	0.3663	0.4704
1106	0.34696	0.36623	0.47022
1107	0.34685	0.36613	0.47
1108	0.34671	0.36602	0.46978
1109	0.34657	0.36591	0.46964
1110	0.34643	0.36578	0.46956
1111	0.34634	0.36567	0.46951
1112	0.3463	0.36556	0.4695
1113	0.34625	0.36544	0.46953
1114	0.34619	0.36533	0.46963
1115	0.34615	0.36526	0.46977
1116	0.34611	0.36519	0.46986
1117	0.34606	0.36511	0.46989
1118	0.34603	0.36503	0.46986
1119	0.34598	0.36493	0.46974
1120	0.3459	0.3648	0.46951
1121	0.34576	0.36463	0.46923
1122	0.34558	0.36445	0.46898
1123	0.3454	0.36425	0.46878
1124	0.34523	0.36403	0.4686
1125	0.34506	0.36379	0.4684
1126	0.34481	0.36349	0.46821
1127	0.34445	0.36312	0.46806
1128	0.34404	0.36274	0.46786
1129	0.34365	0.36239	0.4676
1130	0.34328	0.36205	0.46728
1131	0.34294	0.36171	0.46695
1132	0.34263	0.36137	0.46658
1133	0.34231	0.36101	0.4661
1134	0.34198	0.36064	0.46552
1135	0.34163	0.3602	0.46489
1136	0.34124	0.35972	0.46424
1137	0.34084	0.35922	0.46359
1138	0.34041	0.35866	0.46294
1139	0.33992	0.35803	0.46227
1140	0.33935	0.35733	0.46161
1141	0.33877	0.35661	0.46093
1142	0.33818	0.3559	0.46021
1143	0.33759	0.35518	0.45946
1144	0.33698	0.35446	0.45872
1145	0.33635	0.35372	0.45797
1146	0.33569	0.35299	0.45721
1147	0.33502	0.35225	0.45644
1148	0.33435	0.3515	0.45571
1149	0.33372	0.35077	0.45504
1150	0.33315	0.35009	0.45443
1151	0.33263	0.34947	0.45387
1152	0.33212	0.34884	0.45332
1153	0.33165	0.34823	0.45279
1154	0.33122	0.34765	0.45227
1155	0.33082	0.34713	0.45174
1156	0.33045	0.34665	0.4512
1157	0.3301	0.3462	0.45066
1158	0.32973	0.34576	0.45015
1159	0.32934	0.34535	0.44969
1160	0.32898	0.34498	0.44927
1161	0.32866	0.34467	0.44892
1162	0.3284	0.34442	0.44864
1163	0.32818	0.34422	0.44843
1164	0.32799	0.34402	0.44826
1165	0.32779	0.34379	0.44812
1166	0.3276	0.34356	0.44803
1167	0.32743	0.34337	0.44797
1168	0.32728	0.34321	0.44791
1169	0.32714	0.34309	0.44783
1170	0.327	0.34296	0.44772
1171	0.32683	0.3428	0.4476
1172	0.32663	0.34262	0.44749
1173	0.32649	0.3425	0.44738
1174	0.32641	0.34243	0.44726
1175	0.32636	0.34239	0.44718
1176	0.32634	0.34237	0.44712
1177	0.32633	0.34235	0.4471
1178	0.32633	0.3423	0.44709
1179	0.32631	0.34222	0.44706
1180	0.32627	0.34214	0.44701
1181	0.32621	0.34206	0.44694
1182	0.32612	0.34195	0.44681
1183	0.32599	0.34178	0.44659
1184	0.3258	0.34154	0.44631
1185	0.3256	0.34126	0.44601
1186	0.32545	0.34101	0.44575
1187	0.32536	0.34083	0.44553
1188	0.32529	0.34068	0.44536
1189	0.32525	0.34057	0.44527
1190	0.32525	0.34049	0.44526
1191	0.32527	0.34044	0.44532
1192	0.32526	0.34041	0.44539
1193	0.32521	0.34038	0.44544
1194	0.32514	0.34036	0.44547
1195	0.32506	0.34036	0.44548
1196	0.32495	0.34033	0.44544
1197	0.32482	0.34027	0.44536
1198	0.32469	0.34021	0.44527
1199	0.3246	0.34018	0.44522
1200	0.32456	0.3402	0.44522
1201	0.32456	0.34026	0.44523
1202	0.32459	0.34033	0.44528
1203	0.32465	0.34041	0.44537
1204	0.32471	0.34047	0.44548
1205	0.32476	0.3405	0.44558
1206	0.32479	0.34051	0.44567
1207	0.32483	0.34053	0.44578
1208	0.32487	0.34054	0.44591
1209	0.32489	0.34053	0.44605
1210	0.32488	0.3405	0.44619
1211	0.3249	0.34049	0.44632
1212	0.32496	0.34052	0.44645
1213	0.32507	0.3406	0.44658
1214	0.32524	0.34075	0.44672
1215	0.32544	0.34092	0.4469
1216	0.32564	0.34112	0.44709
1217	0.32585	0.34134	0.44727
1218	0.32605	0.34158	0.44742
1219	0.32625	0.34179	0.44754
1220	0.32645	0.34198	0.44766
1221	0.32664	0.34218	0.44785
1222	0.32679	0.34236	0.44808
1223	0.32688	0.34251	0.44831
1224	0.32694	0.34265	0.44849
1225	0.32701	0.34279	0.44862
1226	0.32709	0.34291	0.44875
1227	0.32719	0.34304	0.44888
1228	0.3273	0.34318	0.44906
1229	0.3274	0.34334	0.44928
1230	0.32749	0.34352	0.44947
1231	0.32757	0.34371	0.44964
1232	0.32765	0.34387	0.44982
1233	0.32774	0.34398	0.44999
1234	0.32785	0.3441	0.45018
1235	0.32798	0.34422	0.45039
1236	0.32811	0.34434	0.45056
1237	0.32824	0.34445	0.45064
1238	0.32835	0.34451	0.45066
1239	0.32845	0.34454	0.45067
1240	0.32856	0.34458	0.45072
1241	0.32866	0.34464	0.45083
1242	0.32873	0.34472	0.45098
1243	0.32878	0.34482	0.45114
1244	0.32881	0.34492	0.4513
1245	0.32882	0.34502	0.45148
1246	0.32882	0.34509	0.45168
1247	0.32882	0.34515	0.45186
1248	0.32884	0.34523	0.45202
1249	0.32887	0.34531	0.45215
1250	0.32891	0.3454	0.45222
1251	0.32895	0.34547	0.45226
1252	0.32899	0.34552	0.45228
1253	0.32908	0.34561	0.45235
1254	0.3292	0.34573	0.45248
1255	0.32933	0.34584	0.45263
1256	0.32944	0.34596	0.45278
1257	0.32955	0.34607	0.45295
1258	0.32964	0.34617	0.45312
1259	0.32973	0.34628	0.45326
1260	0.3298	0.34637	0.45336
1261	0.32984	0.34643	0.4534
1262	0.32985	0.34645	0.45339
1263	0.32984	0.34647	0.45334
1264	0.32981	0.34647	0.45325
1265	0.32977	0.34646	0.45315
1266	0.32975	0.34645	0.4531
1267	0.32976	0.34643	0.4531
1268	0.32974	0.34637	0.45311
1269	0.32968	0.34627	0.4531
1270	0.3296	0.34614	0.4531
1271	0.32951	0.34601	0.45313
1272	0.32945	0.3459	0.4532
1273	0.32942	0.34584	0.4533
1274	0.32942	0.34581	0.45342
1275	0.32944	0.34579	0.45353
1276	0.32948	0.34578	0.4536
1277	0.32952	0.34579	0.45362
1278	0.32957	0.34584	0.4536
1279	0.32963	0.34589	0.45355
1280	0.32969	0.34594	0.45347
1281	0.32971	0.34594	0.45335
1282	0.32965	0.34585	0.45319
1283	0.32951	0.34568	0.45299
1284	0.32933	0.34548	0.45279
1285	0.32916	0.34528	0.45263
1286	0.32899	0.34509	0.45254
1287	0.32882	0.34491	0.4525
1288	0.32866	0.34473	0.4525
1289	0.32851	0.34455	0.4525
1290	0.32834	0.34434	0.45247
1291	0.32815	0.34414	0.45239
1292	0.32796	0.34395	0.45226
1293	0.32778	0.34378	0.45208
1294	0.32761	0.34362	0.45186
1295	0.32746	0.34345	0.45163
1296	0.3273	0.34324	0.45139
1297	0.32712	0.34301	0.45116
1298	0.32695	0.34281	0.45095
1299	0.32681	0.34264	0.45074
1300	0.32667	0.34247	0.45053
1301	0.32652	0.34228	0.45031
1302	0.32637	0.34204	0.45006
1303	0.32614	0.34173	0.44976
1304	0.32583	0.34136	0.44941
1305	0.32551	0.34099	0.44903
1306	0.3252	0.34065	0.44863
1307	0.32487	0.34032	0.44822
1308	0.32451	0.33997	0.44782
1309	0.32415	0.33959	0.44746
1310	0.32375	0.33917	0.4471
1311	0.32331	0.33872	0.44674
1312	0.32288	0.33826	0.44636
1313	0.32246	0.33779	0.44594
1314	0.32203	0.3373	0.44548
1315	0.32156	0.33676	0.44495
1316	0.32105	0.33618	0.44433
1317	0.32048	0.33556	0.44366
1318	0.31996	0.33495	0.44299
1319	0.31949	0.33438	0.44233
1320	0.31901	0.3338	0.44165
1321	0.31848	0.33318	0.44098
1322	0.31791	0.33253	0.44031
1323	0.3173	0.33184	0.43965
1324	0.31665	0.33108	0.43898
1325	0.31599	0.33029	0.43828
1326	0.31533	0.32949	0.43758
1327	0.31467	0.32871	0.43689
1328	0.31405	0.32796	0.4362
1329	0.31344	0.32724	0.43549
1330	0.3128	0.32651	0.43471
1331	0.31216	0.32578	0.43392
1332	0.31153	0.32507	0.43312
1333	0.31091	0.32437	0.43231
1334	0.3103	0.32367	0.43151
1335	0.3097	0.32299	0.43075
1336	0.30909	0.3223	0.42998
1337	0.30845	0.32157	0.42916
1338	0.30778	0.32077	0.4283
1339	0.30709	0.31993	0.42742
1340	0.30641	0.3191	0.42657
1341	0.30573	0.31828	0.42576
1342	0.30509	0.31749	0.42499
1343	0.30446	0.31671	0.42423
1344	0.3038	0.31591	0.42344
1345	0.30313	0.31513	0.42264
1346	0.30246	0.31438	0.42185
1347	0.30179	0.31364	0.4211
1348	0.30116	0.31291	0.42041
1349	0.30053	0.3122	0.41976
1350	0.29991	0.3115	0.41911
1351	0.29929	0.31079	0.4185
1352	0.29866	0.31007	0.41791
1353	0.29804	0.30937	0.41728
1354	0.29742	0.30869	0.41663
1355	0.29677	0.308	0.41603
1356	0.29613	0.30729	0.41545
1357	0.29553	0.30661	0.41488
1358	0.29492	0.30595	0.41426
1359	0.29429	0.30528	0.41362
1360	0.29361	0.30453	0.41295
1361	0.2929	0.30372	0.41224
1362	0.29216	0.30287	0.41148
1363	0.29139	0.30197	0.41071
1364	0.29058	0.30102	0.40991
1365	0.28975	0.30003	0.40905
1366	0.28888	0.299	0.40805
1367	0.28795	0.29793	0.40686
1368	0.28698	0.29683	0.40562
1369	0.28594	0.29567	0.4043
1370	0.28488	0.29447	0.40286
1371	0.2838	0.29326	0.40129
1372	0.28268	0.29197	0.39963
1373	0.28149	0.29057	0.39789
1374	0.28019	0.28908	0.39605
1375	0.27879	0.28748	0.39409
1376	0.27727	0.28577	0.39207
1377	0.2756	0.2839	0.38997
1378	0.2738	0.28189	0.38775
1379	0.27185	0.27971	0.38535
1380	0.26977	0.27737	0.38274
1381	0.26753	0.27486	0.37991
1382	0.26516	0.2722	0.3769
1383	0.26264	0.26936	0.37363
1384	0.25997	0.26631	0.37009
1385	0.25714	0.26305	0.3663
1386	0.25417	0.25964	0.36231
1387	0.25106	0.25611	0.35812
1388	0.24784	0.2525	0.35373
1389	0.24449	0.24875	0.34914
1390	0.24103	0.24491	0.34443
1391	0.23748	0.241	0.3396
1392	0.23387	0.237	0.33466
1393	0.23023	0.23296	0.32965
1394	0.22657	0.2289	0.3246
1395	0.22288	0.22479	0.31952
1396	0.21917	0.22068	0.31444
1397	0.21543	0.21655	0.30933
1398	0.21169	0.21241	0.30419
1399	0.20797	0.20828	0.29903
1400	0.20431	0.20424	0.2939
1401	0.20074	0.2003	0.28884
1402	0.19726	0.19647	0.28381
1403	0.19382	0.1927	0.27881
1404	0.19048	0.18906	0.27394
1405	0.18723	0.18555	0.26921
1406	0.18413	0.18218	0.26464
1407	0.18122	0.17904	0.26033
1408	0.17849	0.17608	0.25625
1409	0.17588	0.17325	0.25232
1410	0.17338	0.17057	0.24855
1411	0.17098	0.16802	0.24491
1412	0.16869	0.1656	0.24142
1413	0.16654	0.16329	0.23809
1414	0.16452	0.16111	0.23495
1415	0.16262	0.1591	0.23203
1416	0.16081	0.1572	0.22928
1417	0.15906	0.15535	0.22661
1418	0.15741	0.15359	0.22408
1419	0.15588	0.15193	0.2217
1420	0.15452	0.15042	0.2195
1421	0.15333	0.14906	0.21748
1422	0.15224	0.1478	0.21558
1423	0.15119	0.14657	0.21375
1424	0.15019	0.14541	0.21203
1425	0.14923	0.14434	0.21044
1426	0.14836	0.14336	0.209
1427	0.14753	0.14245	0.20769
1428	0.14673	0.14159	0.20649
1429	0.14597	0.14081	0.20538
1430	0.14525	0.14007	0.2043
1431	0.14455	0.13933	0.20325
1432	0.1439	0.13865	0.2023
1433	0.14331	0.13804	0.20145
1434	0.14277	0.13749	0.2007
1435	0.14228	0.13701	0.20004
1436	0.14187	0.1366	0.19945
1437	0.14149	0.13623	0.19892
1438	0.14114	0.13591	0.19846
1439	0.14084	0.13564	0.19805
1440	0.14056	0.1354	0.19769
1441	0.1403	0.13518	0.19736
1442	0.14008	0.135	0.19708
1443	0.1399	0.13486	0.19681
1444	0.13974	0.13473	0.19652
1445	0.13957	0.1346	0.19626
1446	0.13935	0.13442	0.19599
1447	0.13909	0.13421	0.19575
1448	0.13886	0.13401	0.19555
1449	0.1387	0.13384	0.19543
1450	0.13861	0.13372	0.19538
1451	0.13879	0.13376	0.19554
1452	0.13878	0.13376	0.19559
1453	0.13879	0.13377	0.19566
1454	0.13883	0.13382	0.19575
1455	0.13889	0.13388	0.19586
1456	0.13896	0.13397	0.19603
1457	0.13905	0.13409	0.19624
1458	0.13918	0.13424	0.19651
1459	0.13933	0.13442	0.19683
1460	0.13952	0.13463	0.19721
1461	0.13974	0.13487	0.19764
1462	0.14	0.13515	0.19811
1463	0.14028	0.13545	0.19864
1464	0.14059	0.13578	0.1992
1465	0.14092	0.13613	0.19981
1466	0.14128	0.13652	0.20048
1467	0.14166	0.13696	0.20119
1468	0.14205	0.13741	0.20192
1469	0.14246	0.13789	0.20268
1470	0.14288	0.13838	0.20348
1471	0.14332	0.13887	0.20432
1472	0.14379	0.1394	0.20523
1473	0.14431	0.13997	0.20619
1474	0.14486	0.14057	0.20721
1475	0.14544	0.14122	0.20827
1476	0.14606	0.14189	0.20937
1477	0.1467	0.1426	0.21051
1478	0.14736	0.14332	0.21167
1479	0.14803	0.14406	0.21286
1480	0.14872	0.14482	0.21408
1481	0.14946	0.14561	0.21535
1482	0.15021	0.14642	0.21663
1483	0.15097	0.14724	0.21792
1484	0.15175	0.14808	0.21924
1485	0.15255	0.14892	0.22059
1486	0.15336	0.14977	0.22195
1487	0.15418	0.15065	0.22332
1488	0.15502	0.15155	0.22471
1489	0.15588	0.15247	0.22613
1490	0.15675	0.1534	0.22756
1491	0.15762	0.15434	0.22901
1492	0.1585	0.15528	0.23046
1493	0.15939	0.15623	0.23193
1494	0.16028	0.15719	0.23342
1495	0.16119	0.15817	0.23491
1496	0.1621	0.15914	0.2364
1497	0.16302	0.1601	0.23788
1498	0.16393	0.16107	0.23936
1499	0.16484	0.16204	0.24083
1500	0.16573	0.163	0.2423
1501	0.16662	0.16398	0.24377
1502	0.1675	0.16496	0.24522
1503	0.16837	0.16592	0.24665
1504	0.16925	0.16689	0.24808
1505	0.17015	0.16787	0.24951
1506	0.17105	0.16884	0.25095
1507	0.17195	0.16982	0.25239
1508	0.17285	0.1708	0.2538
1509	0.17374	0.17178	0.25521
1510	0.17463	0.17278	0.25662
1511	0.17552	0.17379	0.25804
1512	0.17642	0.1748	0.25945
1513	0.1773	0.1758	0.26086
1514	0.17818	0.17679	0.26225
1515	0.17905	0.17776	0.26362
1516	0.17992	0.17873	0.26497
1517	0.18078	0.17968	0.2663
1518	0.18164	0.18064	0.26762
1519	0.18251	0.18158	0.26896
1520	0.18338	0.18252	0.27029
1521	0.18424	0.18345	0.27162
1522	0.18511	0.1844	0.27294
1523	0.18597	0.18534	0.27425
1524	0.18682	0.18627	0.27556
1525	0.18767	0.1872	0.27686
1526	0.18852	0.18812	0.27814
1527	0.18936	0.18904	0.27941
1528	0.19019	0.18995	0.28067
1529	0.19101	0.19086	0.28192
1530	0.19183	0.19177	0.28316
1531	0.19265	0.19266	0.28439
1532	0.19346	0.19354	0.2856
1533	0.19426	0.19442	0.2868
1534	0.19505	0.19529	0.288
1535	0.19584	0.19615	0.28919
1536	0.19662	0.19699	0.29037
1537	0.19737	0.19782	0.29153
1538	0.19811	0.19864	0.29265
1539	0.19885	0.19946	0.29378
1540	0.19961	0.20028	0.2949
1541	0.20036	0.20108	0.29601
1542	0.20108	0.20187	0.2971
1543	0.2018	0.20264	0.29817
1544	0.20253	0.20342	0.29923
1545	0.20325	0.20421	0.30031
1546	0.20397	0.205	0.30139
1547	0.20471	0.20581	0.30247
1548	0.20544	0.2066	0.30353
1549	0.20615	0.20736	0.30457
1550	0.20685	0.20812	0.30557
1551	0.20753	0.20886	0.30656
1552	0.20821	0.20959	0.30756
1553	0.20889	0.21033	0.30856
1554	0.20957	0.21108	0.30956
1555	0.21023	0.21182	0.31055
1556	0.21088	0.21254	0.31149
1557	0.21152	0.21325	0.31242
1558	0.21214	0.21395	0.31333
1559	0.21275	0.21464	0.31421
1560	0.21335	0.21532	0.31508
1561	0.21396	0.216	0.31595
1562	0.21456	0.21667	0.31682
1563	0.21516	0.21736	0.31769
1564	0.21575	0.21803	0.31855
1565	0.21632	0.21869	0.31938
1566	0.21689	0.21934	0.3202
1567	0.21745	0.21998	0.321
1568	0.21801	0.2206	0.32179
1569	0.21855	0.22121	0.32258
1570	0.21908	0.22179	0.32335
1571	0.21961	0.22238	0.32413
1572	0.22012	0.22296	0.3249
1573	0.22062	0.22353	0.32566
1574	0.22113	0.22409	0.32642
1575	0.22164	0.22465	0.32716
1576	0.22215	0.2252	0.32789
1577	0.22266	0.22575	0.32862
1578	0.22318	0.22629	0.32935
1579	0.2237	0.22684	0.3301
1580	0.22422	0.22739	0.33085
1581	0.22474	0.22794	0.33161
1582	0.22527	0.22848	0.33237
1583	0.22579	0.22903	0.33312
1584	0.22628	0.22957	0.33385
1585	0.22676	0.2301	0.33459
1586	0.22725	0.23063	0.33532
1587	0.22774	0.23118	0.33608
1588	0.22825	0.23174	0.33684
1589	0.22874	0.2323	0.33759
1590	0.22921	0.23282	0.3383
1591	0.22966	0.23334	0.339
1592	0.23011	0.23384	0.3397
1593	0.23055	0.23435	0.34039
1594	0.23101	0.23486	0.34106
1595	0.23146	0.23537	0.34172
1596	0.23191	0.23587	0.3424
1597	0.23237	0.23638	0.34306
1598	0.23282	0.23689	0.3437
1599	0.23327	0.2374	0.34436
1600	0.23371	0.23791	0.345
1601	0.23413	0.2384	0.34562
1602	0.23455	0.23888	0.34622
1603	0.23497	0.23934	0.34682
1604	0.2354	0.2398	0.34741
1605	0.23582	0.24026	0.348
1606	0.23626	0.24074	0.34858
1607	0.23668	0.24123	0.34916
1608	0.23709	0.24171	0.34972
1609	0.2375	0.24219	0.35029
1610	0.23792	0.24268	0.35085
1611	0.23833	0.24316	0.35141
1612	0.23875	0.24363	0.35198
1613	0.23915	0.24408	0.35255
1614	0.23954	0.24451	0.35311
1615	0.23994	0.24494	0.35365
1616	0.24033	0.24536	0.35418
1617	0.24072	0.24578	0.3547
1618	0.24112	0.2462	0.35521
1619	0.2415	0.24662	0.35572
1620	0.24186	0.24702	0.35623
1621	0.24222	0.24743	0.35675
1622	0.24256	0.24782	0.35727
1623	0.2429	0.2482	0.35778
1624	0.24321	0.24855	0.35826
1625	0.2435	0.24887	0.35873
1626	0.24377	0.24917	0.35921
1627	0.24406	0.24947	0.35968
1628	0.24435	0.24977	0.36014
1629	0.24463	0.25006	0.36058
1630	0.24489	0.25035	0.36102
1631	0.24515	0.25062	0.36145
1632	0.2454	0.2509	0.36188
1633	0.24565	0.25118	0.36229
1634	0.2459	0.25146	0.3627
1635	0.24614	0.25174	0.36311
1636	0.24638	0.252	0.36349
1637	0.24661	0.25225	0.36385
1638	0.24684	0.2525	0.3642
1639	0.24708	0.25275	0.36454
1640	0.24731	0.25301	0.36486
1641	0.24754	0.25327	0.36517
1642	0.24776	0.25353	0.3655
1643	0.24798	0.25378	0.36583
1644	0.24821	0.25404	0.36616
1645	0.24843	0.2543	0.36648
1646	0.24863	0.25454	0.36679
1647	0.24882	0.25477	0.36709
1648	0.24902	0.25499	0.36738
1649	0.24922	0.2552	0.36764
1650	0.24942	0.2554	0.3679
1651	0.24963	0.25559	0.36812
1652	0.24982	0.25577	0.36831
1653	0.24997	0.25593	0.3685
1654	0.25008	0.25607	0.36867
1655	0.25016	0.25619	0.36884
1656	0.25022	0.2563	0.369
1657	0.25027	0.2564	0.36915
1658	0.25031	0.25649	0.36929
1659	0.25033	0.25655	0.36942
1660	0.25032	0.25659	0.36956
1661	0.25032	0.25661	0.36971
1662	0.25031	0.25663	0.36985
1663	0.2503	0.25665	0.36995
1664	0.25029	0.25666	0.37003
1665	0.25028	0.25667	0.37012
1666	0.25027	0.25668	0.37019
1667	0.25024	0.25666	0.37024
1668	0.2502	0.25664	0.37028
1669	0.25015	0.25661	0.37031
1670	0.2501	0.25658	0.37034
1671	0.25006	0.25652	0.37035
1672	0.25002	0.25645	0.37034
1673	0.24997	0.25638	0.37035
1674	0.24991	0.2563	0.37036
1675	0.24984	0.2562	0.37036
1676	0.24978	0.2561	0.37038
1677	0.24972	0.25598	0.3704
1678	0.24965	0.25585	0.37041
1679	0.24959	0.25574	0.37042
1680	0.24951	0.25561	0.3704
1681	0.24941	0.25545	0.37037
1682	0.2493	0.25528	0.37031
1683	0.24919	0.25512	0.37025
1684	0.24908	0.25496	0.37016
1685	0.24895	0.25478	0.37005
1686	0.24879	0.25457	0.36989
1687	0.24858	0.25431	0.36968
1688	0.24834	0.25403	0.36946
1689	0.24811	0.25377	0.36925
1690	0.24788	0.25351	0.36905
1691	0.24766	0.25325	0.36882
1692	0.24744	0.25298	0.3686
1693	0.24723	0.25273	0.36837
1694	0.24701	0.25247	0.36812
1695	0.24676	0.25218	0.36783
1696	0.24653	0.25188	0.36753
1697	0.24632	0.25158	0.36723
1698	0.2461	0.25128	0.36692
1699	0.24588	0.251	0.36659
1700	0.24566	0.25073	0.36629
1701	0.24543	0.25047	0.366
1702	0.24519	0.25022	0.3657
1703	0.24495	0.24997	0.3654
1704	0.24471	0.24974	0.36512
1705	0.24447	0.24951	0.36484
1706	0.24425	0.24926	0.36457
1707	0.24404	0.249	0.3643
1708	0.24382	0.24874	0.36404
1709	0.24357	0.24849	0.36381
1710	0.24332	0.24822	0.36354
1711	0.24306	0.24795	0.36326
1712	0.24279	0.24768	0.36296
1713	0.24251	0.24742	0.36265
1714	0.24222	0.24715	0.36233
1715	0.24192	0.24687	0.36199
1716	0.24158	0.24656	0.36162
1717	0.24121	0.24623	0.36121
1718	0.24086	0.24591	0.36079
1719	0.2405	0.2456	0.36036
1720	0.24013	0.24524	0.35989
1721	0.23973	0.24483	0.35938
1722	0.23933	0.24442	0.35888
1723	0.23895	0.24401	0.35841
1724	0.23859	0.2436	0.35795
1725	0.23826	0.24321	0.3575
1726	0.23792	0.24279	0.35705
1727	0.23759	0.24237	0.35659
1728	0.23727	0.24199	0.35617
1729	0.23697	0.24163	0.35576
1730	0.23664	0.24126	0.35533
1731	0.23633	0.24088	0.35489
1732	0.23603	0.24051	0.35449
1733	0.23575	0.24017	0.35411
1734	0.23548	0.23983	0.35374
1735	0.23522	0.23952	0.35338
1736	0.23495	0.23923	0.35304
1737	0.23469	0.23896	0.35273
1738	0.23443	0.23867	0.35247
1739	0.23416	0.23837	0.35222
1740	0.23391	0.23807	0.35195
1741	0.23366	0.23777	0.35168
1742	0.23341	0.23748	0.35139
1743	0.23316	0.2372	0.35109
1744	0.23289	0.23692	0.3508
1745	0.2326	0.23663	0.35047
1746	0.23229	0.23633	0.35013
1747	0.23195	0.23602	0.34976
1748	0.23161	0.23573	0.34938
1749	0.23125	0.23538	0.34897
1750	0.23087	0.23499	0.34853
1751	0.23047	0.23457	0.34807
1752	0.23005	0.23414	0.34759
1753	0.22964	0.2337	0.34708
1754	0.22924	0.23327	0.34658
1755	0.22885	0.2328	0.34607
1756	0.22845	0.2323	0.34554
1757	0.22806	0.23182	0.34505
1758	0.2277	0.23137	0.34461
1759	0.22733	0.2309	0.34414
1760	0.22693	0.23042	0.34365
1761	0.22654	0.22995	0.34316
1762	0.22616	0.2295	0.34267
1763	0.22578	0.22907	0.34217
1764	0.22543	0.22868	0.34169
1765	0.22509	0.22832	0.34122
1766	0.22478	0.22797	0.34077
1767	0.22444	0.22759	0.34031
1768	0.2241	0.2272	0.33986
1769	0.22379	0.22684	0.33945
1770	0.22349	0.22649	0.33907
1771	0.22318	0.22615	0.33871
1772	0.22287	0.22583	0.33838
1773	0.22258	0.22553	0.33807
1774	0.22231	0.22524	0.33776
1775	0.22204	0.22495	0.33744
1776	0.22179	0.2247	0.33713
1777	0.22155	0.22447	0.33685
1778	0.22135	0.22427	0.33661
1779	0.22119	0.22409	0.3364
1780	0.22102	0.2239	0.33619
1781	0.22083	0.22373	0.33597
1782	0.22065	0.22358	0.33575
1783	0.22049	0.22344	0.33556
1784	0.22034	0.2233	0.33538
1785	0.2201	0.22303	0.33511
1786	0.21998	0.22286	0.33499
1787	0.21995	0.22279	0.33501
1788	0.21986	0.22272	0.33495
1789	0.21973	0.22265	0.33482
1790	0.21964	0.2226	0.33471
1791	0.21962	0.22255	0.33465
1792	0.21965	0.22254	0.3347
1793	0.21972	0.22261	0.33485
1794	0.21982	0.22272	0.33505
1795	0.21989	0.2228	0.33519
1796	0.21996	0.2229	0.33533
1797	0.22005	0.22301	0.33544
1798	0.22016	0.22314	0.33554
1799	0.22031	0.22334	0.33566
1800	0.22052	0.22363	0.33583
1801	0.22071	0.22395	0.33606
1802	0.22084	0.22418	0.33631
1803	0.22095	0.22436	0.33657
1804	0.22115	0.22462	0.33688
1805	0.22142	0.22495	0.33725
1806	0.2217	0.22533	0.3376
1807	0.222	0.22577	0.33793
1808	0.22223	0.22613	0.33821
1809	0.22236	0.22637	0.33845
1810	0.22246	0.22652	0.33868
1811	0.22259	0.22664	0.33894
1812	0.22276	0.22675	0.33921
1813	0.22288	0.22681	0.33944
1814	0.22295	0.2268	0.33962
1815	0.22301	0.22685	0.33981
1816	0.22308	0.22696	0.34
1817	0.22314	0.22702	0.34016
1818	0.22321	0.22702	0.34029
1819	0.22326	0.22698	0.34038
1820	0.22327	0.22689	0.3404
1821	0.22324	0.22677	0.3404
1822	0.22329	0.22678	0.34057
1823	0.22322	0.22673	0.34067
1824	0.22305	0.22654	0.34065
1825	0.22293	0.22633	0.34069
1826	0.22286	0.22617	0.3408
1827	0.22278	0.22605	0.34091
1828	0.2227	0.22598	0.34101
1829	0.22268	0.22594	0.3411
1830	0.22262	0.22585	0.34109
1831	0.22237	0.2256	0.34089
1832	0.22202	0.22527	0.3406
1833	0.22177	0.22504	0.34032
1834	0.22158	0.2249	0.34007
1835	0.22141	0.22478	0.33982
1836	0.2212	0.22461	0.33955
1837	0.22096	0.22436	0.33928
1838	0.22073	0.2241	0.33899
1839	0.22053	0.22387	0.33863
1840	0.2203	0.22366	0.33815
1841	0.21996	0.22337	0.33754
1842	0.21957	0.22297	0.33685
1843	0.21911	0.2224	0.33608
1844	0.21847	0.22164	0.33519
1845	0.21773	0.22081	0.33422
1846	0.21705	0.21997	0.33326
1847	0.21642	0.21911	0.33231
1848	0.21571	0.21817	0.33123
1849	0.21485	0.21716	0.32992
1850	0.21393	0.21614	0.32847
1851	0.21302	0.21517	0.32708
1852	0.21206	0.21411	0.32566
1853	0.21101	0.21296	0.32408
1854	0.20988	0.21175	0.32238
1855	0.20862	0.21041	0.32056
1856	0.20724	0.20889	0.31863
1857	0.20573	0.20728	0.31661
1858	0.20413	0.20566	0.31452
1859	0.20244	0.20395	0.31225
1860	0.20068	0.20209	0.30977
1861	0.1988	0.20011	0.30707
1862	0.19677	0.19808	0.30414
1863	0.19461	0.1959	0.30098
1864	0.19238	0.19357	0.29761
1865	0.19001	0.19106	0.29401
1866	0.18737	0.1883	0.29009
1867	0.1845	0.18531	0.28586
1868	0.18164	0.18226	0.28143
1869	0.17888	0.17922	0.27684
1870	0.17602	0.17601	0.27196
1871	0.17292	0.1725	0.26677
1872	0.16963	0.16879	0.26129
1873	0.16617	0.16497	0.2555
1874	0.16254	0.16103	0.24939
1875	0.15884	0.15699	0.24303
1876	0.15515	0.15285	0.23649
1877	0.15145	0.14867	0.22979
1878	0.14766	0.14447	0.22291
1879	0.14375	0.14026	0.21584
1880	0.1398	0.13601	0.20865
1881	0.13593	0.13176	0.20139
1882	0.13218	0.12761	0.19414
1883	0.12848	0.12357	0.18684
1884	0.12475	0.11959	0.17941
1885	0.12104	0.1157	0.17196
1886	0.11749	0.11199	0.16474
1887	0.11413	0.1085	0.15781
1888	0.11088	0.10514	0.15093
1889	0.10766	0.10182	0.144
1890	0.10452	0.098541	0.13715
1891	0.10152	0.095373	0.13051
1892	0.098687	0.092429	0.12411
1893	0.096033	0.089774	0.11798
1894	0.093547	0.087331	0.11212
1895	0.091138	0.08495	0.10637
1896	0.088788	0.082635	0.10074
1897	0.086536	0.080496	0.095357
1898	0.084423	0.07856	0.090343
1899	0.082475	0.076782	0.085638
1900	0.080694	0.075163	0.081172
1901	0.07904	0.073672	0.076954
1902	0.077408	0.072251	0.072985
1903	0.075855	0.070932	0.069277
1904	0.074557	0.069742	0.065913
1905	0.07347	0.068651	0.062876
1906	0.07239	0.067622	0.060061
1907	0.071254	0.066653	0.057414
1908	0.070197	0.065798	0.05495
1909	0.06924	0.065	0.052642
1910	0.068448	0.06428	0.050581
1911	0.067892	0.063747	0.048883
1912	0.06744	0.063361	0.047452
1913	0.066914	0.062988	0.046087
1914	0.066374	0.06262	0.044814
1915	0.065904	0.062241	0.043642
1916	0.065511	0.061866	0.042572
1917	0.065211	0.061603	0.041704
1918	0.065025	0.061473	0.041069
1919	0.064883	0.061351	0.040519
1920	0.064713	0.061173	0.039893
1921	0.064565	0.061	0.039303
1922	0.06448	0.060828	0.038877
1923	0.064409	0.060613	0.038524
1924	0.064281	0.060371	0.038116
1925	0.064122	0.060129	0.037693
1926	0.064066	0.05995	0.037418
1927	0.064119	0.059836	0.037293
1928	0.06415	0.059741	0.037194
1929	0.064106	0.059673	0.037082
1930	0.064034	0.05964	0.036952
1931	0.063999	0.059638	0.036831
1932	0.064045	0.059695	0.036846
1933	0.06409	0.059781	0.03698
1934	0.064122	0.059885	0.037167
1935	0.064188	0.060048	0.037373
1936	0.06429	0.060265	0.037621
1937	0.064373	0.060467	0.03793
1938	0.064414	0.06063	0.038279
1939	0.064551	0.060812	0.038764
1940	0.06483	0.061033	0.039451
1941	0.065108	0.061286	0.040183
1942	0.065326	0.061554	0.040834
1943	0.065539	0.061803	0.041468
1944	0.065805	0.062022	0.04218
1945	0.066128	0.062257	0.042985
1946	0.066561	0.062614	0.043936
1947	0.067064	0.063066	0.044992
1948	0.06745	0.063438	0.045905
1949	0.067683	0.063695	0.046629
1950	0.067947	0.063972	0.047381
1951	0.068299	0.064285	0.048209
1952	0.068685	0.06459	0.049085
1953	0.069016	0.064829	0.049936
1954	0.069273	0.064997	0.050698
1955	0.069506	0.065146	0.051402
1956	0.069729	0.065276	0.052103
1957	0.069931	0.065361	0.052903
1958	0.070119	0.065421	0.053793
1959	0.070292	0.065517	0.054661
1960	0.07045	0.06566	0.055495
1961	0.070629	0.065772	0.056302
1962	0.070846	0.065854	0.05707
1963	0.071037	0.06597	0.057799
1964	0.071174	0.066158	0.05853
1965	0.071338	0.066413	0.059308
1966	0.071624	0.06672	0.060157
1967	0.071984	0.067045	0.061052
1968	0.072306	0.067326	0.061969
1969	0.072576	0.067573	0.062889
1970	0.072824	0.067798	0.063815
1971	0.073069	0.068022	0.064756
1972	0.07331	0.068247	0.065683
1973	0.073552	0.068472	0.066577
1974	0.073815	0.068742	0.067552
1975	0.074137	0.069108	0.068735
1976	0.074542	0.069555	0.070005
1977	0.075042	0.070036	0.071155
1978	0.075593	0.070535	0.072236
1979	0.076077	0.070969	0.073393
1980	0.076526	0.071366	0.074628
1981	0.077118	0.071874	0.075922
1982	0.077833	0.072485	0.077249
1983	0.078383	0.073013	0.078455
1984	0.078722	0.073422	0.079528
1985	0.079058	0.073788	0.080607
1986	0.079502	0.074157	0.081734
1987	0.079958	0.074529	0.082874
1988	0.080337	0.074921	0.084051
1989	0.080679	0.075337	0.085277
1990	0.081048	0.07572	0.08651
1991	0.081446	0.076086	0.08777
1992	0.081859	0.076477	0.089085
1993	0.082272	0.076885	0.090436
1994	0.082631	0.077265	0.091731
1995	0.08292	0.077596	0.092929
1996	0.083263	0.077973	0.094145
1997	0.08373	0.078452	0.095447
1998	0.084205	0.07897	0.096774
1999	0.084595	0.079489	0.098081
2000	0.085033	0.080054	0.099471
2001	0.085709	0.080704	0.10106
2002	0.086528	0.081374	0.10274
2003	0.087192	0.081937	0.10423
2004	0.08772	0.082414	0.1056
2005	0.088218	0.082889	0.10701
2006	0.088686	0.083357	0.10843
2007	0.089266	0.083921	0.10988
2008	0.089985	0.084622	0.11138
2009	0.090713	0.085383	0.11287
2010	0.091403	0.086152	0.11437
2011	0.092112	0.086872	0.11588
2012	0.092865	0.087512	0.11732
2013	0.093637	0.088129	0.1187
2014	0.094415	0.08881	0.1201
2015	0.095155	0.089489	0.12151
2016	0.095799	0.090104	0.12276
2017	0.096392	0.090703	0.12389
2018	0.09692	0.09125	0.125
2019	0.097355	0.091715	0.12609
2020	0.097811	0.092209	0.12716
2021	0.098301	0.092736	0.12819
2022	0.098792	0.093262	0.12922
2023	0.099341	0.093816	0.13037
2024	0.099963	0.094444	0.13163
2025	0.10053	0.095089	0.1328
2026	0.10097	0.095628	0.13377
2027	0.10139	0.096032	0.13472
2028	0.10183	0.096413	0.13575
2029	0.10223	0.096853	0.13679
2030	0.10252	0.097288	0.13779
2031	0.10275	0.097674	0.13875
2032	0.10303	0.098071	0.13974
2033	0.10332	0.098453	0.14074
2034	0.10355	0.098764	0.14165
2035	0.10379	0.099063	0.14255
2036	0.10419	0.09942	0.14357
2037	0.10468	0.099771	0.1446
2038	0.10497	0.10003	0.14544
2039	0.10509	0.10026	0.14612
2040	0.10538	0.10062	0.14699
2041	0.10588	0.10109	0.14808
2042	0.10639	0.10149	0.14906
2043	0.1069	0.10185	0.14992
2044	0.10746	0.10233	0.15082
2045	0.10804	0.10288	0.15177
2046	0.10858	0.10336	0.15276
2047	0.10908	0.10375	0.1538
2048	0.10967	0.10427	0.15497
2049	0.11037	0.10503	0.15623
2050	0.11103	0.10583	0.15738
2051	0.11142	0.10639	0.15823
2052	0.11164	0.10677	0.15896
2053	0.1121	0.10734	0.16001
2054	0.1128	0.10808	0.1613
2055	0.11334	0.10866	0.16234
2056	0.1137	0.10906	0.16315
2057	0.11407	0.10946	0.16405
2058	0.11453	0.10993	0.16512
2059	0.11506	0.11047	0.16624
2060	0.11552	0.11103	0.16728
2061	0.1158	0.11148	0.16812
2062	0.11601	0.11177	0.16885
2063	0.11634	0.11202	0.16971
2064	0.11679	0.1124	0.17075
2065	0.11717	0.11284	0.17186
2066	0.11743	0.11314	0.17285
2067	0.11766	0.11335	0.17375
2068	0.11795	0.11356	0.17467
2069	0.11827	0.11377	0.17557
2070	0.11854	0.11401	0.17641
2071	0.11883	0.11432	0.17725
2072	0.11925	0.1147	0.17814
2073	0.11972	0.11511	0.17906
2074	0.12011	0.1155	0.18003
2075	0.12048	0.11591	0.18102
2076	0.12103	0.11638	0.18206
2077	0.12162	0.11682	0.18315
2078	0.12209	0.11717	0.18418
2079	0.12252	0.11758	0.18514
2080	0.12294	0.11807	0.18601
2081	0.12329	0.1185	0.18696
2082	0.12355	0.11888	0.18806
2083	0.1239	0.11936	0.18913
2084	0.12434	0.11997	0.1901
2085	0.12456	0.12043	0.19083
2086	0.12453	0.12064	0.19132
2087	0.12455	0.12093	0.19188
2088	0.12479	0.12147	0.19268
2089	0.1251	0.1221	0.19358
2090	0.12522	0.12257	0.19428
2091	0.12526	0.12295	0.19483
2092	0.12557	0.12356	0.19562
2093	0.12607	0.12434	0.1967
2094	0.12645	0.12502	0.19773
2095	0.12667	0.12554	0.19851
2096	0.12688	0.126	0.19902
2097	0.12721	0.12645	0.19948
2098	0.1277	0.12692	0.20022
2099	0.12835	0.12741	0.2012
2100	0.12907	0.12803	0.20222
2101	0.12978	0.1287	0.20313
2102	0.13046	0.12916	0.20387
2103	0.13112	0.12945	0.20451
2104	0.13183	0.12977	0.20524
2105	0.13261	0.13023	0.20605
2106	0.13346	0.13086	0.20698
2107	0.1343	0.13153	0.20801
2108	0.13504	0.13201	0.20905
2109	0.13567	0.13236	0.21008
2110	0.13628	0.13278	0.21121
2111	0.13706	0.13336	0.2125
2112	0.13803	0.13394	0.21387
2113	0.13886	0.13434	0.21506
2114	0.13935	0.13452	0.21593
2115	0.13954	0.13463	0.21658
2116	0.13957	0.13471	0.21723
2117	0.1397	0.1349	0.21807
2118	0.1399	0.13519	0.21899
2119	0.14	0.13553	0.21983
2120	0.13988	0.13582	0.22065
2121	0.13968	0.13592	0.22141
2122	0.13961	0.136	0.22224
2123	0.13961	0.13639	0.22321
2124	0.13953	0.13692	0.22415
2125	0.13949	0.13737	0.22491
2126	0.13967	0.13785	0.22568
2127	0.13999	0.13839	0.2266
2128	0.14024	0.13891	0.22763
2129	0.14035	0.13928	0.22847
2130	0.14029	0.13932	0.22886
2131	0.14028	0.13922	0.229
2132	0.14044	0.13925	0.22917
2133	0.14077	0.13938	0.22954
2134	0.14122	0.13955	0.22998
2135	0.14172	0.13976	0.23024
2136	0.14221	0.14003	0.23043
2137	0.14269	0.14019	0.23065
2138	0.14325	0.14023	0.23106
2139	0.14386	0.14039	0.2317
2140	0.14432	0.14069	0.23231
2141	0.14466	0.14095	0.2328
2142	0.14523	0.14137	0.23348
2143	0.14598	0.14189	0.2343
2144	0.14652	0.14212	0.23487
2145	0.1469	0.14221	0.23528
2146	0.14739	0.14252	0.23586
2147	0.14787	0.14292	0.23646
2148	0.14813	0.14317	0.23682
2149	0.14819	0.14327	0.23701
2150	0.14812	0.14334	0.23718
2151	0.14802	0.1435	0.23739
2152	0.14812	0.14374	0.23771
2153	0.1484	0.14401	0.23827
2154	0.14858	0.14419	0.23897
2155	0.14862	0.14429	0.23957
2156	0.14872	0.14438	0.24002
2157	0.14889	0.14455	0.24048
2158	0.14899	0.1449	0.24109
2159	0.14903	0.14539	0.24168
2160	0.14922	0.14592	0.24218
2161	0.14954	0.14642	0.24268
2162	0.14969	0.14678	0.24329
2163	0.14956	0.14692	0.24387
2164	0.14936	0.14694	0.24415
2165	0.14923	0.14688	0.24409
2166	0.14906	0.14667	0.24399
2167	0.14891	0.14657	0.24409
2168	0.14887	0.14662	0.24425
2169	0.14888	0.14653	0.24426
2170	0.1489	0.14637	0.24422
2171	0.14893	0.14631	0.24442
2172	0.14904	0.14639	0.24498
2173	0.14925	0.14647	0.24568
2174	0.14937	0.14641	0.24626
2175	0.1493	0.14626	0.24656
2176	0.14921	0.1462	0.24672
2177	0.14941	0.14639	0.24706
2178	0.14994	0.14677	0.24773
2179	0.15037	0.14696	0.24828
2180	0.15043	0.14684	0.24848
2181	0.15049	0.14687	0.24873
2182	0.15083	0.14719	0.24925
2183	0.15122	0.14743	0.24967
2184	0.15152	0.14753	0.24991
2185	0.15194	0.14777	0.25021
2186	0.15247	0.1482	0.25058
2187	0.15293	0.1486	0.25091
2188	0.15328	0.14891	0.25126
2189	0.15352	0.14917	0.25161
2190	0.15371	0.14947	0.25196
2191	0.15395	0.14989	0.25232
2192	0.15415	0.15036	0.25273
2193	0.15421	0.1508	0.25315
2194	0.15418	0.15106	0.25343
2195	0.15419	0.1513	0.25357
2196	0.15426	0.15171	0.25378
2197	0.15418	0.15208	0.25404
2198	0.15392	0.15212	0.25417
2199	0.15375	0.1521	0.25429
2200	0.15371	0.15229	0.25449
2201	0.15355	0.1525	0.25464
2202	0.15331	0.15254	0.2548
2203	0.15329	0.1526	0.25512
2204	0.15341	0.1526	0.25547
2205	0.15333	0.15239	0.2556
2206	0.15303	0.15219	0.25565
2207	0.15284	0.15209	0.25594
2208	0.15287	0.15195	0.2564
2209	0.15279	0.15173	0.25663
2210	0.15249	0.1516	0.25657
2211	0.15229	0.1516	0.2566
2212	0.15232	0.1516	0.25675
2213	0.15246	0.15154	0.25696
2214	0.15261	0.15147	0.25727
2215	0.15269	0.15136	0.25754
2216	0.15266	0.15118	0.2576
2217	0.15266	0.15106	0.25766
2218	0.15279	0.15105	0.25779
2219	0.15292	0.1511	0.25786
2220	0.15303	0.15122	0.25788
2221	0.15326	0.15142	0.25795
2222	0.15346	0.15155	0.258
2223	0.15338	0.15154	0.25791
2224	0.15315	0.15149	0.25779
2225	0.15295	0.15141	0.25773
2226	0.15287	0.15128	0.25769
2227	0.15281	0.15112	0.25751
2228	0.1528	0.15103	0.25734
2229	0.15293	0.15104	0.25739
2230	0.15306	0.15101	0.25738
2231	0.15309	0.15097	0.25715
2232	0.15305	0.15093	0.2569
2233	0.15291	0.1507	0.25677
2234	0.15275	0.1504	0.2567
2235	0.15264	0.15026	0.25662
2236	0.15244	0.15008	0.25637
2237	0.15217	0.14976	0.25595
2238	0.15204	0.14951	0.25566
2239	0.15198	0.1493	0.25549
2240	0.15168	0.14886	0.25517
2241	0.15116	0.14825	0.25482
2242	0.15079	0.14781	0.25465
2243	0.15076	0.14764	0.25452
2244	0.15065	0.14747	0.25412
2245	0.15016	0.14712	0.25345
2246	0.14959	0.14675	0.25281
2247	0.14919	0.14647	0.2524
2248	0.14888	0.14624	0.25211
2249	0.14851	0.14603	0.25185
2250	0.14808	0.14578	0.25158
2251	0.14765	0.14551	0.25121
2252	0.14725	0.14526	0.25076
2253	0.14678	0.14495	0.25035
2254	0.14622	0.14455	0.24988
2255	0.14572	0.14417	0.24916
2256	0.14534	0.14392	0.24841
2257	0.14496	0.14375	0.24784
2258	0.14438	0.14355	0.24723
2259	0.14365	0.14328	0.24644
2260	0.143	0.14284	0.24567
2261	0.14261	0.1424	0.2451
2262	0.14234	0.14209	0.24463
2263	0.14193	0.14174	0.24401
2264	0.14156	0.14133	0.24321
2265	0.14134	0.141	0.24237
2266	0.14103	0.14075	0.24162
2267	0.14051	0.14031	0.24082
2268	0.13984	0.13946	0.2398
2269	0.13911	0.1384	0.2387
2270	0.13844	0.1375	0.23767
2271	0.13793	0.1367	0.23664
2272	0.13744	0.13581	0.23551
2273	0.13692	0.13502	0.2344
2274	0.13642	0.13438	0.23348
2275	0.13596	0.1336	0.2326
2276	0.13543	0.13269	0.23172
2277	0.13485	0.13196	0.23095
2278	0.13442	0.13157	0.23025
2279	0.13408	0.13127	0.22947
2280	0.13359	0.13082	0.22856
2281	0.13302	0.13036	0.22763
2282	0.13252	0.13009	0.22676
2283	0.13208	0.12994	0.22593
2284	0.13164	0.12973	0.22521
2285	0.13118	0.12939	0.22461
2286	0.1307	0.12911	0.22399
2287	0.13031	0.12898	0.22329
2288	0.12988	0.12868	0.22253
2289	0.12947	0.12822	0.22182
2290	0.12936	0.12801	0.2211
2291	0.12941	0.12805	0.22039
2292	0.12953	0.12814	0.21998
2293	0.12965	0.12816	0.21975
2294	0.12966	0.12809	0.21947
2295	0.12968	0.12795	0.21911
2296	0.12966	0.12753	0.21846
2297	0.12979	0.12728	0.21795
2298	0.12995	0.12729	0.21768
2299	0.12969	0.12691	0.21695
2300	0.12933	0.12627	0.21599
2301	0.12897	0.12558	0.21518
2302	0.12835	0.12483	0.21431
2303	0.12741	0.12408	0.21304
2304	0.1263	0.12323	0.21138
2305	0.12531	0.12237	0.20988
2306	0.12453	0.12167	0.20883
2307	0.12399	0.12103	0.2081
2308	0.12346	0.12041	0.20742
2309	0.12291	0.11993	0.20669
2310	0.12243	0.1195	0.20594
2311	0.12187	0.11894	0.20516
2312	0.12132	0.11853	0.20461
2313	0.12115	0.11858	0.2045
2314	0.12108	0.11865	0.20439
2315	0.12053	0.1183	0.2038
2316	0.11969	0.11781	0.20298
2317	0.11902	0.11741	0.2024
2318	0.11837	0.11684	0.20183
2319	0.11745	0.11609	0.20113
2320	0.11641	0.11545	0.20063
2321	0.11549	0.11492	0.20011
2322	0.11476	0.11416	0.19928
2323	0.11432	0.11329	0.19866
2324	0.11413	0.11273	0.1986
2325	0.11401	0.11242	0.19877
2326	0.11386	0.11184	0.19881
2327	0.11377	0.11083	0.19878
2328	0.11389	0.10986	0.19873
2329	0.11374	0.1092	0.19843
2330	0.11317	0.10867	0.19783
2331	0.11287	0.10823	0.19698
2332	0.11301	0.10805	0.19625
2333	0.1134	0.10828	0.19643
2334	0.11357	0.10834	0.1968
2335	0.11334	0.10776	0.19622
2336	0.11328	0.10724	0.19501
2337	0.11318	0.10714	0.19402
2338	0.11273	0.10735	0.19366
2339	0.11221	0.10748	0.1932
2340	0.11203	0.10742	0.19211
2341	0.11202	0.10756	0.19094
2342	0.11193	0.10789	0.19022
2343	0.11221	0.10838	0.18959
2344	0.1128	0.10895	0.18853
2345	0.11316	0.10943	0.18751
2346	0.11305	0.10971	0.18699
2347	0.11281	0.11002	0.1867
2348	0.11278	0.1106	0.18643
2349	0.11266	0.11117	0.18598
2350	0.11211	0.11127	0.18514
2351	0.11124	0.11084	0.18408
2352	0.1106	0.11044	0.18331
2353	0.11019	0.11041	0.18289
2354	0.10957	0.11045	0.18239
2355	0.10884	0.11016	0.18174
2356	0.10856	0.10982	0.1816
2357	0.10862	0.10959	0.18193
2358	0.10842	0.1092	0.18209
2359	0.10785	0.10868	0.18203
2360	0.10702	0.10809	0.18155
2361	0.10615	0.10712	0.18062
2362	0.10536	0.10575	0.1797
2363	0.10467	0.10462	0.17894
2364	0.10408	0.10384	0.17784
2365	0.10348	0.1031	0.17642
2366	0.10293	0.10252	0.17555
2367	0.10269	0.10203	0.17528
2368	0.10271	0.10125	0.17482
2369	0.1025	0.10004	0.17376
2370	0.102	0.098939	0.17274
2371	0.10163	0.098237	0.17195
2372	0.10148	0.097407	0.17049
2373	0.10107	0.096352	0.16852
2374	0.10069	0.095672	0.16659
2375	0.10073	0.095513	0.16473
2376	0.10086	0.095611	0.16334
2377	0.10062	0.09553	0.1622
2378	0.10008	0.095108	0.16078
2379	0.09983	0.094986	0.1596
2380	0.099721	0.095249	0.15917
2381	0.099144	0.095215	0.15889
2382	0.098806	0.095141	0.15854
2383	0.099222	0.095351	0.15858
2384	0.099033	0.094825	0.15837
2385	0.098106	0.093554	0.1575
2386	0.097451	0.092675	0.15668
2387	0.096857	0.092238	0.15637
2388	0.096084	0.091863	0.15645
2389	0.095556	0.091605	0.15667
2390	0.094995	0.091084	0.15619
2391	0.094162	0.090084	0.15479
2392	0.093484	0.089379	0.1533
2393	0.092655	0.088918	0.15181
2394	0.091579	0.087998	0.1502
2395	0.090797	0.086814	0.14872
2396	0.090708	0.086405	0.14771
2397	0.091155	0.08682	0.14723
2398	0.091103	0.086597	0.14623
2399	0.090522	0.085563	0.14421
2400	0.090159	0.084441	0.14159
2401	0.089803	0.083555	0.13936
2402	0.088853	0.082858	0.13802
2403	0.087819	0.082085	0.1365
2404	0.087425	0.081521	0.13443
2405	0.08722	0.081553	0.13295
2406	0.087272	0.083056	0.13316
2407	0.087679	0.085224	0.13325
2408	0.087441	0.085699	0.13095
2409	0.086492	0.085284	0.12866
2410	0.086047	0.086276	0.1287
2411	0.086234	0.08816	0.12969
2412	0.086216	0.089222	0.13007
2413	0.085745	0.089376	0.12972
2414	0.084763	0.088767	0.1285
2415	0.083775	0.087752	0.12693
2416	0.083657	0.087453	0.12639
2417	0.084106	0.087511	0.12671
2418	0.084408	0.086761	0.12711
2419	0.083615	0.084783	0.12661
2420	0.081093	0.082028	0.12425
2421	0.078514	0.079838	0.12136
2422	0.077894	0.079258	0.12037
2423	0.077966	0.079065	0.12041
2424	0.076606	0.077299	0.11849
2425	0.074743	0.074745	0.11514
2426	0.073339	0.072967	0.11244
2427	0.072617	0.072162	0.111
2428	0.072275	0.071164	0.10933
2429	0.07184	0.069627	0.10737
2430	0.071338	0.06817	0.10502
2431	0.070908	0.067322	0.10217
2432	0.071014	0.067444	0.0999
2433	0.071017	0.06722	0.097526
2434	0.07023	0.065817	0.094924
2435	0.069654	0.064868	0.093415
2436	0.069435	0.065248	0.09206
2437	0.068853	0.066057	0.090395
2438	0.06884	0.06691	0.088853
2439	0.070165	0.068622	0.087466
2440	0.071693	0.071354	0.086623
2441	0.07221	0.073791	0.085881
2442	0.072215	0.074894	0.084888
2443	0.072432	0.074722	0.083634
2444	0.07268	0.074663	0.082034
2445	0.072913	0.075866	0.081203
2446	0.0731	0.077592	0.080966
2447	0.073288	0.078164	0.080598
2448	0.073395	0.076955	0.080672
2449	0.07238	0.074659	0.079827
2450	0.069911	0.072295	0.07666
2451	0.068401	0.071301	0.07469
2452	0.070491	0.072593	0.077836
2453	0.072685	0.073072	0.081336
2454	0.070732	0.069928	0.079555
2455	0.067399	0.066178	0.076243
2456	0.065156	0.063908	0.075477
2457	0.063533	0.062013	0.075524
2458	0.061932	0.059569	0.074314
2459	0.059463	0.056758	0.072159
2460	0.055868	0.054147	0.07016
2461	0.052518	0.052379	0.068667
2462	0.049508	0.051398	0.066964
2463	0.047671	0.051075	0.066265
2464	0.047757	0.05077	0.066819
2465	0.046817	0.049159	0.066494
2466	0.043696	0.046768	0.064565
2467	0.042807	0.046717	0.064998
2468	0.04649	0.049945	0.069416
2469	0.049724	0.051836	0.072919
2470	0.051149	0.051979	0.075753
2471	0.051676	0.052496	0.076838
2472	0.050989	0.053225	0.074404
2473	0.050842	0.053362	0.072711
2474	0.051986	0.053045	0.07258
2475	0.053896	0.054134	0.072956
2476	0.05638	0.056161	0.074474
2477	0.059436	0.056782	0.077131
2478	0.062354	0.055882	0.07936
2479	0.061922	0.053482	0.078185
2480	0.059016	0.050334	0.073284
