*Name: Beech bot
Type: Leaf Spectrum

Origin: Remote Sensing Laboratories, University of Zurich

Description: abaxial reflectance, adaxial reflectance, and adaxial transmittance

Measurement: Hemispherical Conical Reflectance Factor HCRF measured by ASD Integrating Sphere

Wavelength [nm]	abaxial Reflectance [0 1]	adaxial Reflectance [0 1]	adaxial Transmittance [0 1]
370	0.0058003	0.0045949	-0.004772
371	0.0088983	0.0074102	-0.0051909
372	0.011352	0.0098974	-0.0063948
373	0.014267	0.012672	-0.0053834
374	0.017336	0.015476	-0.0034403
375	0.020081	0.017956	-0.0015521
376	0.021578	0.019447	0.00032465
377	0.022484	0.02058	0.0040323
378	0.022547	0.021049	0.0086156
379	0.022817	0.021398	0.0084603
380	0.023271	0.022067	0.0099389
381	0.0227	0.021546	0.0093074
382	0.022119	0.020845	0.007875
383	0.022565	0.021174	0.0067729
384	0.022775	0.021457	0.0054052
385	0.022354	0.021366	0.003034
386	0.021545	0.020765	-3.8172e-05
387	0.022137	0.021207	6.5666e-05
388	0.022969	0.021861	0.00026505
389	0.0233	0.022059	-0.00015589
390	0.023237	0.022147	0.00117
391	0.023618	0.022714	0.0039544
392	0.023903	0.023144	0.005544
393	0.024424	0.02382	0.0064335
394	0.025339	0.024918	0.0079128
395	0.026038	0.025706	0.0090844
396	0.026459	0.026121	0.0099884
397	0.026715	0.026484	0.010278
398	0.027002	0.026951	0.010425
399	0.027429	0.027407	0.010531
400	0.027628	0.027489	0.0098811
401	0.027863	0.027721	0.0097103
402	0.027653	0.027485	0.0090379
403	0.027273	0.026999	0.0084135
404	0.026885	0.026545	0.0083941
405	0.026345	0.025909	0.0075269
406	0.025888	0.025404	0.0065601
407	0.026105	0.025695	0.0068693
408	0.025988	0.025696	0.0063682
409	0.025656	0.025484	0.0056211
410	0.025703	0.025603	0.0057612
411	0.025987	0.025973	0.0062172
412	0.026448	0.026451	0.0069343
413	0.026982	0.026978	0.0077444
414	0.027084	0.027164	0.0077432
415	0.027058	0.02723	0.0076726
416	0.027109	0.027352	0.0078085
417	0.027116	0.027378	0.0079686
418	0.02695	0.027224	0.0077879
419	0.026859	0.027162	0.0077743
420	0.026888	0.027211	0.0079814
421	0.027056	0.027405	0.0082821
422	0.026996	0.02736	0.0081858
423	0.027004	0.027349	0.008234
424	0.027275	0.027572	0.0087568
425	0.027402	0.027645	0.0089822
426	0.027489	0.027665	0.0090565
427	0.027551	0.027701	0.009166
428	0.027572	0.027712	0.0091164
429	0.027636	0.027782	0.0090473
430	0.027628	0.027818	0.0089083
431	0.027477	0.027721	0.0086922
432	0.027527	0.027829	0.0088954
433	0.027696	0.028058	0.0093928
434	0.027873	0.028246	0.0098224
435	0.027995	0.028371	0.010093
436	0.028178	0.02855	0.010477
437	0.028404	0.028782	0.010971
438	0.028615	0.029004	0.011412
439	0.028815	0.029189	0.011738
440	0.028911	0.029246	0.011815
441	0.028864	0.029185	0.011659
442	0.028838	0.02913	0.011393
443	0.028851	0.02911	0.011163
444	0.028737	0.028973	0.010908
445	0.028601	0.02881	0.010716
446	0.028509	0.028705	0.010636
447	0.02846	0.02868	0.010778
448	0.028472	0.028698	0.010971
449	0.028494	0.028725	0.011187
450	0.028512	0.028757	0.011383
451	0.028571	0.028838	0.011646
452	0.028763	0.029043	0.012106
453	0.028988	0.029283	0.012604
454	0.029133	0.029433	0.012856
455	0.029192	0.029501	0.012896
456	0.029231	0.029543	0.012911
457	0.029369	0.029668	0.013126
458	0.029431	0.029709	0.013333
459	0.029467	0.02973	0.013493
460	0.029502	0.029753	0.013597
461	0.029473	0.029751	0.013697
462	0.029423	0.029728	0.013689
463	0.029428	0.029737	0.013655
464	0.029433	0.029764	0.013581
465	0.029481	0.029835	0.013632
466	0.029564	0.029935	0.013793
467	0.029679	0.030092	0.013998
468	0.029778	0.030209	0.014092
469	0.029838	0.030261	0.014112
470	0.029873	0.030288	0.014073
471	0.029988	0.030383	0.014238
472	0.030063	0.030438	0.014444
473	0.030107	0.030465	0.014597
474	0.030077	0.030415	0.014623
475	0.030037	0.030367	0.014648
476	0.030117	0.030428	0.014796
477	0.030199	0.030484	0.014891
478	0.03021	0.0305	0.014909
479	0.030215	0.030516	0.014973
480	0.030251	0.030554	0.01513
481	0.030291	0.030622	0.015263
482	0.030304	0.030647	0.015307
483	0.030325	0.030664	0.015341
484	0.030376	0.030729	0.015395
485	0.030467	0.030835	0.015567
486	0.030525	0.030914	0.01568
487	0.030555	0.030982	0.015757
488	0.03056	0.031006	0.01578
489	0.030655	0.03109	0.01585
490	0.030834	0.031262	0.01615
491	0.030902	0.03133	0.016299
492	0.030929	0.031362	0.01638
493	0.030991	0.031427	0.016558
494	0.031077	0.031506	0.016825
495	0.031165	0.031596	0.017115
496	0.031273	0.031711	0.017467
497	0.031422	0.031859	0.017894
498	0.031594	0.032038	0.018328
499	0.031762	0.03222	0.01874
500	0.031923	0.032403	0.019146
501	0.032127	0.032632	0.019639
502	0.032379	0.032886	0.020166
503	0.032695	0.033197	0.020835
504	0.033081	0.03358	0.021725
505	0.033466	0.033952	0.022547
506	0.033836	0.034313	0.023364
507	0.03428	0.034749	0.024378
508	0.034764	0.035221	0.025523
509	0.035292	0.035737	0.026793
510	0.035822	0.036263	0.028113
511	0.036384	0.036814	0.029494
512	0.036999	0.037412	0.030964
513	0.037678	0.038088	0.032573
514	0.038381	0.038788	0.034252
515	0.039104	0.039502	0.035984
516	0.039892	0.040277	0.037821
517	0.040798	0.041164	0.039887
518	0.041785	0.042124	0.042094
519	0.04275	0.043073	0.044305
520	0.04374	0.044048	0.046608
521	0.044814	0.045096	0.049056
522	0.04592	0.046175	0.05156
523	0.047026	0.04726	0.054066
524	0.048117	0.048336	0.056511
525	0.049234	0.04943	0.058929
526	0.050345	0.050517	0.061315
527	0.05143	0.05159	0.063646
528	0.052458	0.052603	0.065831
529	0.053469	0.053594	0.067912
530	0.054469	0.054584	0.069918
531	0.055444	0.055549	0.071871
532	0.056336	0.056432	0.073669
533	0.057138	0.057225	0.07529
534	0.057913	0.05798	0.076845
535	0.058604	0.058663	0.078253
536	0.059175	0.059226	0.079478
537	0.059666	0.059718	0.080558
538	0.060106	0.060167	0.081507
539	0.060467	0.060528	0.082301
540	0.060742	0.060803	0.082964
541	0.060972	0.061041	0.083535
542	0.061208	0.061293	0.084101
543	0.061441	0.061547	0.084626
544	0.061673	0.061809	0.085125
545	0.061942	0.062107	0.085648
546	0.062202	0.06239	0.086163
547	0.062473	0.062686	0.086677
548	0.062748	0.062997	0.087185
549	0.063017	0.063297	0.087695
550	0.06325	0.063545	0.088187
551	0.063462	0.063771	0.088661
552	0.063636	0.063957	0.089065
553	0.063745	0.06407	0.089349
554	0.063811	0.064146	0.089546
555	0.063853	0.064201	0.089705
556	0.063848	0.064212	0.089787
557	0.063769	0.064152	0.089721
558	0.063655	0.064055	0.089571
559	0.063482	0.063898	0.089309
560	0.063212	0.063652	0.088894
561	0.062899	0.063373	0.088367
562	0.062549	0.063054	0.087754
563	0.062156	0.062685	0.087064
564	0.061706	0.062258	0.086275
565	0.061189	0.061759	0.085351
566	0.060626	0.06122	0.084309
567	0.060025	0.060643	0.083163
568	0.05939	0.060022	0.081923
569	0.058724	0.05937	0.08062
570	0.058021	0.058683	0.079239
571	0.057316	0.05799	0.077825
572	0.056585	0.057266	0.076368
573	0.055832	0.056519	0.07487
574	0.0551	0.055796	0.073394
575	0.054414	0.055125	0.071988
576	0.053782	0.054508	0.070665
577	0.053201	0.053945	0.069407
578	0.052626	0.053389	0.068175
579	0.052058	0.052835	0.06697
580	0.051536	0.052328	0.065851
581	0.051086	0.051889	0.064846
582	0.050636	0.051445	0.063851
583	0.050194	0.051015	0.062907
584	0.049788	0.050617	0.062054
585	0.049406	0.050245	0.061255
586	0.049027	0.049872	0.060489
587	0.048686	0.049531	0.059784
588	0.048349	0.049205	0.059089
589	0.048065	0.04894	0.058482
590	0.047844	0.048736	0.057966
591	0.047668	0.048569	0.057513
592	0.047489	0.048396	0.057077
593	0.047332	0.048244	0.056683
594	0.047213	0.048126	0.056351
595	0.047128	0.048044	0.05609
596	0.047011	0.04793	0.055816
597	0.0469	0.047824	0.055591
598	0.046788	0.047716	0.055399
599	0.046679	0.047613	0.055204
600	0.046583	0.04752	0.055015
601	0.04647	0.047408	0.054797
602	0.046325	0.047272	0.054508
603	0.04621	0.047165	0.054232
604	0.046125	0.047082	0.053977
605	0.046039	0.046994	0.053701
606	0.045921	0.046878	0.053367
607	0.045773	0.046731	0.052959
608	0.045604	0.046566	0.052506
609	0.04543	0.046402	0.052046
610	0.045261	0.046244	0.051589
611	0.045035	0.046028	0.051064
612	0.044779	0.045777	0.050493
613	0.044539	0.045538	0.049925
614	0.044296	0.045296	0.049334
615	0.044025	0.045026	0.048716
616	0.043748	0.044748	0.04808
617	0.043495	0.044494	0.047465
618	0.043267	0.044268	0.046891
619	0.043046	0.04405	0.046336
620	0.042822	0.043831	0.045797
621	0.0426	0.043611	0.045248
622	0.042407	0.043424	0.044761
623	0.042269	0.043294	0.044391
624	0.042163	0.043194	0.044071
625	0.042053	0.043087	0.043758
626	0.04199	0.04302	0.043513
627	0.041952	0.042978	0.043313
628	0.041913	0.04294	0.043151
629	0.041885	0.042914	0.043053
630	0.041907	0.042939	0.043042
631	0.041957	0.042996	0.043069
632	0.041992	0.043037	0.043076
633	0.041984	0.043027	0.043017
634	0.041929	0.042973	0.0429
635	0.041839	0.042882	0.042703
636	0.041726	0.042768	0.042461
637	0.041599	0.042647	0.042154
638	0.041445	0.042495	0.041741
639	0.041271	0.042312	0.04126
640	0.041042	0.042073	0.040659
641	0.040778	0.041804	0.039981
642	0.040506	0.041534	0.039274
643	0.040238	0.041269	0.03853
644	0.039993	0.041025	0.037774
645	0.03973	0.040764	0.036963
646	0.039437	0.040473	0.036083
647	0.039138	0.040174	0.035197
648	0.038851	0.039892	0.034363
649	0.038578	0.039621	0.03358
650	0.038334	0.039376	0.032862
651	0.038131	0.039169	0.03221
652	0.037963	0.038985	0.031642
653	0.037833	0.038839	0.031199
654	0.037706	0.038696	0.030772
655	0.037613	0.03859	0.030391
656	0.037569	0.038539	0.030073
657	0.037519	0.038476	0.029737
658	0.037463	0.038403	0.029376
659	0.037406	0.038326	0.028964
660	0.037326	0.038232	0.028487
661	0.037231	0.038123	0.027971
662	0.037107	0.037979	0.027389
663	0.036979	0.037825	0.026768
664	0.03684	0.037658	0.026104
665	0.036691	0.037475	0.025403
666	0.036546	0.037295	0.024683
667	0.036441	0.037156	0.024026
668	0.036374	0.037046	0.023383
669	0.036359	0.03699	0.0228
670	0.03641	0.036998	0.022333
671	0.036474	0.037012	0.021911
672	0.036562	0.037043	0.021524
673	0.036709	0.037131	0.021215
674	0.036871	0.037239	0.020944
675	0.037039	0.037346	0.020684
676	0.037262	0.0375	0.020502
677	0.037514	0.037684	0.020361
678	0.037758	0.037861	0.020214
679	0.038023	0.038052	0.02007
680	0.038313	0.038268	0.019961
681	0.038648	0.038531	0.019948
682	0.039025	0.03884	0.02002
683	0.039454	0.03921	0.020226
684	0.039931	0.039635	0.020607
685	0.040438	0.040096	0.02116
686	0.04097	0.040596	0.021914
687	0.041563	0.041171	0.022957
688	0.042203	0.041808	0.0243
689	0.042903	0.042523	0.025978
690	0.043721	0.043368	0.028103
691	0.044648	0.044335	0.03067
692	0.045734	0.045468	0.033738
693	0.047028	0.046805	0.037345
694	0.048543	0.048372	0.041535
695	0.050309	0.050192	0.046314
696	0.052342	0.052276	0.051664
697	0.054678	0.054659	0.057595
698	0.057318	0.057341	0.064045
699	0.06027	0.060322	0.070994
700	0.063494	0.063575	0.078337
701	0.066958	0.067068	0.085977
702	0.070635	0.070774	0.093811
703	0.074479	0.074646	0.10176
704	0.078459	0.078652	0.10977
705	0.082525	0.082751	0.11773
706	0.086657	0.086909	0.12562
707	0.090821	0.091094	0.13336
708	0.094991	0.09529	0.14095
709	0.099147	0.09947	0.14838
710	0.10329	0.10363	0.15564
711	0.10743	0.1078	0.16276
712	0.11158	0.11196	0.16975
713	0.11574	0.11614	0.17667
714	0.11989	0.1203	0.18347
715	0.12406	0.12447	0.19016
716	0.12824	0.12865	0.19676
717	0.13242	0.13283	0.2033
718	0.13659	0.13699	0.20975
719	0.14073	0.14113	0.21609
720	0.14486	0.14525	0.22235
721	0.14897	0.14934	0.2285
722	0.15304	0.1534	0.23454
723	0.15707	0.15742	0.24047
724	0.16104	0.16138	0.24628
725	0.16495	0.16529	0.25194
726	0.16879	0.16912	0.25746
727	0.17254	0.17287	0.26284
728	0.1762	0.17652	0.26804
729	0.17976	0.18006	0.27303
730	0.18319	0.18347	0.27783
731	0.18651	0.18677	0.28244
732	0.18971	0.18995	0.28687
733	0.19277	0.19299	0.29109
734	0.19568	0.19589	0.2951
735	0.19848	0.19866	0.29893
736	0.20114	0.20131	0.30257
737	0.20366	0.20381	0.30602
738	0.20604	0.20617	0.30925
739	0.20828	0.20841	0.31229
740	0.21039	0.21052	0.31515
741	0.21235	0.2125	0.31783
742	0.21419	0.21435	0.32033
743	0.21589	0.21605	0.32264
744	0.21745	0.21763	0.32476
745	0.21889	0.21909	0.32677
746	0.22023	0.22044	0.32864
747	0.22143	0.22167	0.33037
748	0.22253	0.22279	0.33197
749	0.22353	0.22383	0.33347
750	0.22443	0.22477	0.33484
751	0.22524	0.22561	0.33608
752	0.22597	0.22637	0.33721
753	0.22662	0.22706	0.33823
754	0.22719	0.22768	0.33917
755	0.22771	0.22824	0.34003
756	0.22819	0.22876	0.34082
757	0.22861	0.22923	0.34153
758	0.22897	0.22964	0.34218
759	0.22931	0.23002	0.3428
760	0.22962	0.23037	0.34336
761	0.2299	0.23068	0.34388
762	0.23013	0.23096	0.34435
763	0.23033	0.2312	0.34477
764	0.23051	0.23142	0.34515
765	0.23067	0.23162	0.3455
766	0.2308	0.23179	0.34583
767	0.2309	0.23193	0.34613
768	0.23099	0.23205	0.34641
769	0.23107	0.23217	0.34669
770	0.23113	0.23227	0.34694
771	0.23119	0.23236	0.34718
772	0.23125	0.23245	0.34742
773	0.23131	0.23254	0.34765
774	0.23136	0.23263	0.34787
775	0.23141	0.23271	0.34808
776	0.23145	0.23278	0.34827
777	0.2315	0.23285	0.34846
778	0.23156	0.23294	0.34866
779	0.23162	0.23302	0.34887
780	0.23167	0.23309	0.34906
781	0.23173	0.23316	0.34926
782	0.23181	0.23325	0.34947
783	0.2319	0.23335	0.34968
784	0.23198	0.23344	0.34988
785	0.23206	0.23353	0.35006
786	0.23216	0.23364	0.35025
787	0.23227	0.23375	0.35045
788	0.23237	0.23387	0.35065
789	0.23247	0.23398	0.35085
790	0.23258	0.2341	0.35107
791	0.23269	0.23423	0.35132
792	0.23279	0.23434	0.35154
793	0.2329	0.23445	0.35174
794	0.23302	0.23457	0.35195
795	0.23313	0.23468	0.35218
796	0.23325	0.2348	0.35242
797	0.23337	0.23492	0.35265
798	0.2335	0.23505	0.35286
799	0.23361	0.23517	0.35307
800	0.23373	0.2353	0.35329
801	0.23386	0.23542	0.35352
802	0.23398	0.23555	0.35375
803	0.23411	0.23569	0.35399
804	0.23423	0.23583	0.35425
805	0.23436	0.23597	0.35451
806	0.23447	0.23608	0.35472
807	0.23459	0.23619	0.35495
808	0.23472	0.23632	0.35518
809	0.23484	0.23644	0.35542
810	0.23497	0.23657	0.35564
811	0.23512	0.23671	0.35584
812	0.23526	0.23686	0.35604
813	0.23539	0.23699	0.35624
814	0.23553	0.23713	0.35644
815	0.23567	0.23726	0.35664
816	0.2358	0.23739	0.35684
817	0.23593	0.23753	0.35705
818	0.23607	0.23767	0.35727
819	0.23621	0.23782	0.35749
820	0.23633	0.23794	0.3577
821	0.23645	0.23806	0.3579
822	0.23658	0.23819	0.3581
823	0.2367	0.23832	0.35832
824	0.23682	0.23845	0.35852
825	0.23694	0.23857	0.35871
826	0.23705	0.23869	0.35889
827	0.23718	0.23881	0.35907
828	0.2373	0.23892	0.35927
829	0.23744	0.23905	0.35948
830	0.23758	0.23919	0.35969
831	0.23774	0.23933	0.35991
832	0.23789	0.23948	0.36012
833	0.23805	0.23964	0.36034
834	0.23818	0.23978	0.36054
835	0.2383	0.23991	0.36074
836	0.23844	0.24005	0.36094
837	0.23856	0.24018	0.36113
838	0.23865	0.24028	0.36128
839	0.23872	0.24035	0.3614
840	0.2388	0.24044	0.36153
841	0.23889	0.24054	0.36166
842	0.239	0.24065	0.36179
843	0.23909	0.24075	0.36194
844	0.23921	0.24087	0.36212
845	0.23933	0.24099	0.36231
846	0.23945	0.24112	0.36251
847	0.23958	0.24125	0.3627
848	0.2397	0.24139	0.3629
849	0.23981	0.24152	0.36309
850	0.23992	0.24162	0.36325
851	0.24	0.24171	0.36341
852	0.24009	0.24179	0.36356
853	0.24019	0.24189	0.36373
854	0.24029	0.24198	0.36389
855	0.24038	0.24207	0.36402
856	0.24045	0.24214	0.36413
857	0.24054	0.24223	0.36427
858	0.24065	0.24234	0.36442
859	0.24077	0.24245	0.36457
860	0.2409	0.24256	0.3647
861	0.24102	0.24268	0.36483
862	0.24112	0.2428	0.36493
863	0.24119	0.24288	0.36502
864	0.24125	0.24295	0.36511
865	0.24134	0.24303	0.36524
866	0.24145	0.24314	0.3654
867	0.24154	0.24322	0.36556
868	0.24159	0.24328	0.36572
869	0.24162	0.24332	0.36585
870	0.24168	0.24338	0.36597
871	0.24177	0.24347	0.36611
872	0.24187	0.24356	0.36624
873	0.24196	0.24365	0.36635
874	0.24206	0.24375	0.36645
875	0.24214	0.24384	0.36656
876	0.24221	0.24392	0.36666
877	0.24227	0.24399	0.36676
878	0.24236	0.24409	0.36688
879	0.24247	0.2442	0.367
880	0.24256	0.2443	0.36712
881	0.24263	0.24437	0.36722
882	0.2427	0.24444	0.36733
883	0.24278	0.24452	0.36744
884	0.24288	0.24461	0.36753
885	0.24297	0.2447	0.36763
886	0.24304	0.24477	0.36771
887	0.2431	0.24482	0.36779
888	0.24316	0.24488	0.36787
889	0.24327	0.24497	0.36801
890	0.24337	0.24506	0.36815
891	0.24346	0.24515	0.36827
892	0.24356	0.24526	0.36838
893	0.24365	0.24536	0.36849
894	0.24374	0.24545	0.3686
895	0.24383	0.24555	0.36873
896	0.24395	0.24566	0.36884
897	0.24404	0.24575	0.36892
898	0.2441	0.24582	0.36896
899	0.24414	0.24586	0.36897
900	0.24417	0.2459	0.36904
901	0.24421	0.24594	0.36911
902	0.24425	0.24599	0.36917
903	0.24435	0.24607	0.36929
904	0.24443	0.24615	0.36941
905	0.24449	0.24621	0.36952
906	0.24455	0.24628	0.36963
907	0.24463	0.24636	0.36973
908	0.24473	0.24644	0.36984
909	0.24481	0.24652	0.36995
910	0.24495	0.24665	0.37011
911	0.24507	0.24677	0.3702
912	0.24514	0.24685	0.37024
913	0.24518	0.24688	0.37025
914	0.24523	0.24692	0.37032
915	0.2453	0.24697	0.37039
916	0.24537	0.24704	0.37044
917	0.24545	0.24709	0.37051
918	0.24553	0.24715	0.3706
919	0.2456	0.24723	0.3707
920	0.24569	0.24732	0.37083
921	0.24582	0.24746	0.37094
922	0.24589	0.24754	0.37103
923	0.24592	0.24758	0.3711
924	0.24598	0.24767	0.37118
925	0.24603	0.24774	0.37123
926	0.24604	0.24775	0.37127
927	0.24603	0.24772	0.37129
928	0.2461	0.24777	0.37137
929	0.24617	0.24784	0.37142
930	0.24621	0.24789	0.37147
931	0.24623	0.24791	0.37159
932	0.24633	0.24801	0.37176
933	0.24644	0.24811	0.37196
934	0.24654	0.24821	0.37213
935	0.24663	0.2483	0.37221
936	0.24665	0.24834	0.37222
937	0.24668	0.24838	0.37218
938	0.24674	0.24843	0.37215
939	0.24679	0.24847	0.37215
940	0.24681	0.24847	0.37213
941	0.24683	0.24849	0.37212
942	0.24689	0.24854	0.37213
943	0.24692	0.24858	0.37216
944	0.2469	0.24857	0.37222
945	0.24688	0.24854	0.3723
946	0.24692	0.24854	0.37236
947	0.24692	0.24853	0.37235
948	0.2469	0.2485	0.37232
949	0.24687	0.24847	0.3723
950	0.24679	0.2484	0.37231
951	0.24677	0.24838	0.37235
952	0.24676	0.24836	0.37239
953	0.24669	0.24828	0.37243
954	0.24666	0.24826	0.37249
955	0.24669	0.24829	0.37253
956	0.24676	0.24834	0.37254
957	0.24681	0.24839	0.37251
958	0.24687	0.24844	0.37245
959	0.24689	0.24846	0.37237
960	0.2469	0.24847	0.37227
961	0.24691	0.2485	0.37214
962	0.24691	0.24851	0.37202
963	0.2469	0.24851	0.37196
964	0.24688	0.24848	0.37196
965	0.24682	0.24843	0.37193
966	0.24679	0.24839	0.37203
967	0.24682	0.24839	0.37218
968	0.24692	0.24847	0.37231
969	0.24707	0.24859	0.37247
970	0.24726	0.24877	0.37267
971	0.24743	0.24895	0.37291
972	0.24755	0.24909	0.37312
973	0.24759	0.24914	0.37328
974	0.24763	0.24918	0.37336
975	0.2477	0.24922	0.37338
976	0.24768	0.2492	0.37336
977	0.24759	0.2491	0.37331
978	0.24748	0.24898	0.37324
979	0.24737	0.24889	0.37318
980	0.24741	0.24889	0.37324
981	0.24746	0.24894	0.37324
982	0.24751	0.24897	0.3732
983	0.24755	0.24902	0.37323
984	0.24765	0.24914	0.3733
985	0.24777	0.24927	0.37337
986	0.24789	0.24939	0.37345
987	0.24803	0.24951	0.37357
988	0.24817	0.24964	0.37381
989	0.24827	0.24973	0.37406
990	0.24836	0.24983	0.37438
991	0.24845	0.24994	0.3747
992	0.2485	0.24997	0.37477
993	0.24871	0.25013	0.37503
994	0.24894	0.25032	0.3753
995	0.24912	0.25049	0.37551
996	0.24929	0.25065	0.37566
997	0.2495	0.25083	0.37578
998	0.24975	0.25108	0.37596
999	0.25001	0.25134	0.37617
1000	0.25024	0.25155	0.37642
1001	0.25047	0.25174	0.3768
1002	0.25071	0.25197	0.37729
1003	0.25092	0.25219	0.37769
1004	0.25109	0.2524	0.37803
1005	0.25121	0.25256	0.37822
1006	0.25129	0.25265	0.37824
1007	0.25155	0.25289	0.37848
1008	0.25176	0.25309	0.37862
1009	0.25187	0.2532	0.37866
1010	0.25196	0.25329	0.37867
1011	0.25207	0.2534	0.37881
1012	0.25219	0.25352	0.37908
1013	0.25225	0.25358	0.37924
1014	0.25228	0.25361	0.37937
1015	0.25232	0.25367	0.37963
1016	0.25236	0.25378	0.37994
1017	0.25236	0.25391	0.38019
1018	0.25237	0.25406	0.3804
1019	0.25243	0.25424	0.38057
1020	0.25256	0.25444	0.38068
1021	0.25271	0.25463	0.38075
1022	0.25282	0.25476	0.38079
1023	0.25291	0.25484	0.38083
1024	0.25303	0.25492	0.38093
1025	0.25322	0.25506	0.3811
1026	0.25345	0.25519	0.38119
1027	0.25363	0.25525	0.38115
1028	0.25378	0.25531	0.38115
1029	0.25392	0.25542	0.3813
1030	0.25408	0.25557	0.38146
1031	0.25424	0.25574	0.38162
1032	0.2544	0.25588	0.38182
1033	0.25455	0.25602	0.38208
1034	0.25466	0.25613	0.38235
1035	0.25476	0.25617	0.38262
1036	0.25485	0.25619	0.38292
1037	0.25487	0.25622	0.38313
1038	0.25484	0.25622	0.38322
1039	0.2548	0.25616	0.38325
1040	0.25477	0.25607	0.38325
1041	0.25481	0.25604	0.38327
1042	0.25491	0.25609	0.38333
1043	0.25508	0.25621	0.38336
1044	0.25529	0.25636	0.38334
1045	0.25545	0.25646	0.38328
1046	0.25555	0.25655	0.38328
1047	0.25564	0.25668	0.38338
1048	0.25574	0.25684	0.38356
1049	0.25583	0.25699	0.38374
1050	0.25587	0.25717	0.38389
1051	0.25586	0.25735	0.38399
1052	0.25585	0.25748	0.38415
1053	0.25587	0.25761	0.3844
1054	0.25597	0.2578	0.38475
1055	0.25616	0.25804	0.3851
1056	0.25638	0.25829	0.38535
1057	0.25659	0.25848	0.38547
1058	0.25675	0.25855	0.3855
1059	0.2568	0.2585	0.38547
1060	0.25679	0.25839	0.38544
1061	0.25677	0.25831	0.38544
1062	0.25677	0.25829	0.38551
1063	0.25679	0.25831	0.3856
1064	0.25685	0.25836	0.3857
1065	0.25694	0.25845	0.38587
1066	0.25703	0.25855	0.38609
1067	0.25712	0.25867	0.38632
1068	0.25718	0.25879	0.38653
1069	0.2572	0.25889	0.38671
1070	0.25722	0.259	0.38685
1071	0.25725	0.25907	0.38696
1072	0.25728	0.25909	0.38703
1073	0.25733	0.25912	0.38708
1074	0.25738	0.25918	0.38712
1075	0.25745	0.25925	0.38717
1076	0.25756	0.25936	0.38724
1077	0.25769	0.25945	0.38731
1078	0.25781	0.2595	0.38737
1079	0.25794	0.25954	0.38742
1080	0.25806	0.25956	0.38748
1081	0.25815	0.2596	0.38754
1082	0.25818	0.25963	0.38761
1083	0.25821	0.25967	0.38771
1084	0.25829	0.25974	0.3878
1085	0.25843	0.25985	0.38788
1086	0.25855	0.25995	0.38795
1087	0.25868	0.26007	0.38802
1088	0.25881	0.26016	0.38808
1089	0.25893	0.26022	0.38813
1090	0.25901	0.26025	0.38816
1091	0.25905	0.26024	0.38819
1092	0.2591	0.26021	0.38825
1093	0.25915	0.2602	0.38835
1094	0.25922	0.26023	0.38849
1095	0.2593	0.2603	0.38863
1096	0.25935	0.26038	0.38871
1097	0.2594	0.26046	0.38876
1098	0.25946	0.26052	0.3888
1099	0.25948	0.26054	0.38885
1100	0.25948	0.26054	0.3889
1101	0.25951	0.26055	0.38893
1102	0.25955	0.26057	0.38894
1103	0.25953	0.26058	0.38889
1104	0.25945	0.26058	0.38883
1105	0.25937	0.26059	0.38876
1106	0.25932	0.2606	0.38872
1107	0.25929	0.26062	0.38868
1108	0.25929	0.26066	0.38868
1109	0.25934	0.26074	0.38867
1110	0.25943	0.26085	0.38868
1111	0.25952	0.26097	0.38874
1112	0.25961	0.26108	0.38888
1113	0.25971	0.26119	0.38906
1114	0.2598	0.2613	0.38926
1115	0.2599	0.2614	0.38946
1116	0.25995	0.26144	0.38962
1117	0.25996	0.26142	0.3897
1118	0.25994	0.26138	0.38972
1119	0.25992	0.26135	0.3897
1120	0.25988	0.26129	0.38965
1121	0.25983	0.26123	0.38958
1122	0.2598	0.26119	0.38951
1123	0.25981	0.26118	0.38943
1124	0.25984	0.26123	0.38943
1125	0.25987	0.2613	0.38948
1126	0.25985	0.26134	0.38947
1127	0.25979	0.26132	0.38938
1128	0.25971	0.26123	0.38928
1129	0.25965	0.26108	0.38919
1130	0.25958	0.26087	0.38909
1131	0.25948	0.26064	0.38896
1132	0.2594	0.26044	0.38882
1133	0.25934	0.26029	0.38869
1134	0.25927	0.26017	0.38857
1135	0.25914	0.26006	0.38843
1136	0.25897	0.25998	0.38828
1137	0.25884	0.25995	0.38819
1138	0.25873	0.25997	0.38814
1139	0.25855	0.25992	0.38797
1140	0.2583	0.25979	0.38768
1141	0.25807	0.25964	0.38739
1142	0.25788	0.25946	0.38717
1143	0.25769	0.25927	0.38696
1144	0.25748	0.25906	0.38674
1145	0.25728	0.25879	0.3865
1146	0.25709	0.25848	0.38624
1147	0.25693	0.25819	0.38595
1148	0.25677	0.2579	0.38563
1149	0.25657	0.25761	0.38529
1150	0.25639	0.25735	0.38498
1151	0.25625	0.25713	0.38473
1152	0.25607	0.25692	0.38447
1153	0.25587	0.25672	0.38422
1154	0.25571	0.25659	0.38406
1155	0.25558	0.25652	0.38399
1156	0.25541	0.25646	0.38395
1157	0.25522	0.25639	0.3839
1158	0.25502	0.2563	0.38384
1159	0.25482	0.25617	0.38378
1160	0.25466	0.25604	0.38374
1161	0.25455	0.25595	0.38373
1162	0.25449	0.2559	0.38373
1163	0.25446	0.25586	0.38376
1164	0.25445	0.25584	0.38378
1165	0.25449	0.25582	0.38379
1166	0.25456	0.25582	0.38379
1167	0.25465	0.25583	0.3838
1168	0.25474	0.25584	0.38382
1169	0.25477	0.25582	0.38381
1170	0.25474	0.25575	0.38376
1171	0.25468	0.25564	0.38363
1172	0.25462	0.25552	0.38347
1173	0.25456	0.25543	0.38335
1174	0.2545	0.25537	0.38329
1175	0.25445	0.25536	0.38328
1176	0.25443	0.25538	0.38331
1177	0.25445	0.25544	0.38338
1178	0.25452	0.25552	0.38348
1179	0.25462	0.25559	0.38356
1180	0.25471	0.25566	0.38363
1181	0.25478	0.25571	0.38369
1182	0.25482	0.25574	0.38375
1183	0.25484	0.25576	0.3838
1184	0.25484	0.25576	0.38382
1185	0.25485	0.25574	0.38384
1186	0.25489	0.25576	0.3839
1187	0.25495	0.25583	0.384
1188	0.25501	0.25592	0.38412
1189	0.25508	0.25603	0.38425
1190	0.25517	0.25616	0.38439
1191	0.25528	0.25629	0.38455
1192	0.25535	0.25638	0.38468
1193	0.25539	0.25644	0.38475
1194	0.25537	0.25648	0.38472
1195	0.25533	0.2565	0.38463
1196	0.25527	0.25651	0.38452
1197	0.2552	0.25651	0.38441
1198	0.25516	0.25651	0.38435
1199	0.25515	0.2565	0.38434
1200	0.25517	0.25653	0.38439
1201	0.25521	0.25659	0.38449
1202	0.25528	0.25666	0.38461
1203	0.25539	0.25675	0.38475
1204	0.25551	0.25684	0.38491
1205	0.25561	0.25693	0.38508
1206	0.2557	0.25699	0.38524
1207	0.25578	0.25704	0.38537
1208	0.25584	0.25708	0.38542
1209	0.25587	0.25708	0.38545
1210	0.25588	0.25707	0.38546
1211	0.25591	0.25703	0.38548
1212	0.25595	0.25699	0.38553
1213	0.25602	0.257	0.38564
1214	0.25611	0.25709	0.38579
1215	0.25622	0.25721	0.38593
1216	0.25635	0.25736	0.38605
1217	0.25653	0.25757	0.38621
1218	0.25673	0.25781	0.38639
1219	0.2569	0.25803	0.38657
1220	0.25704	0.25819	0.38671
1221	0.25716	0.25834	0.38686
1222	0.25727	0.25847	0.387
1223	0.25736	0.25855	0.38714
1224	0.25743	0.25859	0.38728
1225	0.2575	0.25861	0.38742
1226	0.25758	0.25865	0.38756
1227	0.25768	0.25874	0.3877
1228	0.25781	0.25886	0.38783
1229	0.25794	0.25896	0.38793
1230	0.25804	0.25903	0.38804
1231	0.25814	0.2591	0.38817
1232	0.2582	0.25917	0.38826
1233	0.25821	0.25922	0.38831
1234	0.25822	0.25929	0.38834
1235	0.25826	0.2594	0.38841
1236	0.25835	0.25955	0.38854
1237	0.25846	0.25967	0.38871
1238	0.25858	0.25977	0.38887
1239	0.25871	0.25987	0.38903
1240	0.25885	0.25998	0.3892
1241	0.25902	0.2601	0.38939
1242	0.25919	0.26021	0.38959
1243	0.25933	0.26028	0.38978
1244	0.2594	0.26031	0.38992
1245	0.25946	0.26033	0.39002
1246	0.25948	0.26036	0.39004
1247	0.25949	0.26037	0.39
1248	0.2595	0.2604	0.38993
1249	0.2595	0.26044	0.38987
1250	0.25953	0.26052	0.38985
1251	0.2596	0.2606	0.38987
1252	0.25967	0.26068	0.38992
1253	0.25979	0.2608	0.39001
1254	0.25993	0.26095	0.39016
1255	0.26008	0.2611	0.39033
1256	0.26024	0.26127	0.39051
1257	0.26041	0.26146	0.3907
1258	0.26057	0.26164	0.39089
1259	0.26072	0.2618	0.39107
1260	0.26081	0.26189	0.39123
1261	0.26083	0.26193	0.39131
1262	0.26078	0.26192	0.39135
1263	0.26072	0.26189	0.39137
1264	0.2607	0.26187	0.39142
1265	0.2607	0.26185	0.39148
1266	0.26069	0.26184	0.39152
1267	0.26068	0.26183	0.39156
1268	0.26067	0.26181	0.39158
1269	0.26065	0.26177	0.39159
1270	0.26063	0.26175	0.39159
1271	0.26063	0.26177	0.3916
1272	0.26066	0.2618	0.39164
1273	0.26071	0.26186	0.3917
1274	0.26078	0.26194	0.39174
1275	0.26086	0.26203	0.39175
1276	0.26094	0.26213	0.39177
1277	0.26106	0.26225	0.39183
1278	0.26119	0.26235	0.39192
1279	0.2613	0.26244	0.39201
1280	0.26139	0.26249	0.3921
1281	0.26145	0.2625	0.39218
1282	0.26144	0.26245	0.39225
1283	0.26135	0.26234	0.39228
1284	0.26125	0.26223	0.39227
1285	0.26117	0.26215	0.39225
1286	0.26112	0.2621	0.39218
1287	0.2611	0.26208	0.39208
1288	0.26111	0.26209	0.39194
1289	0.2611	0.26211	0.39182
1290	0.26105	0.2621	0.39171
1291	0.26099	0.26204	0.39161
1292	0.26094	0.26196	0.39155
1293	0.2609	0.26191	0.39155
1294	0.26087	0.26189	0.39161
1295	0.26085	0.26187	0.39169
1296	0.26079	0.26183	0.39177
1297	0.26074	0.26179	0.39181
1298	0.26073	0.26179	0.39182
1299	0.26077	0.26183	0.39185
1300	0.26083	0.26189	0.39187
1301	0.26088	0.26193	0.39183
1302	0.26089	0.26195	0.39175
1303	0.26084	0.26191	0.39159
1304	0.26074	0.2618	0.39137
1305	0.26061	0.26165	0.39114
1306	0.26049	0.26151	0.39096
1307	0.26034	0.26139	0.39083
1308	0.26018	0.26127	0.39073
1309	0.26001	0.26114	0.39064
1310	0.25986	0.261	0.39054
1311	0.25974	0.26084	0.39039
1312	0.25965	0.26068	0.39025
1313	0.25957	0.26052	0.39014
1314	0.25946	0.26034	0.39
1315	0.2593	0.26012	0.3898
1316	0.25908	0.25987	0.38956
1317	0.25882	0.25959	0.38928
1318	0.25855	0.25934	0.389
1319	0.25831	0.2591	0.38877
1320	0.25806	0.25885	0.38859
1321	0.2578	0.25862	0.38843
1322	0.25757	0.25843	0.38826
1323	0.25738	0.25825	0.38807
1324	0.25718	0.25806	0.38782
1325	0.25698	0.25784	0.38755
1326	0.25679	0.25758	0.38726
1327	0.25656	0.25728	0.38696
1328	0.2563	0.257	0.38664
1329	0.25602	0.25673	0.38631
1330	0.2557	0.25645	0.38594
1331	0.25537	0.25619	0.38556
1332	0.25506	0.25592	0.38516
1333	0.25475	0.25562	0.38475
1334	0.25447	0.25533	0.38439
1335	0.25422	0.25507	0.38404
1336	0.254	0.25485	0.38368
1337	0.25376	0.25465	0.38331
1338	0.2535	0.25442	0.38292
1339	0.25324	0.25416	0.38254
1340	0.25297	0.25386	0.3822
1341	0.25268	0.25357	0.38188
1342	0.25241	0.25333	0.38157
1343	0.25218	0.25311	0.38127
1344	0.25196	0.25287	0.38096
1345	0.25176	0.25263	0.38063
1346	0.25155	0.25237	0.3803
1347	0.25131	0.25209	0.38001
1348	0.25105	0.2518	0.37977
1349	0.2508	0.25153	0.37953
1350	0.25054	0.25129	0.37926
1351	0.25031	0.25109	0.37899
1352	0.25007	0.25087	0.37871
1353	0.24977	0.25061	0.37843
1354	0.24942	0.25031	0.37816
1355	0.24905	0.24998	0.37788
1356	0.2487	0.24965	0.37757
1357	0.24844	0.24934	0.37725
1358	0.24822	0.24904	0.37691
1359	0.24801	0.24875	0.37657
1360	0.24777	0.24841	0.37624
1361	0.24746	0.24803	0.37588
1362	0.24712	0.24763	0.37548
1363	0.24677	0.24724	0.37502
1364	0.24641	0.24688	0.37451
1365	0.24607	0.24652	0.374
1366	0.24569	0.24612	0.37349
1367	0.24523	0.24567	0.37293
1368	0.24471	0.24518	0.37233
1369	0.24417	0.24466	0.3717
1370	0.24365	0.24413	0.37107
1371	0.24314	0.2436	0.37043
1372	0.2426	0.24302	0.36976
1373	0.24201	0.24238	0.36904
1374	0.24138	0.24167	0.36823
1375	0.24067	0.24089	0.36731
1376	0.23987	0.24005	0.36627
1377	0.23899	0.23916	0.36511
1378	0.23805	0.23823	0.36383
1379	0.23702	0.2372	0.36246
1380	0.23591	0.23607	0.36099
1381	0.23468	0.23485	0.35937
1382	0.23336	0.23355	0.35766
1383	0.23196	0.23214	0.35586
1384	0.23049	0.23065	0.35394
1385	0.22891	0.22904	0.3519
1386	0.22723	0.22734	0.34976
1387	0.22546	0.22555	0.34749
1388	0.22366	0.22368	0.34509
1389	0.22175	0.22168	0.34254
1390	0.21973	0.2196	0.33986
1391	0.21762	0.21746	0.33706
1392	0.21543	0.21526	0.33415
1393	0.2132	0.21302	0.33114
1394	0.21091	0.21074	0.32805
1395	0.20856	0.2084	0.32486
1396	0.20617	0.20604	0.3216
1397	0.20376	0.20362	0.31827
1398	0.20133	0.20117	0.3149
1399	0.1989	0.19867	0.3115
1400	0.19648	0.19619	0.30812
1401	0.19411	0.19376	0.3048
1402	0.19178	0.19134	0.30152
1403	0.18943	0.1889	0.29826
1404	0.1871	0.18652	0.29507
1405	0.18481	0.18422	0.29192
1406	0.18261	0.18201	0.28886
1407	0.18053	0.17993	0.28592
1408	0.17851	0.17796	0.28307
1409	0.17653	0.17604	0.28031
1410	0.17463	0.17417	0.27763
1411	0.17281	0.17235	0.275
1412	0.17109	0.1706	0.27246
1413	0.16945	0.16891	0.26999
1414	0.1679	0.16732	0.26763
1415	0.16645	0.16584	0.26543
1416	0.16505	0.16443	0.26336
1417	0.16367	0.16305	0.26135
1418	0.16236	0.16176	0.25946
1419	0.16116	0.1606	0.25769
1420	0.16009	0.15956	0.25608
1421	0.15914	0.15863	0.25462
1422	0.15824	0.15775	0.25327
1423	0.15735	0.15688	0.25198
1424	0.15649	0.15604	0.25073
1425	0.15569	0.15525	0.24954
1426	0.15496	0.15451	0.24841
1427	0.15426	0.15379	0.24733
1428	0.15359	0.1531	0.24629
1429	0.15295	0.15245	0.24534
1430	0.15237	0.15185	0.24448
1431	0.1518	0.15128	0.24367
1432	0.1513	0.15077	0.24291
1433	0.15088	0.15034	0.24224
1434	0.15054	0.14999	0.24165
1435	0.15024	0.14967	0.24114
1436	0.14996	0.1494	0.24071
1437	0.14968	0.14915	0.24034
1438	0.14941	0.14891	0.24002
1439	0.14919	0.1487	0.23974
1440	0.149	0.14853	0.23947
1441	0.14881	0.14837	0.23921
1442	0.14865	0.14824	0.23902
1443	0.14854	0.14813	0.2389
1444	0.14844	0.14803	0.2388
1445	0.14835	0.14791	0.23867
1446	0.1482	0.14776	0.23846
1447	0.14805	0.1476	0.23824
1448	0.14793	0.14746	0.2381
1449	0.14786	0.14735	0.23804
1450	0.1478	0.14727	0.23806
1451	0.14786	0.14731	0.23821
1452	0.14788	0.14731	0.23827
1453	0.1479	0.14733	0.23836
1454	0.14795	0.14736	0.23849
1455	0.14801	0.14741	0.23865
1456	0.14808	0.14749	0.23882
1457	0.14817	0.14759	0.23902
1458	0.1483	0.14772	0.23927
1459	0.14846	0.14787	0.23956
1460	0.14864	0.14805	0.23989
1461	0.14884	0.14826	0.24026
1462	0.14907	0.1485	0.24066
1463	0.14932	0.14877	0.2411
1464	0.1496	0.14907	0.24157
1465	0.14991	0.1494	0.24207
1466	0.15024	0.14975	0.24261
1467	0.15059	0.15012	0.24319
1468	0.15096	0.15051	0.24378
1469	0.15134	0.15092	0.24438
1470	0.15173	0.15134	0.245
1471	0.15212	0.15177	0.24565
1472	0.15255	0.15222	0.24637
1473	0.15302	0.15269	0.24716
1474	0.15351	0.1532	0.24798
1475	0.15403	0.15372	0.24883
1476	0.15458	0.15428	0.24972
1477	0.15515	0.15486	0.25064
1478	0.15573	0.15545	0.25158
1479	0.15631	0.15604	0.25253
1480	0.15691	0.15665	0.2535
1481	0.15753	0.15728	0.2545
1482	0.15816	0.15792	0.25552
1483	0.1588	0.15857	0.25654
1484	0.15944	0.15923	0.25757
1485	0.16009	0.15989	0.2586
1486	0.16076	0.16056	0.25965
1487	0.16144	0.16123	0.26071
1488	0.16214	0.16192	0.26178
1489	0.16284	0.16261	0.26288
1490	0.16355	0.16331	0.26399
1491	0.16427	0.16402	0.26512
1492	0.16498	0.16474	0.26624
1493	0.16569	0.16545	0.26735
1494	0.16641	0.16617	0.26847
1495	0.16714	0.1669	0.26959
1496	0.16785	0.16763	0.2707
1497	0.16857	0.16837	0.2718
1498	0.1693	0.16911	0.27291
1499	0.17002	0.16985	0.274
1500	0.17074	0.17057	0.27506
1501	0.17144	0.17128	0.27611
1502	0.17213	0.17198	0.27714
1503	0.17281	0.17266	0.27816
1504	0.1735	0.17337	0.27918
1505	0.17419	0.17407	0.28022
1506	0.17488	0.17476	0.28128
1507	0.17557	0.17546	0.28234
1508	0.17626	0.17616	0.2834
1509	0.17694	0.17686	0.28445
1510	0.17763	0.17755	0.28549
1511	0.17833	0.17825	0.28653
1512	0.17903	0.17895	0.28757
1513	0.17972	0.17965	0.28861
1514	0.1804	0.18034	0.28962
1515	0.18107	0.18102	0.2906
1516	0.18173	0.18169	0.29157
1517	0.18239	0.18236	0.29254
1518	0.18305	0.18303	0.2935
1519	0.18371	0.1837	0.29446
1520	0.18437	0.18435	0.29541
1521	0.18503	0.18499	0.29636
1522	0.18569	0.18564	0.29732
1523	0.18634	0.18627	0.29828
1524	0.18698	0.18691	0.29924
1525	0.18761	0.18755	0.3002
1526	0.18823	0.18818	0.30113
1527	0.18884	0.18882	0.30205
1528	0.18945	0.18944	0.30295
1529	0.19006	0.19006	0.30384
1530	0.19067	0.19066	0.30473
1531	0.19128	0.19126	0.30561
1532	0.19188	0.19185	0.30646
1533	0.19247	0.19244	0.30731
1534	0.19305	0.19301	0.30814
1535	0.19362	0.19356	0.30894
1536	0.19417	0.19411	0.30972
1537	0.1947	0.19464	0.31049
1538	0.19521	0.19515	0.31124
1539	0.19573	0.19568	0.31201
1540	0.19625	0.19622	0.31279
1541	0.19676	0.19674	0.31355
1542	0.19726	0.19725	0.31428
1543	0.19774	0.19776	0.31499
1544	0.19824	0.19827	0.31569
1545	0.19875	0.19879	0.3164
1546	0.19927	0.19932	0.31712
1547	0.1998	0.19985	0.31785
1548	0.20032	0.20037	0.31857
1549	0.20082	0.20088	0.31927
1550	0.20131	0.20137	0.31995
1551	0.20179	0.20185	0.32063
1552	0.20228	0.20233	0.32132
1553	0.20277	0.20283	0.32202
1554	0.20327	0.20331	0.32272
1555	0.20374	0.20378	0.3234
1556	0.20418	0.20424	0.32405
1557	0.20462	0.20468	0.3247
1558	0.20505	0.20513	0.32534
1559	0.20548	0.20557	0.32597
1560	0.2059	0.20602	0.32659
1561	0.20632	0.20646	0.32719
1562	0.20674	0.2069	0.32776
1563	0.20716	0.20732	0.32833
1564	0.20758	0.20774	0.3289
1565	0.20798	0.20813	0.32945
1566	0.20836	0.20852	0.32999
1567	0.20873	0.2089	0.3305
1568	0.2091	0.20927	0.33101
1569	0.20944	0.20962	0.33151
1570	0.20977	0.20996	0.332
1571	0.2101	0.2103	0.33248
1572	0.21043	0.21063	0.33296
1573	0.21075	0.21096	0.33344
1574	0.21106	0.2113	0.33393
1575	0.21139	0.21164	0.33443
1576	0.21173	0.21197	0.33493
1577	0.21207	0.2123	0.33543
1578	0.21242	0.21265	0.33593
1579	0.21278	0.21302	0.33644
1580	0.21314	0.21338	0.33697
1581	0.21352	0.21373	0.33751
1582	0.21389	0.21409	0.33805
1583	0.21426	0.21443	0.33857
1584	0.21461	0.21477	0.33909
1585	0.21496	0.2151	0.3396
1586	0.21532	0.21544	0.34012
1587	0.2157	0.2158	0.34065
1588	0.2161	0.21618	0.34118
1589	0.21647	0.21655	0.34168
1590	0.21682	0.21689	0.34215
1591	0.21715	0.21721	0.34261
1592	0.21748	0.21754	0.34308
1593	0.21781	0.21788	0.34355
1594	0.21814	0.21821	0.34401
1595	0.21846	0.21855	0.34444
1596	0.21877	0.21889	0.34485
1597	0.21908	0.21922	0.34525
1598	0.21938	0.21954	0.34564
1599	0.21969	0.21987	0.34606
1600	0.22	0.22019	0.34648
1601	0.22028	0.22048	0.34688
1602	0.22055	0.22077	0.34726
1603	0.22083	0.22107	0.34764
1604	0.2211	0.22136	0.34802
1605	0.22138	0.22165	0.34839
1606	0.22166	0.22194	0.34877
1607	0.22195	0.22222	0.34915
1608	0.22224	0.22248	0.34954
1609	0.22252	0.22275	0.34993
1610	0.22281	0.22302	0.35033
1611	0.22309	0.2233	0.35073
1612	0.22337	0.22357	0.35113
1613	0.22364	0.22385	0.35153
1614	0.2239	0.22411	0.35191
1615	0.22415	0.22438	0.35229
1616	0.2244	0.22464	0.35266
1617	0.22467	0.2249	0.35303
1618	0.22494	0.22516	0.35338
1619	0.2252	0.22541	0.35371
1620	0.22546	0.22565	0.35403
1621	0.22573	0.22589	0.35436
1622	0.22599	0.22615	0.35468
1623	0.22625	0.2264	0.35501
1624	0.22649	0.22664	0.3553
1625	0.22669	0.22685	0.35558
1626	0.22688	0.22705	0.35588
1627	0.22708	0.22727	0.3562
1628	0.22725	0.22747	0.3565
1629	0.22743	0.22767	0.35678
1630	0.22761	0.22787	0.35706
1631	0.2278	0.22808	0.35734
1632	0.22799	0.22828	0.35761
1633	0.22817	0.22846	0.35789
1634	0.22833	0.22863	0.3582
1635	0.22849	0.2288	0.3585
1636	0.22865	0.22896	0.35877
1637	0.2288	0.22912	0.35902
1638	0.22894	0.22928	0.35926
1639	0.22909	0.22944	0.3595
1640	0.22922	0.22959	0.35974
1641	0.22937	0.22973	0.35999
1642	0.22953	0.22987	0.36024
1643	0.22971	0.23002	0.36052
1644	0.22989	0.23019	0.3608
1645	0.23005	0.23036	0.36105
1646	0.23018	0.2305	0.36128
1647	0.23032	0.23063	0.36153
1648	0.23047	0.23075	0.36178
1649	0.2306	0.23087	0.362
1650	0.23071	0.23097	0.36219
1651	0.23084	0.23107	0.36237
1652	0.23096	0.23116	0.36252
1653	0.23107	0.23124	0.36263
1654	0.23116	0.23131	0.36272
1655	0.23121	0.23136	0.36279
1656	0.23125	0.23139	0.36287
1657	0.23129	0.23143	0.36295
1658	0.23134	0.23147	0.36303
1659	0.23138	0.23151	0.36309
1660	0.23142	0.23155	0.36314
1661	0.23145	0.23158	0.3632
1662	0.23146	0.2316	0.36325
1663	0.23146	0.2316	0.36328
1664	0.23147	0.23159	0.36333
1665	0.2315	0.2316	0.36339
1666	0.23153	0.23162	0.36346
1667	0.23154	0.23163	0.36352
1668	0.23153	0.23163	0.36358
1669	0.23152	0.23161	0.36364
1670	0.23151	0.23161	0.36371
1671	0.23151	0.23162	0.36378
1672	0.2315	0.23163	0.36386
1673	0.23149	0.23165	0.36395
1674	0.23147	0.23167	0.36404
1675	0.23146	0.23169	0.36412
1676	0.23147	0.23172	0.3642
1677	0.23149	0.23174	0.36431
1678	0.23151	0.23176	0.36444
1679	0.23153	0.23177	0.36456
1680	0.23152	0.23176	0.36464
1681	0.23149	0.23173	0.36469
1682	0.23146	0.23171	0.36474
1683	0.23144	0.2317	0.3648
1684	0.23141	0.23169	0.36485
1685	0.23134	0.23166	0.36486
1686	0.23126	0.23159	0.36486
1687	0.23116	0.2315	0.36484
1688	0.23105	0.23139	0.36479
1689	0.23094	0.23128	0.36474
1690	0.23086	0.23118	0.36468
1691	0.23078	0.23106	0.36459
1692	0.23071	0.23094	0.3645
1693	0.23065	0.23083	0.36441
1694	0.23057	0.23072	0.36431
1695	0.23048	0.2306	0.36419
1696	0.23039	0.23049	0.36406
1697	0.2303	0.23038	0.36393
1698	0.23019	0.23025	0.3638
1699	0.23009	0.23011	0.36367
1700	0.23001	0.22997	0.36356
1701	0.22994	0.22984	0.36347
1702	0.22986	0.22971	0.36336
1703	0.22976	0.22959	0.36323
1704	0.22969	0.22947	0.3631
1705	0.22963	0.22937	0.36298
1706	0.22957	0.22928	0.36288
1707	0.22951	0.22919	0.36278
1708	0.22942	0.22911	0.36267
1709	0.22933	0.22903	0.36255
1710	0.22922	0.22894	0.36243
1711	0.22911	0.22884	0.36232
1712	0.229	0.22874	0.36221
1713	0.22886	0.22864	0.3621
1714	0.22871	0.22852	0.36198
1715	0.22853	0.2284	0.36184
1716	0.22833	0.22827	0.36171
1717	0.22812	0.22813	0.36157
1718	0.22791	0.22798	0.36144
1719	0.2277	0.22783	0.36131
1720	0.22745	0.22764	0.36113
1721	0.22717	0.22741	0.3609
1722	0.22691	0.22717	0.36067
1723	0.22665	0.22692	0.36045
1724	0.22642	0.22669	0.36021
1725	0.22621	0.22646	0.35995
1726	0.226	0.22623	0.35965
1727	0.22578	0.226	0.35935
1728	0.22558	0.22579	0.35908
1729	0.22539	0.22558	0.35883
1730	0.2252	0.22537	0.35858
1731	0.22502	0.22516	0.35833
1732	0.22486	0.22497	0.35808
1733	0.22471	0.22477	0.35784
1734	0.22455	0.22457	0.35759
1735	0.2244	0.22436	0.35734
1736	0.22427	0.22418	0.35709
1737	0.22414	0.22402	0.35684
1738	0.22402	0.22388	0.3566
1739	0.22392	0.22377	0.35637
1740	0.22383	0.22368	0.35618
1741	0.22372	0.22359	0.35599
1742	0.2236	0.22351	0.35582
1743	0.22347	0.22342	0.35567
1744	0.22333	0.22333	0.35552
1745	0.22317	0.22322	0.35534
1746	0.22299	0.22309	0.35515
1747	0.2228	0.22295	0.35493
1748	0.22259	0.22279	0.35469
1749	0.22236	0.2226	0.35444
1750	0.22211	0.22236	0.35418
1751	0.22185	0.22211	0.35393
1752	0.22159	0.22183	0.35369
1753	0.22129	0.22155	0.35343
1754	0.22098	0.22127	0.35315
1755	0.22065	0.22098	0.35286
1756	0.22031	0.22065	0.35254
1757	0.22001	0.22035	0.35225
1758	0.21975	0.22007	0.35199
1759	0.21946	0.21977	0.35172
1760	0.21915	0.21946	0.35143
1761	0.21888	0.21916	0.35116
1762	0.21862	0.21888	0.35088
1763	0.21838	0.2186	0.3506
1764	0.21814	0.21833	0.35032
1765	0.21795	0.21809	0.35006
1766	0.21777	0.21788	0.34979
1767	0.21758	0.21763	0.34949
1768	0.21737	0.21738	0.34917
1769	0.21719	0.21715	0.34888
1770	0.21701	0.21694	0.3486
1771	0.21684	0.21674	0.34832
1772	0.21669	0.21656	0.34805
1773	0.21655	0.21642	0.34785
1774	0.21642	0.2163	0.34767
1775	0.21628	0.21618	0.34749
1776	0.21613	0.21607	0.34731
1777	0.216	0.21594	0.34711
1778	0.2159	0.21584	0.34694
1779	0.21585	0.21577	0.34679
1780	0.21579	0.21568	0.34662
1781	0.21572	0.21557	0.34643
1782	0.21566	0.21546	0.34624
1783	0.21562	0.21535	0.3461
1784	0.21556	0.21525	0.34599
1785	0.21545	0.21509	0.34583
1786	0.21538	0.21499	0.3458
1787	0.21536	0.21494	0.34588
1788	0.21534	0.21489	0.34588
1789	0.21532	0.21484	0.34582
1790	0.21528	0.21477	0.34578
1791	0.21523	0.21469	0.34578
1792	0.21522	0.21471	0.34583
1793	0.21526	0.21488	0.34599
1794	0.21532	0.21511	0.34619
1795	0.21535	0.21525	0.34637
1796	0.2154	0.21538	0.34653
1797	0.21547	0.21555	0.34666
1798	0.21552	0.21573	0.34677
1799	0.2156	0.21594	0.3469
1800	0.21572	0.21621	0.34706
1801	0.21587	0.21647	0.34725
1802	0.21597	0.21662	0.34742
1803	0.21604	0.21669	0.34755
1804	0.21616	0.21687	0.34771
1805	0.21634	0.21714	0.34791
1806	0.21657	0.21746	0.34815
1807	0.21683	0.2178	0.34843
1808	0.21702	0.21807	0.34865
1809	0.21711	0.21824	0.34879
1810	0.21715	0.21833	0.34886
1811	0.21719	0.21838	0.34891
1812	0.21724	0.21841	0.34898
1813	0.21729	0.21841	0.34905
1814	0.21735	0.21838	0.34914
1815	0.21744	0.21835	0.34921
1816	0.21756	0.21831	0.34927
1817	0.21763	0.21828	0.34937
1818	0.21764	0.21828	0.34952
1819	0.21766	0.21829	0.34967
1820	0.2177	0.2183	0.34978
1821	0.21776	0.21828	0.34984
1822	0.21786	0.21825	0.34995
1823	0.21789	0.21814	0.34997
1824	0.21791	0.218	0.34993
1825	0.21792	0.2179	0.34997
1826	0.2179	0.21783	0.35009
1827	0.21789	0.21784	0.35024
1828	0.21794	0.21796	0.35042
1829	0.21805	0.21813	0.35061
1830	0.21811	0.21821	0.35071
1831	0.21797	0.21811	0.35061
1832	0.21771	0.21798	0.35043
1833	0.21754	0.21795	0.35031
1834	0.21746	0.21798	0.35024
1835	0.21744	0.21804	0.3502
1836	0.21741	0.21808	0.35014
1837	0.21736	0.21806	0.35007
1838	0.21728	0.21803	0.34999
1839	0.21719	0.21805	0.34987
1840	0.21706	0.21804	0.34965
1841	0.21688	0.21791	0.34935
1842	0.2167	0.21776	0.34905
1843	0.21643	0.21754	0.34866
1844	0.21601	0.21714	0.34802
1845	0.21553	0.21664	0.34726
1846	0.21508	0.21616	0.34656
1847	0.21468	0.21569	0.34598
1848	0.21424	0.21518	0.34538
1849	0.2137	0.21455	0.34467
1850	0.21312	0.21386	0.34386
1851	0.21256	0.21317	0.343
1852	0.21195	0.21244	0.3421
1853	0.21127	0.21174	0.34124
1854	0.21058	0.21101	0.34035
1855	0.20982	0.21018	0.33928
1856	0.20894	0.20919	0.33803
1857	0.20796	0.20806	0.33667
1858	0.20697	0.20686	0.33525
1859	0.20596	0.20563	0.33376
1860	0.20484	0.20441	0.33216
1861	0.20355	0.20314	0.33037
1862	0.20215	0.20174	0.32846
1863	0.20066	0.20021	0.3264
1864	0.19908	0.19864	0.3242
1865	0.19735	0.19699	0.32179
1866	0.19538	0.19517	0.31911
1867	0.19319	0.19317	0.31615
1868	0.19101	0.19114	0.31305
1869	0.18893	0.18912	0.30986
1870	0.18672	0.18694	0.30642
1871	0.18424	0.18451	0.30268
1872	0.18151	0.18184	0.29867
1873	0.17858	0.17898	0.29431
1874	0.17547	0.17595	0.28962
1875	0.17228	0.17276	0.28465
1876	0.16905	0.16947	0.27948
1877	0.16579	0.16615	0.27416
1878	0.16248	0.16282	0.26867
1879	0.15907	0.15938	0.26295
1880	0.15559	0.1558	0.25704
1881	0.15211	0.15218	0.2511
1882	0.1486	0.14855	0.24512
1883	0.14505	0.14489	0.23902
1884	0.14141	0.14115	0.23274
1885	0.13776	0.13739	0.22638
1886	0.13422	0.13372	0.22003
1887	0.13085	0.13018	0.21371
1888	0.12752	0.12672	0.20742
1889	0.12414	0.12328	0.20117
1890	0.12073	0.11983	0.19489
1891	0.11742	0.11642	0.1886
1892	0.11427	0.11314	0.18242
1893	0.11133	0.11007	0.17647
1894	0.10854	0.10721	0.17072
1895	0.10571	0.10443	0.16505
1896	0.10287	0.10168	0.15949
1897	0.10019	0.099024	0.15412
1898	0.097717	0.096511	0.14901
1899	0.095388	0.094201	0.14411
1900	0.093176	0.092113	0.13944
1901	0.091078	0.090173	0.13498
1902	0.089066	0.088272	0.13064
1903	0.087178	0.086444	0.12648
1904	0.085489	0.084771	0.12259
1905	0.083958	0.083236	0.11897
1906	0.082456	0.081757	0.11555
1907	0.080957	0.080311	0.1123
1908	0.079585	0.079003	0.10925
1909	0.078349	0.077846	0.10642
1910	0.077295	0.076845	0.1039
1911	0.076512	0.076055	0.10172
1912	0.075908	0.075431	0.099805
1913	0.075272	0.074848	0.098032
1914	0.074631	0.0743	0.09642
1915	0.074039	0.073752	0.094923
1916	0.073501	0.073206	0.093525
1917	0.073041	0.072758	0.092323
1918	0.072662	0.072436	0.091362
1919	0.072353	0.072168	0.090585
1920	0.072056	0.071867	0.089843
1921	0.071798	0.071564	0.089142
1922	0.071603	0.07127	0.088536
1923	0.071417	0.070968	0.088028
1924	0.071192	0.070717	0.087585
1925	0.070966	0.070527	0.08721
1926	0.070848	0.070384	0.0869
1927	0.070827	0.070273	0.086649
1928	0.070777	0.070195	0.086482
1929	0.070682	0.070181	0.086417
1930	0.070588	0.070169	0.086419
1931	0.070528	0.07013	0.086474
1932	0.070542	0.070147	0.08663
1933	0.070573	0.070195	0.086817
1934	0.070599	0.070253	0.087035
1935	0.07068	0.070397	0.087429
1936	0.070813	0.070614	0.087971
1937	0.070915	0.070792	0.088475
1938	0.070964	0.070896	0.088888
1939	0.071081	0.071076	0.089407
1940	0.071337	0.071386	0.090119
1941	0.07164	0.071751	0.09092
1942	0.071905	0.072128	0.091703
1943	0.072162	0.072532	0.092504
1944	0.072472	0.072965	0.093394
1945	0.072848	0.073428	0.094366
1946	0.07333	0.073951	0.095445
1947	0.073882	0.074512	0.096598
1948	0.074365	0.074963	0.097687
1949	0.074742	0.075264	0.09868
1950	0.075138	0.075582	0.099723
1951	0.075545	0.075968	0.10085
1952	0.075971	0.076392	0.10206
1953	0.076428	0.076764	0.10328
1954	0.07687	0.077056	0.10442
1955	0.077285	0.077345	0.10547
1956	0.077697	0.077644	0.10645
1957	0.078167	0.077928	0.10751
1958	0.078687	0.078205	0.10865
1959	0.079176	0.078504	0.10971
1960	0.079621	0.078847	0.1107
1961	0.080061	0.079161	0.11173
1962	0.080501	0.079428	0.11284
1963	0.08092	0.079731	0.11398
1964	0.081328	0.080129	0.11512
1965	0.081771	0.080596	0.11629
1966	0.082244	0.081069	0.1176
1967	0.082714	0.081527	0.11899
1968	0.083217	0.081983	0.12027
1969	0.083743	0.082441	0.12145
1970	0.084197	0.082926	0.1227
1971	0.084584	0.083462	0.12404
1972	0.084947	0.084007	0.12532
1973	0.085323	0.084548	0.12648
1974	0.085767	0.085129	0.12767
1975	0.086298	0.085782	0.12896
1976	0.086884	0.086483	0.13033
1977	0.087515	0.087222	0.13172
1978	0.088181	0.087985	0.13311
1979	0.08883	0.088664	0.13455
1980	0.089487	0.089278	0.13604
1981	0.090239	0.08998	0.13758
1982	0.091071	0.090771	0.13914
1983	0.091849	0.091497	0.14064
1984	0.092553	0.092122	0.1421
1985	0.093188	0.092712	0.14348
1986	0.093742	0.093307	0.14476
1987	0.094286	0.093899	0.14598
1988	0.094954	0.094486	0.1473
1989	0.095707	0.095062	0.14866
1990	0.096335	0.0956	0.14989
1991	0.096874	0.096127	0.15103
1992	0.097511	0.096646	0.15224
1993	0.098238	0.097143	0.15353
1994	0.098819	0.097636	0.15481
1995	0.099203	0.098113	0.15601
1996	0.099596	0.09862	0.15726
1997	0.10012	0.099208	0.15864
1998	0.10068	0.099842	0.16005
1999	0.10118	0.10047	0.1614
2000	0.1017	0.10114	0.16277
2001	0.1024	0.10195	0.16442
2002	0.10317	0.10281	0.16622
2003	0.1038	0.10352	0.16771
2004	0.10434	0.10414	0.16895
2005	0.10484	0.10484	0.17031
2006	0.10527	0.1056	0.17179
2007	0.10581	0.10641	0.17326
2008	0.10653	0.10729	0.17469
2009	0.10732	0.1082	0.17617
2010	0.10808	0.10915	0.17771
2011	0.10881	0.11005	0.17924
2012	0.10955	0.11081	0.18072
2013	0.11037	0.11157	0.18224
2014	0.11127	0.11251	0.18389
2015	0.11218	0.11349	0.18556
2016	0.11298	0.11429	0.18692
2017	0.11373	0.11499	0.18804
2018	0.11448	0.11568	0.18918
2019	0.11519	0.11634	0.19036
2020	0.11593	0.11697	0.19142
2021	0.11667	0.11757	0.19226
2022	0.11732	0.11814	0.19315
2023	0.11795	0.11876	0.19434
2024	0.11864	0.11947	0.19564
2025	0.11925	0.12014	0.19663
2026	0.11966	0.12064	0.1973
2027	0.12008	0.121	0.19803
2028	0.12059	0.12135	0.19891
2029	0.12101	0.12176	0.19976
2030	0.12127	0.12215	0.20053
2031	0.12158	0.12239	0.20129
2032	0.12206	0.12256	0.20209
2033	0.12252	0.1228	0.20288
2034	0.12285	0.12308	0.20361
2035	0.12318	0.12336	0.20438
2036	0.12367	0.12369	0.20532
2037	0.12423	0.12405	0.20635
2038	0.12457	0.12432	0.2072
2039	0.12476	0.12452	0.2079
2040	0.12517	0.12496	0.20881
2041	0.12578	0.12566	0.20994
2042	0.12633	0.12628	0.21101
2043	0.12681	0.12676	0.212
2044	0.12743	0.1273	0.21303
2045	0.12816	0.12795	0.21412
2046	0.12886	0.12862	0.21525
2047	0.12952	0.12921	0.2164
2048	0.13026	0.12985	0.21762
2049	0.13114	0.1307	0.21888
2050	0.13199	0.13161	0.22005
2051	0.13255	0.13221	0.22093
2052	0.13288	0.13256	0.2216
2053	0.1334	0.13311	0.22256
2054	0.13409	0.13391	0.22378
2055	0.13452	0.13459	0.22479
2056	0.13472	0.13511	0.22558
2057	0.13483	0.1355	0.22639
2058	0.13487	0.13584	0.2273
2059	0.13505	0.13623	0.22811
2060	0.13539	0.13665	0.22869
2061	0.13568	0.13693	0.22917
2062	0.13584	0.13698	0.22963
2063	0.13602	0.13701	0.23017
2064	0.13633	0.13726	0.23084
2065	0.1367	0.1376	0.23155
2066	0.13706	0.13777	0.2322
2067	0.13742	0.13783	0.23277
2068	0.1378	0.13802	0.23327
2069	0.1381	0.13831	0.23373
2070	0.13839	0.13852	0.23426
2071	0.13877	0.13869	0.23498
2072	0.13934	0.13902	0.23591
2073	0.13999	0.1395	0.2369
2074	0.14048	0.13994	0.23778
2075	0.1409	0.14033	0.23857
2076	0.14146	0.14085	0.2395
2077	0.14206	0.1414	0.24052
2078	0.14254	0.14182	0.24136
2079	0.143	0.14223	0.24197
2080	0.14354	0.14269	0.24252
2081	0.14414	0.14318	0.24324
2082	0.14472	0.14371	0.2441
2083	0.14527	0.14422	0.2449
2084	0.14582	0.14472	0.24559
2085	0.14614	0.14504	0.24615
2086	0.14621	0.1452	0.24671
2087	0.14628	0.14547	0.24749
2088	0.14651	0.14592	0.24847
2089	0.14675	0.14634	0.24936
2090	0.14678	0.14654	0.24998
2091	0.14668	0.14668	0.25062
2092	0.14678	0.14695	0.25156
2093	0.14711	0.14734	0.25254
2094	0.14751	0.14782	0.25327
2095	0.14792	0.14835	0.25391
2096	0.14828	0.14884	0.25473
2097	0.14859	0.14925	0.25565
2098	0.14888	0.14963	0.25651
2099	0.14927	0.15014	0.25743
2100	0.14984	0.15084	0.25858
2101	0.15048	0.15151	0.25975
2102	0.15095	0.15192	0.26065
2103	0.15132	0.1522	0.26139
2104	0.15176	0.15259	0.26226
2105	0.15233	0.15306	0.26324
2106	0.15304	0.15351	0.2642
2107	0.15388	0.15402	0.26514
2108	0.15473	0.15461	0.26622
2109	0.15542	0.15508	0.26724
2110	0.15593	0.15547	0.26803
2111	0.15649	0.15607	0.26876
2112	0.15724	0.1569	0.26958
2113	0.15793	0.1575	0.27026
2114	0.15841	0.15777	0.27058
2115	0.15877	0.15788	0.27071
2116	0.15915	0.15794	0.27089
2117	0.15963	0.15797	0.27123
2118	0.16008	0.15796	0.27158
2119	0.16039	0.15796	0.27191
2120	0.16056	0.15798	0.27223
2121	0.16064	0.158	0.27252
2122	0.16081	0.15814	0.2729
2123	0.16107	0.15831	0.27337
2124	0.16125	0.15839	0.27369
2125	0.16135	0.1584	0.2739
2126	0.16153	0.1585	0.27437
2127	0.16177	0.15881	0.27513
2128	0.16206	0.15927	0.27586
2129	0.16238	0.15981	0.27627
2130	0.16255	0.16019	0.2765
2131	0.16251	0.16044	0.27683
2132	0.16229	0.16054	0.27711
2133	0.16208	0.16059	0.2773
2134	0.16205	0.16083	0.27757
2135	0.16217	0.16125	0.27797
2136	0.16242	0.1617	0.2785
2137	0.16271	0.16201	0.27901
2138	0.16301	0.16232	0.27953
2139	0.16346	0.16281	0.28014
2140	0.164	0.16337	0.28079
2141	0.16451	0.16382	0.28145
2142	0.16516	0.16444	0.28226
2143	0.16586	0.16529	0.28326
2144	0.16627	0.16599	0.28413
2145	0.16655	0.16647	0.28464
2146	0.16691	0.16698	0.285
2147	0.16723	0.16749	0.28533
2148	0.16747	0.16779	0.28563
2149	0.1677	0.16783	0.28588
2150	0.16784	0.16774	0.28594
2151	0.16783	0.16757	0.28585
2152	0.16783	0.1674	0.28583
2153	0.16803	0.16741	0.28595
2154	0.16829	0.16756	0.2861
2155	0.16848	0.16767	0.28631
2156	0.16861	0.16767	0.28658
2157	0.16869	0.16773	0.28676
2158	0.16873	0.16785	0.28685
2159	0.16881	0.16788	0.2869
2160	0.16903	0.16801	0.28703
2161	0.16933	0.16827	0.28744
2162	0.16953	0.16851	0.28796
2163	0.1696	0.16861	0.28827
2164	0.16964	0.16858	0.2883
2165	0.16961	0.16845	0.28809
2166	0.16938	0.16831	0.28791
2167	0.1691	0.1682	0.28795
2168	0.16889	0.16804	0.28807
2169	0.16886	0.16796	0.2882
2170	0.16898	0.16806	0.28835
2171	0.16908	0.1682	0.28864
2172	0.16921	0.16835	0.28916
2173	0.16934	0.16853	0.28974
2174	0.1694	0.1687	0.29018
2175	0.16936	0.16876	0.2905
2176	0.16923	0.16879	0.29082
2177	0.16917	0.16899	0.29121
2178	0.1693	0.16944	0.29174
2179	0.16936	0.16978	0.29225
2180	0.16918	0.16971	0.29245
2181	0.16909	0.16958	0.29256
2182	0.16916	0.16973	0.29289
2183	0.1691	0.16995	0.29326
2184	0.16898	0.17002	0.2935
2185	0.16907	0.17007	0.29376
2186	0.16924	0.17026	0.29408
2187	0.16927	0.17047	0.29437
2188	0.1693	0.17058	0.29458
2189	0.16941	0.17056	0.29461
2190	0.16951	0.17049	0.29467
2191	0.1696	0.17051	0.29493
2192	0.16965	0.17063	0.29512
2193	0.16964	0.17078	0.29506
2194	0.16966	0.1708	0.29505
2195	0.16984	0.17078	0.29534
2196	0.17014	0.17087	0.29583
2197	0.17038	0.17089	0.29627
2198	0.17047	0.1707	0.2965
2199	0.17057	0.17051	0.29667
2200	0.17076	0.17053	0.29692
2201	0.17091	0.17065	0.29711
2202	0.17095	0.17073	0.29726
2203	0.17102	0.17082	0.29756
2204	0.17111	0.17093	0.29787
2205	0.17106	0.17093	0.29796
2206	0.17081	0.17079	0.29793
2207	0.17057	0.17066	0.29803
2208	0.17051	0.17064	0.29818
2209	0.17051	0.17059	0.29824
2210	0.17043	0.1705	0.29831
2211	0.17029	0.1704	0.2984
2212	0.17017	0.17024	0.2985
2213	0.17017	0.17009	0.29876
2214	0.17029	0.17011	0.29929
2215	0.17036	0.17013	0.29973
2216	0.17032	0.16995	0.29977
2217	0.17026	0.16981	0.29975
2218	0.17019	0.16987	0.29992
2219	0.17007	0.16989	0.30009
2220	0.17001	0.16987	0.30019
2221	0.17011	0.16998	0.30043
2222	0.17017	0.17015	0.30066
2223	0.17007	0.17013	0.30058
2224	0.17004	0.17007	0.30028
2225	0.1701	0.17015	0.30001
2226	0.17002	0.1703	0.29984
2227	0.16979	0.17033	0.29977
2228	0.16965	0.17026	0.29988
2229	0.16966	0.17026	0.30011
2230	0.16971	0.17027	0.30019
2231	0.16977	0.17023	0.30018
2232	0.1698	0.17017	0.30017
2233	0.16969	0.17002	0.30015
2234	0.16949	0.16981	0.30007
2235	0.16927	0.16968	0.29988
2236	0.16898	0.16952	0.29964
2237	0.16858	0.16919	0.29939
2238	0.16814	0.1689	0.29923
2239	0.16773	0.16877	0.29908
2240	0.16729	0.16855	0.29876
2241	0.16675	0.16816	0.29832
2242	0.16634	0.1679	0.29797
2243	0.16634	0.16798	0.29781
2244	0.16644	0.168	0.29763
2245	0.16613	0.16756	0.29721
2246	0.16559	0.16695	0.29662
2247	0.1653	0.16649	0.2961
2248	0.1653	0.16618	0.29581
2249	0.16529	0.16591	0.29554
2250	0.1651	0.1656	0.29499
2251	0.16481	0.16526	0.29438
2252	0.16458	0.16494	0.29397
2253	0.16434	0.1646	0.29359
2254	0.16408	0.16423	0.29296
2255	0.16385	0.16388	0.29226
2256	0.16359	0.16363	0.2919
2257	0.16337	0.16344	0.29155
2258	0.16326	0.16315	0.29073
2259	0.1631	0.16285	0.28977
2260	0.16265	0.1625	0.28902
2261	0.1621	0.16201	0.28839
2262	0.16168	0.16151	0.28774
2263	0.1613	0.16103	0.28712
2264	0.16086	0.16054	0.28655
2265	0.16048	0.16002	0.28591
2266	0.16017	0.15946	0.28528
2267	0.15966	0.15889	0.28482
2268	0.15873	0.15817	0.28434
2269	0.15766	0.15727	0.2837
2270	0.15679	0.15654	0.28313
2271	0.15596	0.15607	0.28272
2272	0.15494	0.15558	0.28223
2273	0.15393	0.15506	0.28155
2274	0.15321	0.15476	0.28076
2275	0.15266	0.1546	0.27992
2276	0.15214	0.15441	0.27915
2277	0.15171	0.15431	0.2786
2278	0.15137	0.15438	0.27827
2279	0.151	0.15431	0.27799
2280	0.15041	0.15387	0.27755
2281	0.14974	0.1534	0.27704
2282	0.14936	0.15327	0.27666
2283	0.1493	0.15336	0.27646
2284	0.14921	0.15335	0.27622
2285	0.14899	0.15314	0.27573
2286	0.1488	0.15304	0.27531
2287	0.14873	0.15314	0.27523
2288	0.1488	0.15313	0.27491
2289	0.14898	0.15297	0.27406
2290	0.14917	0.15285	0.2733
2291	0.14921	0.15268	0.27302
2292	0.14922	0.15249	0.27306
2293	0.14943	0.15237	0.27273
2294	0.14964	0.1523	0.27207
2295	0.14961	0.15228	0.27176
2296	0.14936	0.15199	0.27149
2297	0.14949	0.1517	0.27117
2298	0.1499	0.15162	0.27092
2299	0.14981	0.15121	0.27055
2300	0.14958	0.15054	0.2702
2301	0.1495	0.14971	0.26972
2302	0.14932	0.1488	0.26911
2303	0.14875	0.14795	0.26849
2304	0.14797	0.14697	0.26769
2305	0.14748	0.14595	0.26663
2306	0.1472	0.1451	0.26555
2307	0.14682	0.14446	0.26461
2308	0.1464	0.14396	0.26372
2309	0.14606	0.14353	0.26282
2310	0.14569	0.14298	0.26208
2311	0.14518	0.14227	0.26163
2312	0.14485	0.14187	0.26156
2313	0.14494	0.14212	0.26197
2314	0.14493	0.14228	0.26233
2315	0.14433	0.14168	0.26203
2316	0.14358	0.14095	0.26151
2317	0.14321	0.14078	0.26131
2318	0.14284	0.14066	0.26092
2319	0.142	0.13999	0.25987
2320	0.14107	0.13917	0.25878
2321	0.14069	0.13875	0.25822
2322	0.14057	0.13854	0.25766
2323	0.14014	0.13825	0.25654
2324	0.13968	0.13809	0.25529
2325	0.13949	0.13822	0.25435
2326	0.1392	0.13829	0.25344
2327	0.13859	0.13819	0.25235
2328	0.138	0.13821	0.25144
2329	0.13766	0.13824	0.25048
2330	0.13739	0.13795	0.24942
2331	0.13712	0.13758	0.24875
2332	0.137	0.13754	0.24855
2333	0.13732	0.13796	0.24867
2334	0.13767	0.13829	0.24868
2335	0.13761	0.13811	0.24827
2336	0.1375	0.13775	0.24772
2337	0.13738	0.1372	0.24736
2338	0.13742	0.13683	0.24734
2339	0.13744	0.13667	0.24732
2340	0.13742	0.13623	0.24689
2341	0.1376	0.13585	0.24635
2342	0.13785	0.1359	0.24648
2343	0.138	0.13614	0.24724
2344	0.13787	0.13621	0.24783
2345	0.13771	0.1361	0.24824
2346	0.13773	0.13591	0.24887
2347	0.13789	0.13603	0.24954
2348	0.13811	0.13684	0.24998
2349	0.13817	0.13771	0.25019
2350	0.1378	0.13754	0.25025
2351	0.13682	0.13661	0.24997
2352	0.13572	0.1363	0.24968
2353	0.13506	0.13677	0.24975
2354	0.13454	0.1369	0.24964
2355	0.13404	0.13642	0.2489
2356	0.13422	0.1367	0.24839
2357	0.13492	0.13776	0.24829
2358	0.1352	0.13809	0.24763
2359	0.13484	0.13774	0.2464
2360	0.1341	0.1376	0.2453
2361	0.13335	0.1377	0.24423
2362	0.13253	0.13735	0.24281
2363	0.13151	0.13661	0.24166
2364	0.13062	0.13582	0.24099
2365	0.12998	0.13516	0.24008
2366	0.12921	0.13446	0.23885
2367	0.12837	0.13355	0.23791
2368	0.12781	0.13276	0.23723
2369	0.12733	0.13206	0.23606
2370	0.12642	0.13136	0.23468
2371	0.12519	0.13064	0.23352
2372	0.12418	0.12957	0.23209
2373	0.12345	0.12845	0.23046
2374	0.12277	0.12801	0.22887
2375	0.12217	0.12783	0.22711
2376	0.12191	0.12735	0.22559
2377	0.1217	0.12688	0.22441
2378	0.12097	0.1261	0.22296
2379	0.12005	0.12502	0.22127
2380	0.11973	0.12451	0.21988
2381	0.11968	0.12424	0.21865
2382	0.1195	0.12388	0.21762
2383	0.11957	0.12389	0.21698
2384	0.11935	0.12365	0.21593
2385	0.11847	0.1224	0.21439
2386	0.11747	0.12053	0.21296
2387	0.11652	0.11906	0.21155
2388	0.11587	0.11865	0.21025
2389	0.11568	0.1186	0.2093
2390	0.11566	0.11786	0.20821
2391	0.11555	0.11687	0.20681
2392	0.11504	0.11673	0.20576
2393	0.11392	0.11646	0.20498
2394	0.11278	0.11525	0.20435
2395	0.11188	0.11446	0.20418
2396	0.11084	0.11498	0.2047
2397	0.11007	0.11596	0.20548
2398	0.10913	0.11577	0.20497
2399	0.10774	0.11478	0.20353
2400	0.10681	0.114	0.20258
2401	0.10615	0.11315	0.20185
2402	0.10478	0.11199	0.20028
2403	0.10331	0.11151	0.19837
2404	0.10285	0.11236	0.19775
2405	0.10284	0.11337	0.19769
2406	0.10308	0.11459	0.19802
2407	0.10383	0.11625	0.19869
2408	0.10398	0.11702	0.19788
2409	0.10346	0.11723	0.1963
2410	0.10393	0.11816	0.19602
2411	0.10557	0.11946	0.19679
2412	0.10654	0.12039	0.19721
2413	0.10652	0.12098	0.19677
2414	0.10624	0.12052	0.19499
2415	0.10619	0.11938	0.19276
2416	0.10635	0.1187	0.19146
2417	0.10631	0.11817	0.19057
2418	0.10614	0.11676	0.18969
2419	0.10566	0.11424	0.18837
2420	0.10463	0.11137	0.1859
2421	0.10369	0.10902	0.18345
2422	0.10363	0.10782	0.18237
2423	0.10383	0.10704	0.1815
2424	0.10263	0.10522	0.17919
2425	0.10032	0.10267	0.17671
2426	0.098687	0.10094	0.17561
2427	0.09787	0.10033	0.1751
2428	0.096729	0.099807	0.17378
2429	0.095312	0.098557	0.17201
2430	0.094262	0.096742	0.17096
2431	0.093513	0.095553	0.17015
2432	0.092974	0.095546	0.16892
2433	0.092247	0.095054	0.16696
2434	0.091002	0.09305	0.1648
2435	0.090213	0.091473	0.16381
2436	0.090035	0.091697	0.16363
2437	0.089365	0.092223	0.16228
2438	0.08832	0.092132	0.15938
2439	0.088493	0.092087	0.15761
2440	0.089979	0.092248	0.15797
2441	0.090826	0.091768	0.15763
2442	0.090567	0.091168	0.1568
2443	0.090152	0.090631	0.15636
2444	0.08978	0.089359	0.15525
2445	0.089647	0.088392	0.1539
2446	0.089806	0.088942	0.15368
2447	0.089349	0.089601	0.15446
2448	0.087812	0.088827	0.15497
2449	0.085818	0.086649	0.15354
2450	0.083428	0.083806	0.15005
2451	0.081737	0.082178	0.14851
2452	0.082722	0.083523	0.15154
2453	0.084196	0.085225	0.15381
2454	0.082551	0.083355	0.15121
2455	0.080293	0.081091	0.14783
2456	0.079759	0.081604	0.14675
2457	0.079043	0.08296	0.14575
2458	0.077084	0.083351	0.14325
2459	0.075324	0.082995	0.13971
2460	0.074414	0.082567	0.13656
2461	0.073837	0.082638	0.13468
2462	0.073274	0.083275	0.13293
2463	0.073126	0.084239	0.13085
2464	0.073873	0.085436	0.12898
2465	0.073498	0.085129	0.12697
2466	0.071524	0.083555	0.12507
2467	0.071017	0.084613	0.12469
2468	0.072928	0.088855	0.12615
2469	0.073607	0.090411	0.12713
2470	0.073792	0.089932	0.12775
2471	0.074849	0.090243	0.12711
2472	0.075579	0.090498	0.12421
2473	0.076194	0.08932	0.12116
2474	0.077234	0.087515	0.11963
2475	0.078207	0.086866	0.1189
2476	0.078241	0.087899	0.11824
2477	0.07981	0.088803	0.11927
2478	0.081856	0.088395	0.12029
2479	0.079991	0.08615	0.11695
2480	0.074348	0.083326	0.11043
