*Name: Beech top
Type: Leaf Spectrum

Origin: Remote Sensing Laboratories, University of Zurich

Description: abaxial reflectance, adaxial reflectance, and adaxial transmittance

Measurement: Hemispherical Conical Reflectance Factor HCRF measured by ASD Integrating Sphere

Wavelength [nm]	abaxial Reflectance [0 1]	adaxial Reflectance [0 1]	adaxial Transmittance [0 1]
370	0.0084047	0.0064931	-0.0058336
371	0.011861	0.00956	-0.0065043
372	0.013884	0.011309	-0.0095846
373	0.016476	0.013653	-0.010664
374	0.01902	0.015972	-0.010816
375	0.020937	0.017721	-0.010853
376	0.022192	0.019004	-0.0099214
377	0.022773	0.019888	-0.0076186
378	0.022361	0.019987	-0.004433
379	0.022488	0.020177	-0.0042186
380	0.022829	0.020843	-0.0030739
381	0.02302	0.020957	-0.0032235
382	0.023421	0.021128	-0.0034379
383	0.024202	0.022012	-0.0022398
384	0.024734	0.022786	-0.0011228
385	0.024277	0.022583	-0.0018191
386	0.023048	0.021628	-0.0039365
387	0.02354	0.022336	-0.0027592
388	0.024091	0.023077	-0.0017426
389	0.024395	0.023591	-0.0012012
390	0.025042	0.024474	0.00014545
391	0.025762	0.025403	0.0015015
392	0.026267	0.025972	0.0020856
393	0.027083	0.026723	0.0028915
394	0.027769	0.027389	0.0039064
395	0.028199	0.027664	0.004273
396	0.028485	0.027815	0.0042969
397	0.028644	0.027875	0.0042868
398	0.028815	0.027915	0.0044078
399	0.028969	0.027987	0.0046785
400	0.028755	0.027778	0.0044305
401	0.028788	0.027815	0.0045302
402	0.02872	0.027754	0.0043742
403	0.028535	0.027594	0.0039257
404	0.028367	0.027454	0.0034196
405	0.027983	0.027139	0.0026025
406	0.027694	0.026941	0.0019922
407	0.028077	0.027357	0.0025482
408	0.028093	0.027282	0.0022993
409	0.027943	0.027095	0.0017673
410	0.028095	0.027354	0.00198
411	0.028348	0.027675	0.0024675
412	0.028663	0.028049	0.0031572
413	0.029087	0.028552	0.0040987
414	0.029179	0.028714	0.0044425
415	0.029331	0.028889	0.0047988
416	0.029543	0.029074	0.0051721
417	0.029573	0.029128	0.0051678
418	0.029473	0.029085	0.0049786
419	0.029443	0.029119	0.0049295
420	0.02954	0.029268	0.0051389
421	0.029742	0.029465	0.0054939
422	0.029753	0.029457	0.0054513
423	0.029764	0.029476	0.0054247
424	0.029992	0.029687	0.0058507
425	0.030103	0.029747	0.0060359
426	0.030176	0.029802	0.0061564
427	0.030437	0.03006	0.0065937
428	0.030618	0.030233	0.0069293
429	0.030787	0.030369	0.0072508
430	0.030858	0.030406	0.0073932
431	0.030799	0.030369	0.0073097
432	0.030892	0.030483	0.007531
433	0.031109	0.030709	0.0079702
434	0.031315	0.030925	0.0084555
435	0.031458	0.031082	0.0087893
436	0.031641	0.031309	0.0091641
437	0.03178	0.031507	0.0094792
438	0.031916	0.031674	0.0097939
439	0.031999	0.031798	0.0099921
440	0.032033	0.031857	0.010017
441	0.032065	0.031883	0.0099984
442	0.032029	0.031856	0.0099116
443	0.031985	0.031846	0.0098634
444	0.03185	0.031748	0.0096645
445	0.031734	0.031648	0.0094827
446	0.031682	0.031583	0.0093755
447	0.031723	0.031596	0.0094176
448	0.031805	0.031656	0.0095787
449	0.031919	0.031763	0.0097864
450	0.032014	0.031857	0.0099676
451	0.03207	0.031908	0.010106
452	0.032247	0.032081	0.010465
453	0.032483	0.032305	0.010921
454	0.032659	0.032461	0.011261
455	0.032718	0.032519	0.011452
456	0.032755	0.032577	0.011641
457	0.032882	0.032732	0.011985
458	0.032945	0.032804	0.012174
459	0.032964	0.03281	0.012255
460	0.032948	0.032783	0.012266
461	0.032932	0.032773	0.012291
462	0.032908	0.032758	0.012289
463	0.032896	0.032743	0.012284
464	0.032868	0.032711	0.012219
465	0.032871	0.032716	0.012185
466	0.032907	0.032756	0.012223
467	0.033013	0.03288	0.012402
468	0.033134	0.033008	0.012614
469	0.033252	0.033118	0.012819
470	0.033358	0.033233	0.012997
471	0.033531	0.033404	0.013269
472	0.033669	0.033529	0.013471
473	0.033759	0.033627	0.013623
474	0.033762	0.033658	0.013652
475	0.033791	0.033716	0.013738
476	0.033921	0.033867	0.013988
477	0.034007	0.033966	0.014131
478	0.034002	0.033975	0.014082
479	0.03395	0.03393	0.013945
480	0.033948	0.033919	0.01393
481	0.033984	0.033951	0.013974
482	0.034	0.03395	0.013981
483	0.034024	0.033948	0.014027
484	0.034071	0.03398	0.014106
485	0.034152	0.034035	0.014238
486	0.034193	0.034061	0.014321
487	0.034227	0.034101	0.014427
488	0.034238	0.034119	0.014492
489	0.034317	0.034206	0.014667
490	0.034533	0.034437	0.015059
491	0.034649	0.034577	0.015266
492	0.034704	0.034654	0.015357
493	0.034783	0.034728	0.015468
494	0.034919	0.034854	0.01571
495	0.035056	0.034995	0.01596
496	0.035229	0.035164	0.016288
497	0.035426	0.035337	0.01666
498	0.035626	0.035509	0.017015
499	0.035809	0.035668	0.017352
500	0.036	0.035852	0.01773
501	0.036225	0.036072	0.018194
502	0.036445	0.03628	0.018658
503	0.036723	0.036555	0.019216
504	0.037134	0.036964	0.019991
505	0.037539	0.037371	0.020764
506	0.03792	0.03776	0.021499
507	0.038374	0.038198	0.022335
508	0.038888	0.038697	0.023287
509	0.039473	0.039263	0.024365
510	0.040074	0.039831	0.025448
511	0.04068	0.0404	0.026521
512	0.041333	0.04102	0.027682
513	0.042075	0.041736	0.029014
514	0.042857	0.042492	0.030419
515	0.043629	0.043221	0.03181
516	0.044438	0.043978	0.033279
517	0.045374	0.04487	0.034968
518	0.046415	0.045863	0.036835
519	0.047466	0.046864	0.038707
520	0.048551	0.047906	0.040651
521	0.049727	0.049025	0.042744
522	0.050952	0.050189	0.044912
523	0.052197	0.051367	0.047084
524	0.053408	0.052514	0.049178
525	0.054616	0.05367	0.051266
526	0.055832	0.054837	0.053343
527	0.057051	0.056014	0.055415
528	0.058211	0.05713	0.057374
529	0.05932	0.058197	0.059236
530	0.060409	0.059248	0.061078
531	0.061481	0.060292	0.062895
532	0.062484	0.061266	0.064587
533	0.06342	0.062176	0.066164
534	0.064333	0.063071	0.067723
535	0.065175	0.063895	0.069163
536	0.065894	0.064601	0.070404
537	0.06654	0.065229	0.071511
538	0.067123	0.0658	0.07252
539	0.067609	0.066282	0.073383
540	0.068026	0.066694	0.074118
541	0.068397	0.067066	0.074787
542	0.068763	0.067433	0.07545
543	0.069088	0.067762	0.076043
544	0.069409	0.068094	0.07664
545	0.069766	0.068461	0.077301
546	0.070112	0.068826	0.077946
547	0.070466	0.069205	0.07861
548	0.070812	0.069574	0.079262
549	0.071144	0.06994	0.079909
550	0.071445	0.070275	0.080511
551	0.07175	0.0706	0.081102
552	0.072014	0.070883	0.081625
553	0.0722	0.071092	0.082024
554	0.072344	0.071257	0.082346
555	0.072455	0.07139	0.082624
556	0.072514	0.071464	0.082819
557	0.072478	0.071441	0.082853
558	0.072392	0.071366	0.082806
559	0.072243	0.071229	0.082658
560	0.071987	0.070994	0.082341
561	0.071673	0.070702	0.081937
562	0.071321	0.070366	0.081468
563	0.070931	0.069999	0.080938
564	0.070487	0.069573	0.080305
565	0.069963	0.069069	0.079535
566	0.069385	0.068519	0.07867
567	0.068768	0.06793	0.077725
568	0.068093	0.06728	0.07668
569	0.067376	0.066586	0.075565
570	0.066623	0.065846	0.074372
571	0.065855	0.065091	0.073147
572	0.065046	0.064299	0.071853
573	0.064218	0.063495	0.07053
574	0.06342	0.062721	0.069251
575	0.062662	0.061984	0.068038
576	0.061956	0.061292	0.066892
577	0.061292	0.060644	0.065801
578	0.060647	0.060012	0.064726
579	0.060018	0.0594	0.06367
580	0.059451	0.058851	0.0627
581	0.058948	0.058365	0.061821
582	0.058436	0.057864	0.060929
583	0.057948	0.057386	0.060078
584	0.057509	0.056955	0.059308
585	0.057111	0.056561	0.058595
586	0.056719	0.056174	0.057897
587	0.056362	0.055824	0.057269
588	0.056015	0.055476	0.056657
589	0.055713	0.055177	0.056134
590	0.055473	0.054944	0.055719
591	0.055273	0.054747	0.055363
592	0.05508	0.054558	0.055022
593	0.054907	0.054397	0.054724
594	0.054771	0.054275	0.054494
595	0.054675	0.054188	0.054325
596	0.054558	0.054072	0.054122
597	0.05445	0.053963	0.053932
598	0.054351	0.053863	0.053757
599	0.054249	0.053755	0.053569
600	0.054127	0.053632	0.053364
601	0.05399	0.053499	0.053141
602	0.053836	0.053347	0.052871
603	0.053707	0.053231	0.05264
604	0.05358	0.053117	0.052408
605	0.053438	0.052987	0.052145
606	0.053269	0.052836	0.05184
607	0.053074	0.052654	0.05148
608	0.052872	0.05246	0.051096
609	0.052676	0.052266	0.050701
610	0.052474	0.052063	0.050287
611	0.052214	0.051803	0.049775
612	0.051929	0.051518	0.049221
613	0.05165	0.051237	0.048677
614	0.051352	0.050938	0.048104
615	0.051047	0.050639	0.04751
616	0.050735	0.050337	0.046888
617	0.050426	0.050032	0.046267
618	0.050119	0.04973	0.045666
619	0.049831	0.04945	0.045108
620	0.049562	0.049189	0.044583
621	0.049293	0.04892	0.044056
622	0.049065	0.048691	0.043602
623	0.04891	0.048533	0.043261
624	0.048787	0.048412	0.042988
625	0.048669	0.0483	0.042735
626	0.048599	0.048233	0.042568
627	0.04855	0.04819	0.042446
628	0.048493	0.048142	0.042319
629	0.048454	0.048114	0.042222
630	0.048452	0.048126	0.042203
631	0.048473	0.048155	0.042225
632	0.048486	0.048177	0.042238
633	0.04847	0.048161	0.042201
634	0.048419	0.048109	0.04211
635	0.048329	0.048015	0.041955
636	0.048245	0.047929	0.041786
637	0.048138	0.047818	0.041575
638	0.047987	0.047667	0.041286
639	0.047811	0.047489	0.040928
640	0.047563	0.047237	0.040429
641	0.047273	0.046949	0.039845
642	0.046974	0.046653	0.03923
643	0.046673	0.046357	0.0386
644	0.046375	0.046076	0.03797
645	0.046056	0.045777	0.037288
646	0.045706	0.045443	0.036551
647	0.04535	0.045098	0.035794
648	0.045017	0.044783	0.035077
649	0.044726	0.044512	0.034424
650	0.044452	0.044249	0.0338
651	0.044182	0.043984	0.033199
652	0.043947	0.04375	0.032646
653	0.043761	0.043565	0.032176
654	0.043573	0.04337	0.031701
655	0.043422	0.043213	0.031287
656	0.043312	0.043104	0.030944
657	0.043193	0.042986	0.030579
658	0.043057	0.042855	0.030175
659	0.042914	0.042717	0.029742
660	0.042739	0.042541	0.029237
661	0.042552	0.042351	0.028678
662	0.042355	0.042148	0.028075
663	0.042153	0.041939	0.027432
664	0.041922	0.041696	0.026724
665	0.041683	0.04145	0.025994
666	0.041448	0.041218	0.025269
667	0.041265	0.041034	0.024614
668	0.041113	0.040876	0.023991
669	0.041005	0.04076	0.02343
670	0.040961	0.04071	0.022981
671	0.040941	0.040679	0.022573
672	0.040947	0.04067	0.022212
673	0.040988	0.040698	0.021914
674	0.041025	0.040715	0.021618
675	0.041068	0.040726	0.021333
676	0.041166	0.040786	0.021127
677	0.041282	0.040861	0.020945
678	0.041386	0.040923	0.020756
679	0.041502	0.040998	0.02059
680	0.041645	0.041097	0.020465
681	0.041841	0.041241	0.020432
682	0.042075	0.041424	0.020493
683	0.042373	0.041665	0.020694
684	0.042743	0.041977	0.021076
685	0.043166	0.042347	0.021634
686	0.043646	0.042775	0.022376
687	0.04421	0.043295	0.023367
688	0.044862	0.043907	0.024629
689	0.045606	0.044607	0.026174
690	0.046519	0.045479	0.028114
691	0.047589	0.046511	0.030435
692	0.048853	0.047745	0.033183
693	0.050356	0.04922	0.036409
694	0.052122	0.050959	0.040137
695	0.054172	0.052987	0.044388
696	0.056514	0.055306	0.049138
697	0.059196	0.057957	0.054413
698	0.062204	0.060936	0.060177
699	0.06552	0.06423	0.066374
700	0.069126	0.067813	0.072933
701	0.072991	0.071662	0.079793
702	0.077073	0.07573	0.086866
703	0.081313	0.079954	0.094053
704	0.085704	0.084334	0.10133
705	0.090208	0.088831	0.10864
706	0.094761	0.093383	0.11589
707	0.099343	0.097965	0.12306
708	0.10395	0.10257	0.13015
709	0.10855	0.10716	0.13712
710	0.11315	0.11174	0.14396
711	0.11775	0.11632	0.1507
712	0.12235	0.12091	0.15736
713	0.12695	0.12548	0.16393
714	0.13156	0.13005	0.17042
715	0.13615	0.13461	0.17681
716	0.14074	0.13917	0.18312
717	0.14532	0.14371	0.18937
718	0.14989	0.14824	0.19553
719	0.15445	0.15276	0.20162
720	0.15898	0.15725	0.20762
721	0.16348	0.16171	0.21355
722	0.16795	0.16614	0.21939
723	0.17237	0.1705	0.22511
724	0.17671	0.1748	0.2307
725	0.18098	0.17903	0.23615
726	0.18516	0.18317	0.24148
727	0.18925	0.18721	0.24665
728	0.19323	0.19114	0.25165
729	0.19706	0.19493	0.25644
730	0.20078	0.1986	0.26105
731	0.20439	0.20214	0.26548
732	0.20785	0.20555	0.26972
733	0.21117	0.20883	0.27377
734	0.21435	0.21196	0.27763
735	0.21738	0.21494	0.28129
736	0.22026	0.21778	0.28477
737	0.22299	0.22047	0.28806
738	0.22556	0.22302	0.29115
739	0.22799	0.22542	0.29407
740	0.23027	0.22769	0.29682
741	0.23242	0.22981	0.2994
742	0.23442	0.2318	0.30181
743	0.23628	0.23364	0.30405
744	0.23801	0.23535	0.30613
745	0.23963	0.23696	0.30809
746	0.24114	0.23847	0.30993
747	0.24254	0.23986	0.31164
748	0.24382	0.24114	0.31322
749	0.245	0.24233	0.3147
750	0.24608	0.24342	0.31606
751	0.24706	0.24443	0.31732
752	0.24796	0.24535	0.31847
753	0.24877	0.24618	0.31952
754	0.24949	0.24693	0.32048
755	0.25016	0.24762	0.32138
756	0.25077	0.24826	0.32219
757	0.25132	0.24883	0.32294
758	0.25182	0.24936	0.32362
759	0.25229	0.24984	0.32427
760	0.25272	0.2503	0.32487
761	0.25311	0.25071	0.32544
762	0.25345	0.25108	0.32593
763	0.25376	0.25141	0.32639
764	0.25404	0.25172	0.32681
765	0.2543	0.25201	0.32721
766	0.25453	0.25227	0.32758
767	0.25473	0.25249	0.32791
768	0.25491	0.25271	0.32822
769	0.25509	0.25291	0.32852
770	0.25525	0.2531	0.32881
771	0.2554	0.25327	0.32907
772	0.25555	0.25344	0.32935
773	0.2557	0.25361	0.32961
774	0.25584	0.25377	0.32987
775	0.25598	0.25392	0.33011
776	0.25608	0.25405	0.33031
777	0.25619	0.25418	0.33051
778	0.25632	0.25432	0.33073
779	0.25644	0.25446	0.33094
780	0.25655	0.25458	0.33113
781	0.25666	0.2547	0.3313
782	0.25677	0.25482	0.33149
783	0.25689	0.25495	0.33168
784	0.257	0.25506	0.33186
785	0.25711	0.25518	0.33204
786	0.25724	0.25532	0.33225
787	0.25737	0.25545	0.33245
788	0.25749	0.25557	0.33264
789	0.2576	0.25569	0.33282
790	0.25771	0.25581	0.33301
791	0.25784	0.25594	0.33321
792	0.25797	0.25607	0.33341
793	0.25809	0.25619	0.33359
794	0.25821	0.25632	0.33376
795	0.25834	0.25646	0.33396
796	0.25848	0.2566	0.33418
797	0.25862	0.25674	0.33439
798	0.25876	0.25689	0.33461
799	0.25889	0.25703	0.33481
800	0.25903	0.25717	0.33501
801	0.25916	0.25731	0.3352
802	0.25929	0.25744	0.33539
803	0.25942	0.25757	0.33559
804	0.25955	0.25771	0.33579
805	0.2597	0.25785	0.33598
806	0.25983	0.25798	0.33616
807	0.25997	0.25813	0.33635
808	0.26013	0.25829	0.33657
809	0.26027	0.25844	0.33677
810	0.2604	0.25857	0.33696
811	0.26054	0.25872	0.33715
812	0.26068	0.25887	0.33734
813	0.26082	0.259	0.3375
814	0.26094	0.25913	0.33765
815	0.26108	0.25926	0.33781
816	0.2612	0.25939	0.33798
817	0.26133	0.25952	0.33815
818	0.26146	0.25965	0.33831
819	0.2616	0.25979	0.33848
820	0.26173	0.25992	0.33866
821	0.26186	0.26006	0.33885
822	0.262	0.26019	0.33905
823	0.26213	0.26032	0.33923
824	0.26226	0.26045	0.33941
825	0.26239	0.26057	0.33958
826	0.26253	0.26071	0.33978
827	0.26266	0.26084	0.33995
828	0.26278	0.26096	0.34011
829	0.2629	0.26109	0.34027
830	0.26303	0.26122	0.34042
831	0.26315	0.26135	0.34057
832	0.26326	0.26147	0.3407
833	0.2634	0.26161	0.34085
834	0.26353	0.26175	0.34101
835	0.26367	0.26188	0.34116
836	0.2638	0.26202	0.34133
837	0.26393	0.26216	0.34148
838	0.26404	0.26227	0.34161
839	0.26414	0.26237	0.34173
840	0.26424	0.26248	0.34187
841	0.26432	0.26257	0.34199
842	0.26441	0.26267	0.34211
843	0.2645	0.26277	0.34224
844	0.26461	0.2629	0.34238
845	0.26474	0.26303	0.34252
846	0.26485	0.26315	0.34268
847	0.265	0.2633	0.34286
848	0.26514	0.26344	0.34302
849	0.26526	0.26356	0.34316
850	0.26535	0.26365	0.34327
851	0.26543	0.26372	0.34337
852	0.2655	0.26379	0.34346
853	0.26558	0.26387	0.34355
854	0.26566	0.26395	0.34364
855	0.26574	0.26404	0.34374
856	0.2658	0.26411	0.34382
857	0.26588	0.26419	0.34392
858	0.26598	0.2643	0.34404
859	0.26609	0.26442	0.34418
860	0.26622	0.26456	0.34433
861	0.26636	0.26469	0.34448
862	0.26647	0.26481	0.3446
863	0.26655	0.26489	0.3447
864	0.26661	0.26496	0.34477
865	0.26669	0.26505	0.34488
866	0.26679	0.26516	0.34502
867	0.26688	0.26526	0.34514
868	0.26696	0.26535	0.34524
869	0.26702	0.26542	0.34533
870	0.26707	0.26547	0.3454
871	0.26714	0.26555	0.34549
872	0.26722	0.26563	0.34556
873	0.26731	0.26571	0.34564
874	0.2674	0.26579	0.34572
875	0.26748	0.26586	0.34578
876	0.26754	0.26593	0.34582
877	0.26759	0.26598	0.34585
878	0.26766	0.26606	0.34591
879	0.26774	0.26615	0.346
880	0.26782	0.26623	0.34608
881	0.26786	0.26629	0.34612
882	0.26793	0.26636	0.34619
883	0.26801	0.26645	0.34626
884	0.26808	0.26653	0.34634
885	0.26817	0.26661	0.34643
886	0.26824	0.26669	0.34653
887	0.26832	0.26677	0.34663
888	0.2684	0.26686	0.34675
889	0.2685	0.26696	0.34688
890	0.2686	0.26706	0.347
891	0.26868	0.26714	0.34711
892	0.26876	0.26722	0.34719
893	0.26883	0.26729	0.34724
894	0.26889	0.26735	0.34726
895	0.26895	0.26741	0.34727
896	0.26903	0.26749	0.3473
897	0.2691	0.26755	0.34731
898	0.26913	0.26758	0.34728
899	0.26915	0.2676	0.34726
900	0.2692	0.26765	0.34728
901	0.26927	0.26772	0.34733
902	0.26932	0.26777	0.34738
903	0.26942	0.26786	0.34749
904	0.26951	0.26794	0.34759
905	0.26958	0.268	0.34765
906	0.26963	0.26806	0.34771
907	0.26969	0.26814	0.34779
908	0.26976	0.26822	0.34786
909	0.26982	0.2683	0.34794
910	0.26993	0.26841	0.34806
911	0.27002	0.2685	0.34814
912	0.27007	0.26856	0.3482
913	0.27011	0.2686	0.34825
914	0.27017	0.26866	0.34833
915	0.27022	0.2687	0.34839
916	0.27027	0.26875	0.34845
917	0.27034	0.26882	0.34851
918	0.27038	0.26887	0.34852
919	0.27043	0.26892	0.34854
920	0.27051	0.269	0.3486
921	0.2706	0.2691	0.34866
922	0.27066	0.26915	0.34867
923	0.27069	0.26917	0.34866
924	0.27072	0.26919	0.34866
925	0.27075	0.26921	0.34866
926	0.27075	0.2692	0.34865
927	0.27072	0.26916	0.34863
928	0.27073	0.26915	0.34865
929	0.27072	0.26915	0.34867
930	0.27071	0.26915	0.34869
931	0.27072	0.26917	0.34867
932	0.27082	0.26928	0.34878
933	0.27096	0.26944	0.34893
934	0.27112	0.26962	0.34908
935	0.27124	0.26975	0.3492
936	0.27125	0.26976	0.34919
937	0.27123	0.26974	0.34914
938	0.27123	0.26976	0.34912
939	0.27124	0.26976	0.3491
940	0.2712	0.26973	0.34903
941	0.27115	0.26969	0.34897
942	0.27112	0.26968	0.34896
943	0.27107	0.26963	0.3489
944	0.27101	0.26956	0.3488
945	0.27098	0.26952	0.34874
946	0.27102	0.26956	0.34877
947	0.27104	0.26958	0.34877
948	0.27105	0.26958	0.34875
949	0.27104	0.26955	0.34872
950	0.27095	0.26943	0.34857
951	0.27092	0.26939	0.3485
952	0.2709	0.26935	0.34844
953	0.27083	0.26926	0.34832
954	0.27076	0.26918	0.34823
955	0.27071	0.26914	0.34818
956	0.27069	0.26913	0.34816
957	0.27067	0.26911	0.34812
958	0.27062	0.26907	0.34805
959	0.27055	0.26903	0.34801
960	0.27051	0.26903	0.34802
961	0.27052	0.26906	0.34806
962	0.2705	0.26903	0.34802
963	0.27043	0.26896	0.34792
964	0.27032	0.26884	0.34778
965	0.2702	0.26873	0.34763
966	0.27017	0.2687	0.34757
967	0.27019	0.26869	0.34753
968	0.27022	0.26871	0.3475
969	0.27028	0.26877	0.34756
970	0.27038	0.26886	0.34767
971	0.27049	0.26896	0.34777
972	0.27058	0.26903	0.34782
973	0.27071	0.26916	0.34796
974	0.2708	0.26924	0.34804
975	0.27084	0.26928	0.34805
976	0.27079	0.26927	0.34799
977	0.2707	0.26918	0.34788
978	0.27058	0.2691	0.34776
979	0.27049	0.26904	0.34768
980	0.27052	0.26909	0.34771
981	0.27052	0.26912	0.34771
982	0.27048	0.26911	0.34767
983	0.27045	0.26907	0.34765
984	0.27043	0.26905	0.34762
985	0.2705	0.26908	0.34771
986	0.27057	0.26912	0.34778
987	0.27067	0.2692	0.34786
988	0.27083	0.26932	0.34805
989	0.27101	0.26948	0.34827
990	0.27126	0.26972	0.34857
991	0.27155	0.26997	0.34884
992	0.27171	0.27015	0.34904
993	0.27196	0.27043	0.34928
994	0.27221	0.2707	0.34951
995	0.27235	0.27082	0.34961
996	0.27252	0.27093	0.34979
997	0.27265	0.27104	0.34992
998	0.27277	0.27118	0.35001
999	0.27289	0.27133	0.35012
1000	0.27298	0.27145	0.35015
1001	0.27313	0.27162	0.35027
1002	0.27343	0.27189	0.3506
1003	0.27371	0.27212	0.35086
1004	0.27399	0.27233	0.3511
1005	0.27423	0.27252	0.35132
1006	0.2744	0.27266	0.35146
1007	0.27464	0.27287	0.35169
1008	0.27476	0.27298	0.35192
1009	0.27479	0.27301	0.35211
1010	0.27488	0.27317	0.35241
1011	0.27499	0.2734	0.35267
1012	0.2751	0.27366	0.3529
1013	0.27513	0.27385	0.35305
1014	0.27514	0.27401	0.3532
1015	0.27519	0.27414	0.35335
1016	0.27528	0.27425	0.35349
1017	0.2754	0.27435	0.35362
1018	0.27556	0.27448	0.35372
1019	0.27575	0.27466	0.35382
1020	0.27592	0.27484	0.35387
1021	0.27603	0.27498	0.35389
1022	0.27614	0.27509	0.35391
1023	0.27625	0.27521	0.35394
1024	0.27643	0.27535	0.35402
1025	0.27663	0.27553	0.35416
1026	0.27674	0.27565	0.3543
1027	0.27674	0.2757	0.35438
1028	0.27675	0.27576	0.3545
1029	0.27683	0.27584	0.35468
1030	0.27695	0.27596	0.35489
1031	0.2771	0.27611	0.3551
1032	0.27725	0.27624	0.35525
1033	0.2774	0.27635	0.35531
1034	0.27753	0.27644	0.35533
1035	0.2776	0.27649	0.35529
1036	0.27766	0.27652	0.35526
1037	0.27779	0.27657	0.35529
1038	0.27792	0.27658	0.35537
1039	0.27797	0.27652	0.35552
1040	0.27799	0.27647	0.35572
1041	0.27807	0.27649	0.35592
1042	0.27824	0.27659	0.35616
1043	0.27846	0.27676	0.35644
1044	0.2787	0.27695	0.35669
1045	0.27889	0.27711	0.35684
1046	0.27904	0.27724	0.35688
1047	0.27917	0.27736	0.35685
1048	0.27925	0.27749	0.35678
1049	0.27927	0.27761	0.35668
1050	0.27932	0.27775	0.35667
1051	0.27942	0.27787	0.35674
1052	0.27947	0.27794	0.35687
1053	0.2795	0.27798	0.35709
1054	0.2796	0.27806	0.35733
1055	0.27978	0.27818	0.35757
1056	0.27995	0.27832	0.35778
1057	0.28009	0.27846	0.35798
1058	0.28019	0.27856	0.35816
1059	0.28023	0.27859	0.3583
1060	0.2802	0.27858	0.35835
1061	0.28014	0.27855	0.35832
1062	0.28013	0.27853	0.35822
1063	0.28015	0.27854	0.35812
1064	0.28021	0.27858	0.3581
1065	0.28033	0.27866	0.35815
1066	0.28047	0.27879	0.35827
1067	0.28064	0.27896	0.3584
1068	0.28084	0.27914	0.35852
1069	0.28099	0.27927	0.35862
1070	0.28109	0.27938	0.3587
1071	0.28116	0.27951	0.35882
1072	0.28122	0.27962	0.35901
1073	0.28126	0.27972	0.35919
1074	0.28125	0.2798	0.3593
1075	0.28122	0.27985	0.35937
1076	0.28124	0.27989	0.35942
1077	0.28129	0.27995	0.35951
1078	0.28135	0.28001	0.35967
1079	0.28142	0.28008	0.35987
1080	0.28148	0.28015	0.36002
1081	0.28152	0.28019	0.36011
1082	0.2815	0.28015	0.36013
1083	0.28146	0.28009	0.3601
1084	0.28146	0.2801	0.36004
1085	0.28151	0.28017	0.36
1086	0.28159	0.28025	0.36001
1087	0.28168	0.28033	0.36003
1088	0.28177	0.28041	0.36004
1089	0.28187	0.28047	0.36006
1090	0.28195	0.28047	0.36008
1091	0.28201	0.28044	0.36008
1092	0.28204	0.28038	0.36007
1093	0.28205	0.28031	0.36007
1094	0.28209	0.28027	0.3601
1095	0.28214	0.28027	0.36015
1096	0.28216	0.28028	0.36019
1097	0.28218	0.28033	0.36023
1098	0.28223	0.28044	0.36029
1099	0.28225	0.28056	0.36041
1100	0.28228	0.28068	0.3606
1101	0.28234	0.28082	0.36077
1102	0.2824	0.28095	0.3609
1103	0.28239	0.28099	0.36099
1104	0.28232	0.28095	0.36101
1105	0.28223	0.28088	0.36095
1106	0.28213	0.2808	0.36081
1107	0.28206	0.28074	0.36068
1108	0.28202	0.28074	0.36056
1109	0.28201	0.28075	0.36048
1110	0.28201	0.28076	0.36041
1111	0.28201	0.2808	0.36038
1112	0.28205	0.28088	0.36039
1113	0.28213	0.281	0.36044
1114	0.28226	0.28112	0.3605
1115	0.2824	0.28124	0.36059
1116	0.2825	0.28131	0.36069
1117	0.28255	0.28131	0.36076
1118	0.2826	0.2813	0.36077
1119	0.28262	0.28128	0.3607
1120	0.28258	0.28123	0.36061
1121	0.28248	0.28114	0.3605
1122	0.28236	0.28103	0.36042
1123	0.28223	0.28089	0.36036
1124	0.28212	0.28079	0.3603
1125	0.28201	0.28071	0.36023
1126	0.28186	0.2806	0.36011
1127	0.28168	0.28045	0.35995
1128	0.28148	0.28028	0.35977
1129	0.28129	0.28013	0.35962
1130	0.28109	0.27997	0.35948
1131	0.28089	0.27981	0.3593
1132	0.2807	0.27964	0.35906
1133	0.28051	0.27946	0.35881
1134	0.28029	0.27925	0.35856
1135	0.28004	0.279	0.35832
1136	0.2798	0.27873	0.35813
1137	0.27963	0.27852	0.35796
1138	0.27951	0.27836	0.35778
1139	0.27933	0.27814	0.35756
1140	0.27907	0.27786	0.35728
1141	0.27883	0.27759	0.357
1142	0.27862	0.27735	0.35672
1143	0.27841	0.27713	0.35638
1144	0.27816	0.2769	0.35597
1145	0.27785	0.27663	0.35548
1146	0.27751	0.27631	0.35495
1147	0.27714	0.27595	0.35441
1148	0.27673	0.27554	0.35391
1149	0.2763	0.27512	0.35344
1150	0.27591	0.27476	0.35303
1151	0.2756	0.27447	0.35268
1152	0.27529	0.27418	0.35239
1153	0.27499	0.27387	0.35214
1154	0.27473	0.27358	0.35189
1155	0.27456	0.27333	0.35167
1156	0.27441	0.27311	0.35143
1157	0.27428	0.2729	0.35116
1158	0.27413	0.27269	0.3509
1159	0.27396	0.27246	0.35067
1160	0.27379	0.27226	0.3505
1161	0.27365	0.27208	0.35039
1162	0.27353	0.27192	0.35035
1163	0.27344	0.27181	0.35033
1164	0.27336	0.27174	0.35028
1165	0.27327	0.27167	0.35023
1166	0.27319	0.27161	0.35019
1167	0.27311	0.27154	0.35013
1168	0.27303	0.27148	0.35003
1169	0.27293	0.27143	0.34992
1170	0.27284	0.2714	0.34978
1171	0.27276	0.27139	0.3496
1172	0.27267	0.27138	0.34945
1173	0.27261	0.27139	0.34939
1174	0.27259	0.27141	0.34942
1175	0.27261	0.27146	0.34952
1176	0.27267	0.27151	0.34968
1177	0.27275	0.27157	0.34984
1178	0.27281	0.27162	0.34997
1179	0.27286	0.27164	0.3501
1180	0.27288	0.27161	0.35023
1181	0.27289	0.27157	0.35035
1182	0.27289	0.27154	0.35041
1183	0.27286	0.27151	0.35038
1184	0.27282	0.27147	0.35026
1185	0.27278	0.27144	0.35007
1186	0.27275	0.27143	0.34991
1187	0.27273	0.27142	0.3498
1188	0.27273	0.27142	0.3497
1189	0.27277	0.27146	0.34966
1190	0.27285	0.27155	0.34966
1191	0.27293	0.27164	0.34969
1192	0.27298	0.27168	0.34973
1193	0.27299	0.27168	0.34978
1194	0.273	0.27167	0.34983
1195	0.273	0.27168	0.34986
1196	0.27297	0.27169	0.34986
1197	0.2729	0.27168	0.34984
1198	0.27283	0.27168	0.34979
1199	0.27277	0.27168	0.34975
1200	0.27275	0.27173	0.34973
1201	0.27279	0.2718	0.34975
1202	0.27286	0.27189	0.34981
1203	0.27298	0.27201	0.34992
1204	0.27312	0.27213	0.35008
1205	0.27322	0.27218	0.35021
1206	0.2733	0.27219	0.35034
1207	0.27337	0.2722	0.35048
1208	0.27346	0.27222	0.35061
1209	0.27351	0.27221	0.35073
1210	0.27351	0.27219	0.35082
1211	0.27352	0.27219	0.35089
1212	0.27356	0.27221	0.35095
1213	0.27362	0.27228	0.35103
1214	0.27374	0.27242	0.35114
1215	0.2739	0.27258	0.35128
1216	0.27408	0.27275	0.35145
1217	0.27429	0.27296	0.35162
1218	0.27452	0.27319	0.35178
1219	0.27473	0.27339	0.35192
1220	0.27492	0.27357	0.35207
1221	0.27511	0.27373	0.35223
1222	0.27527	0.27385	0.35239
1223	0.27539	0.27394	0.35254
1224	0.27546	0.27404	0.35266
1225	0.27549	0.27412	0.35277
1226	0.27549	0.27419	0.35287
1227	0.27549	0.27426	0.35298
1228	0.27553	0.27432	0.35313
1229	0.27559	0.27438	0.35327
1230	0.27566	0.27445	0.35338
1231	0.27575	0.27456	0.35345
1232	0.27586	0.27467	0.35349
1233	0.27596	0.27475	0.3535
1234	0.27612	0.27483	0.35352
1235	0.27631	0.27493	0.35359
1236	0.27653	0.27507	0.35374
1237	0.27673	0.27524	0.35393
1238	0.27686	0.27537	0.3541
1239	0.27694	0.27547	0.35425
1240	0.27702	0.27555	0.3544
1241	0.27713	0.27563	0.35454
1242	0.27724	0.27571	0.35471
1243	0.27732	0.27578	0.35487
1244	0.27735	0.27585	0.35499
1245	0.27738	0.27595	0.35508
1246	0.2774	0.27604	0.35509
1247	0.27743	0.2761	0.35504
1248	0.27749	0.27617	0.35499
1249	0.2776	0.27626	0.35499
1250	0.27772	0.27636	0.35508
1251	0.27782	0.27645	0.35518
1252	0.27789	0.27652	0.35527
1253	0.27798	0.2766	0.35543
1254	0.27811	0.27671	0.35564
1255	0.27825	0.2768	0.35586
1256	0.27838	0.27689	0.35611
1257	0.27851	0.27699	0.35633
1258	0.27862	0.2771	0.3565
1259	0.27873	0.27721	0.35662
1260	0.27882	0.27729	0.35666
1261	0.27885	0.27732	0.35662
1262	0.27884	0.27733	0.35656
1263	0.27882	0.27734	0.3565
1264	0.27881	0.27736	0.35645
1265	0.2788	0.27737	0.35642
1266	0.27879	0.27737	0.35643
1267	0.2788	0.27737	0.3565
1268	0.2788	0.27736	0.35656
1269	0.27879	0.27733	0.35658
1270	0.27875	0.27729	0.35657
1271	0.27872	0.27727	0.35655
1272	0.27876	0.27731	0.3566
1273	0.27884	0.27741	0.35672
1274	0.27892	0.27755	0.35689
1275	0.27895	0.27769	0.35708
1276	0.27897	0.27781	0.35728
1277	0.27902	0.27791	0.35747
1278	0.2791	0.27799	0.35763
1279	0.27918	0.27803	0.35775
1280	0.27924	0.278	0.3578
1281	0.27924	0.27791	0.35777
1282	0.27918	0.27777	0.35765
1283	0.27906	0.27759	0.35743
1284	0.27891	0.27741	0.35718
1285	0.27878	0.27726	0.35698
1286	0.27871	0.27717	0.35683
1287	0.27865	0.27714	0.3567
1288	0.27862	0.27716	0.35659
1289	0.27862	0.27721	0.35648
1290	0.27862	0.27725	0.35638
1291	0.27863	0.27728	0.35627
1292	0.27865	0.27732	0.35617
1293	0.27868	0.27735	0.3561
1294	0.27867	0.27734	0.35602
1295	0.27864	0.27731	0.35596
1296	0.27856	0.27725	0.35589
1297	0.27845	0.27716	0.35586
1298	0.27833	0.27706	0.35588
1299	0.2782	0.27693	0.35593
1300	0.27805	0.2768	0.35595
1301	0.27793	0.27667	0.35595
1302	0.27781	0.27655	0.35589
1303	0.27767	0.27642	0.35573
1304	0.27749	0.27625	0.35549
1305	0.27729	0.27609	0.35521
1306	0.27711	0.27597	0.35493
1307	0.27695	0.27587	0.35469
1308	0.2768	0.27574	0.35447
1309	0.27666	0.27562	0.35426
1310	0.27652	0.27549	0.35405
1311	0.27638	0.27533	0.35385
1312	0.27625	0.27514	0.35368
1313	0.27609	0.27492	0.35352
1314	0.2759	0.27469	0.35333
1315	0.2757	0.27442	0.3531
1316	0.27543	0.27408	0.35277
1317	0.27509	0.27369	0.35235
1318	0.27471	0.27332	0.35187
1319	0.27433	0.27298	0.3514
1320	0.27399	0.27266	0.35101
1321	0.27366	0.27234	0.35066
1322	0.27334	0.27203	0.35034
1323	0.27302	0.27173	0.34999
1324	0.27267	0.27139	0.34959
1325	0.27231	0.27103	0.34916
1326	0.2719	0.27063	0.34874
1327	0.27144	0.27021	0.34831
1328	0.271	0.26983	0.34792
1329	0.27057	0.26945	0.34754
1330	0.2701	0.26903	0.34712
1331	0.26962	0.26859	0.34666
1332	0.26914	0.26817	0.3462
1333	0.26871	0.26776	0.34577
1334	0.26837	0.26737	0.34539
1335	0.26809	0.267	0.34501
1336	0.26781	0.26663	0.34458
1337	0.26751	0.26622	0.34409
1338	0.26715	0.26575	0.34349
1339	0.26673	0.26525	0.34285
1340	0.26625	0.26474	0.34222
1341	0.26577	0.26425	0.34167
1342	0.26534	0.26382	0.3412
1343	0.26495	0.26343	0.3407
1344	0.26453	0.26303	0.34018
1345	0.26406	0.26262	0.33974
1346	0.26358	0.26219	0.33935
1347	0.26312	0.26175	0.33895
1348	0.26272	0.26131	0.33854
1349	0.26238	0.2609	0.33811
1350	0.26206	0.26052	0.33767
1351	0.26175	0.26016	0.33725
1352	0.26143	0.25981	0.33683
1353	0.26107	0.25944	0.3364
1354	0.26069	0.25905	0.33599
1355	0.26033	0.25867	0.33565
1356	0.26001	0.2583	0.33529
1357	0.25973	0.25796	0.33491
1358	0.25943	0.2576	0.33455
1359	0.25907	0.25722	0.33425
1360	0.2587	0.25681	0.33391
1361	0.25828	0.25634	0.33345
1362	0.25782	0.25585	0.3329
1363	0.25735	0.25537	0.33232
1364	0.25683	0.25487	0.33172
1365	0.25628	0.25436	0.3311
1366	0.25567	0.25379	0.33039
1367	0.25499	0.25315	0.32959
1368	0.25429	0.2525	0.32875
1369	0.25358	0.25182	0.32789
1370	0.25283	0.25106	0.327
1371	0.25205	0.25025	0.32605
1372	0.25122	0.24938	0.32501
1373	0.25033	0.24845	0.32392
1374	0.24939	0.2475	0.3228
1375	0.24837	0.24647	0.32159
1376	0.24727	0.24533	0.32032
1377	0.24608	0.24412	0.319
1378	0.24481	0.24287	0.31764
1379	0.24344	0.24155	0.31616
1380	0.24197	0.24011	0.3145
1381	0.24038	0.23857	0.31268
1382	0.23869	0.23693	0.31074
1383	0.23686	0.23514	0.30863
1384	0.23489	0.23322	0.30637
1385	0.23279	0.23116	0.30393
1386	0.23058	0.22898	0.30129
1387	0.2283	0.22672	0.2985
1388	0.22596	0.22436	0.29558
1389	0.2235	0.22186	0.29248
1390	0.22096	0.21923	0.28925
1391	0.21835	0.21655	0.28592
1392	0.21568	0.21385	0.28252
1393	0.21297	0.2111	0.27906
1394	0.21021	0.20832	0.27552
1395	0.20741	0.20552	0.27189
1396	0.20459	0.2027	0.26824
1397	0.20171	0.19983	0.26456
1398	0.19881	0.19696	0.26088
1399	0.19589	0.19409	0.25717
1400	0.19299	0.19123	0.25347
1401	0.19013	0.18839	0.24982
1402	0.18729	0.18555	0.24621
1403	0.18446	0.18271	0.24261
1404	0.18169	0.17992	0.23908
1405	0.17896	0.1772	0.23562
1406	0.17633	0.17457	0.2323
1407	0.17386	0.17211	0.22916
1408	0.17153	0.1698	0.22614
1409	0.16929	0.16757	0.22317
1410	0.16714	0.16543	0.22029
1411	0.16506	0.16336	0.21749
1412	0.16309	0.16143	0.21481
1413	0.16122	0.1596	0.21225
1414	0.15947	0.15787	0.20985
1415	0.15783	0.15624	0.20765
1416	0.15626	0.15471	0.20556
1417	0.15472	0.15322	0.20353
1418	0.15327	0.1518	0.20159
1419	0.15191	0.15047	0.19979
1420	0.15069	0.14927	0.19816
1421	0.14962	0.1482	0.1967
1422	0.14863	0.14719	0.19531
1423	0.14768	0.1462	0.19394
1424	0.14679	0.14527	0.19264
1425	0.14596	0.14441	0.1914
1426	0.14521	0.14364	0.19026
1427	0.14452	0.14292	0.18919
1428	0.14385	0.14223	0.1882
1429	0.1432	0.14159	0.18729
1430	0.14257	0.14098	0.18644
1431	0.14196	0.14039	0.1856
1432	0.1414	0.13986	0.18483
1433	0.1409	0.13941	0.18416
1434	0.14047	0.13901	0.18358
1435	0.14009	0.13865	0.18309
1436	0.13975	0.13831	0.18269
1437	0.13945	0.13799	0.18234
1438	0.13918	0.13769	0.18202
1439	0.13897	0.13746	0.18173
1440	0.13879	0.13728	0.18149
1441	0.13862	0.13711	0.18129
1442	0.13849	0.13699	0.18115
1443	0.13839	0.1369	0.18107
1444	0.1383	0.13682	0.18099
1445	0.1382	0.13674	0.1809
1446	0.13804	0.13662	0.18075
1447	0.13787	0.1365	0.18057
1448	0.13772	0.13638	0.18046
1449	0.1376	0.13628	0.18042
1450	0.13753	0.13618	0.18041
1451	0.13761	0.13622	0.18036
1452	0.13762	0.13624	0.18043
1453	0.13765	0.13627	0.18051
1454	0.1377	0.13632	0.18062
1455	0.13777	0.13638	0.18074
1456	0.13784	0.13646	0.18088
1457	0.13793	0.13657	0.18105
1458	0.13805	0.13671	0.18127
1459	0.13821	0.13688	0.18154
1460	0.13839	0.13708	0.18185
1461	0.1386	0.13729	0.18221
1462	0.13884	0.13754	0.18258
1463	0.13912	0.13781	0.18299
1464	0.13942	0.13812	0.18342
1465	0.13975	0.13845	0.1839
1466	0.14011	0.1388	0.18442
1467	0.1405	0.13917	0.18498
1468	0.1409	0.13956	0.18557
1469	0.14132	0.13996	0.18617
1470	0.14174	0.14037	0.1868
1471	0.14217	0.14078	0.18745
1472	0.14263	0.14123	0.18814
1473	0.14312	0.14171	0.18888
1474	0.14363	0.14223	0.18966
1475	0.14418	0.14277	0.19046
1476	0.14474	0.14334	0.19128
1477	0.14533	0.14393	0.19213
1478	0.14593	0.14453	0.193
1479	0.14655	0.14513	0.19389
1480	0.14718	0.14576	0.19483
1481	0.14783	0.14641	0.1958
1482	0.1485	0.14708	0.19677
1483	0.14916	0.14777	0.19776
1484	0.14984	0.14847	0.19875
1485	0.15053	0.14919	0.19974
1486	0.15123	0.14991	0.20075
1487	0.15193	0.15064	0.20177
1488	0.15265	0.15138	0.20281
1489	0.15339	0.15213	0.20386
1490	0.15414	0.1529	0.20494
1491	0.15489	0.15367	0.20603
1492	0.15564	0.15445	0.20714
1493	0.15639	0.15524	0.20825
1494	0.15716	0.15603	0.20937
1495	0.15795	0.15683	0.2105
1496	0.15874	0.15762	0.21162
1497	0.15954	0.1584	0.21272
1498	0.16035	0.15919	0.21383
1499	0.16115	0.15998	0.21493
1500	0.16194	0.16074	0.21601
1501	0.16272	0.16151	0.21709
1502	0.16348	0.16225	0.21815
1503	0.16423	0.16299	0.21921
1504	0.16499	0.16373	0.22027
1505	0.16575	0.16449	0.22134
1506	0.16651	0.16524	0.22241
1507	0.16726	0.166	0.22348
1508	0.16801	0.16675	0.22453
1509	0.16875	0.16749	0.22556
1510	0.1695	0.16824	0.22659
1511	0.17026	0.16899	0.22763
1512	0.17103	0.16976	0.22867
1513	0.1718	0.17052	0.22971
1514	0.17255	0.17126	0.23074
1515	0.17329	0.172	0.23175
1516	0.17401	0.17274	0.23275
1517	0.17472	0.17347	0.23373
1518	0.17542	0.1742	0.23469
1519	0.17613	0.17493	0.23565
1520	0.17684	0.17565	0.23661
1521	0.17755	0.17636	0.23756
1522	0.17826	0.17707	0.23851
1523	0.17897	0.17778	0.23945
1524	0.17969	0.17848	0.24039
1525	0.1804	0.17919	0.24132
1526	0.1811	0.17988	0.24224
1527	0.18179	0.18056	0.24314
1528	0.18246	0.18122	0.24402
1529	0.18313	0.18187	0.24491
1530	0.18381	0.18253	0.24579
1531	0.18449	0.18318	0.24667
1532	0.18516	0.18381	0.24752
1533	0.18582	0.18444	0.24838
1534	0.18648	0.18506	0.24923
1535	0.18713	0.18568	0.25006
1536	0.18777	0.18629	0.25086
1537	0.18839	0.18688	0.25166
1538	0.18898	0.18746	0.25245
1539	0.18957	0.18804	0.25325
1540	0.19017	0.18863	0.25406
1541	0.19076	0.18923	0.25485
1542	0.19133	0.18981	0.25563
1543	0.1919	0.19037	0.25638
1544	0.19245	0.19093	0.25713
1545	0.19302	0.1915	0.25788
1546	0.1936	0.19208	0.25864
1547	0.1942	0.19267	0.25942
1548	0.1948	0.19325	0.26018
1549	0.19537	0.19381	0.26091
1550	0.19591	0.19436	0.26162
1551	0.19644	0.19489	0.26233
1552	0.19697	0.19543	0.26302
1553	0.19752	0.19599	0.26372
1554	0.19808	0.19656	0.26443
1555	0.19863	0.19712	0.26511
1556	0.19917	0.19767	0.26578
1557	0.19969	0.1982	0.26643
1558	0.20019	0.19872	0.26706
1559	0.20069	0.19923	0.26769
1560	0.20118	0.19973	0.26832
1561	0.20166	0.20023	0.26894
1562	0.20212	0.20071	0.26956
1563	0.20259	0.20119	0.27017
1564	0.20305	0.20166	0.2708
1565	0.20351	0.20212	0.27141
1566	0.20396	0.20256	0.272
1567	0.20442	0.20301	0.27259
1568	0.20487	0.20345	0.27318
1569	0.20532	0.20389	0.27374
1570	0.20575	0.2043	0.27429
1571	0.20617	0.20472	0.27481
1572	0.20657	0.20511	0.27534
1573	0.20695	0.20551	0.27586
1574	0.20733	0.2059	0.27637
1575	0.20771	0.20631	0.27689
1576	0.2081	0.20672	0.27741
1577	0.20849	0.20712	0.27792
1578	0.20888	0.20753	0.27842
1579	0.20928	0.20793	0.27891
1580	0.2097	0.20833	0.2794
1581	0.21012	0.20873	0.27989
1582	0.21054	0.20913	0.28039
1583	0.21095	0.20952	0.28088
1584	0.21135	0.20989	0.28136
1585	0.21173	0.21026	0.28183
1586	0.21212	0.21065	0.28231
1587	0.21253	0.21106	0.28281
1588	0.21295	0.2115	0.28335
1589	0.21337	0.21192	0.28386
1590	0.21375	0.21232	0.28435
1591	0.21412	0.21269	0.28483
1592	0.21447	0.21305	0.28531
1593	0.21483	0.2134	0.28578
1594	0.21517	0.21375	0.28626
1595	0.21552	0.2141	0.28674
1596	0.21588	0.21445	0.28721
1597	0.21622	0.21479	0.28767
1598	0.21656	0.21512	0.28812
1599	0.21691	0.21545	0.28859
1600	0.21727	0.21578	0.28906
1601	0.21761	0.21609	0.28951
1602	0.21795	0.2164	0.28996
1603	0.21829	0.21672	0.29042
1604	0.21864	0.21704	0.29086
1605	0.21898	0.21736	0.2913
1606	0.21931	0.21768	0.29174
1607	0.21964	0.21802	0.29217
1608	0.21997	0.21835	0.29259
1609	0.22029	0.2187	0.29302
1610	0.22062	0.21904	0.29345
1611	0.22096	0.21938	0.29389
1612	0.22129	0.21971	0.2943
1613	0.22162	0.22004	0.2947
1614	0.22194	0.22036	0.2951
1615	0.22226	0.22068	0.29549
1616	0.22256	0.22099	0.29588
1617	0.22287	0.22129	0.29626
1618	0.22318	0.22161	0.29664
1619	0.22349	0.22191	0.29701
1620	0.2238	0.22222	0.29739
1621	0.2241	0.22253	0.29776
1622	0.22441	0.22284	0.29814
1623	0.22471	0.22313	0.29852
1624	0.22497	0.22338	0.29887
1625	0.2252	0.2236	0.29917
1626	0.22543	0.22382	0.29946
1627	0.22566	0.22404	0.29974
1628	0.22589	0.22427	0.30003
1629	0.22611	0.2245	0.3003
1630	0.22632	0.22473	0.30058
1631	0.22653	0.22494	0.30085
1632	0.22674	0.22514	0.30112
1633	0.22694	0.22532	0.30139
1634	0.22716	0.22552	0.30168
1635	0.22739	0.22573	0.30196
1636	0.2276	0.22592	0.30223
1637	0.2278	0.22611	0.30249
1638	0.22799	0.2263	0.30274
1639	0.22818	0.22649	0.30297
1640	0.22835	0.22669	0.3032
1641	0.22852	0.22688	0.30342
1642	0.22867	0.22707	0.30363
1643	0.22883	0.22726	0.30383
1644	0.22899	0.22745	0.30404
1645	0.22913	0.22762	0.30423
1646	0.22924	0.22776	0.30438
1647	0.22935	0.22791	0.30452
1648	0.22947	0.22807	0.30468
1649	0.22956	0.2282	0.30481
1650	0.22965	0.22833	0.30492
1651	0.22973	0.22844	0.305
1652	0.2298	0.22852	0.30507
1653	0.22984	0.22858	0.30512
1654	0.22984	0.22861	0.30516
1655	0.22983	0.22862	0.3052
1656	0.2298	0.22861	0.30523
1657	0.22977	0.22858	0.30525
1658	0.22972	0.22852	0.30527
1659	0.22966	0.22846	0.30529
1660	0.2296	0.22841	0.3053
1661	0.22954	0.22837	0.30532
1662	0.22947	0.22833	0.30534
1663	0.2294	0.22828	0.30536
1664	0.22934	0.22821	0.30538
1665	0.22931	0.22816	0.30542
1666	0.22929	0.2281	0.30545
1667	0.22927	0.22804	0.30548
1668	0.22925	0.22798	0.3055
1669	0.22924	0.22794	0.30551
1670	0.22924	0.2279	0.30554
1671	0.22925	0.22788	0.30558
1672	0.22926	0.22785	0.30564
1673	0.22926	0.22783	0.30571
1674	0.22926	0.2278	0.30578
1675	0.22927	0.22779	0.30585
1676	0.22928	0.22779	0.30592
1677	0.22928	0.22781	0.306
1678	0.22929	0.22783	0.30608
1679	0.22932	0.22786	0.30616
1680	0.22934	0.22787	0.3062
1681	0.22934	0.22787	0.30619
1682	0.22936	0.22788	0.30618
1683	0.22939	0.22789	0.30617
1684	0.2294	0.22788	0.30613
1685	0.22938	0.22786	0.30605
1686	0.22932	0.22782	0.30595
1687	0.22921	0.22773	0.30583
1688	0.22906	0.22763	0.3057
1689	0.2289	0.22753	0.30557
1690	0.22874	0.22742	0.30545
1691	0.2286	0.22729	0.30534
1692	0.22846	0.22715	0.30525
1693	0.22834	0.22701	0.30518
1694	0.22821	0.22687	0.30508
1695	0.22806	0.22671	0.30493
1696	0.2279	0.22656	0.30476
1697	0.22775	0.22642	0.30461
1698	0.22758	0.22625	0.30442
1699	0.2274	0.22605	0.3042
1700	0.22722	0.22586	0.30399
1701	0.22705	0.22569	0.3038
1702	0.22685	0.22551	0.30361
1703	0.22664	0.22534	0.30345
1704	0.22645	0.22517	0.3033
1705	0.22629	0.22502	0.30317
1706	0.22614	0.22487	0.30305
1707	0.226	0.22473	0.30291
1708	0.22585	0.22457	0.30276
1709	0.22569	0.22441	0.30261
1710	0.22553	0.22425	0.30245
1711	0.22537	0.2241	0.30229
1712	0.22521	0.22394	0.30211
1713	0.22506	0.22377	0.3019
1714	0.22491	0.2236	0.30169
1715	0.22476	0.22342	0.30147
1716	0.2246	0.22322	0.30121
1717	0.22443	0.223	0.30094
1718	0.22425	0.22279	0.30068
1719	0.22408	0.22259	0.30042
1720	0.22387	0.22236	0.30015
1721	0.22362	0.22211	0.29987
1722	0.22335	0.22182	0.29959
1723	0.22308	0.22153	0.29933
1724	0.22284	0.22127	0.29908
1725	0.22262	0.22104	0.29884
1726	0.22238	0.22079	0.29858
1727	0.22214	0.22054	0.29831
1728	0.22193	0.22031	0.29805
1729	0.22172	0.2201	0.29779
1730	0.22148	0.21987	0.29749
1731	0.22122	0.21964	0.2972
1732	0.22095	0.21945	0.29695
1733	0.22067	0.21926	0.29672
1734	0.22037	0.21902	0.29646
1735	0.22006	0.21878	0.29622
1736	0.21977	0.21856	0.296
1737	0.21951	0.21834	0.29579
1738	0.21927	0.21813	0.29558
1739	0.21905	0.21793	0.29536
1740	0.21885	0.21774	0.29512
1741	0.21865	0.21755	0.29488
1742	0.21845	0.21735	0.29465
1743	0.21826	0.21716	0.29444
1744	0.21808	0.21696	0.29427
1745	0.21788	0.21674	0.29408
1746	0.21766	0.2165	0.29385
1747	0.21744	0.21624	0.29361
1748	0.21723	0.21597	0.29335
1749	0.217	0.21569	0.29306
1750	0.21673	0.21539	0.29275
1751	0.21646	0.2151	0.29242
1752	0.2162	0.2148	0.29207
1753	0.21593	0.21449	0.29172
1754	0.21566	0.21419	0.29138
1755	0.21537	0.21387	0.29104
1756	0.21505	0.21354	0.2907
1757	0.21474	0.21322	0.29038
1758	0.21444	0.21294	0.29009
1759	0.21414	0.21266	0.28977
1760	0.21384	0.21239	0.28943
1761	0.21355	0.21213	0.28909
1762	0.21326	0.21185	0.28875
1763	0.21299	0.21157	0.28841
1764	0.21275	0.2113	0.28809
1765	0.21252	0.21104	0.2878
1766	0.21229	0.2108	0.28753
1767	0.21201	0.21054	0.28721
1768	0.21171	0.21028	0.28687
1769	0.2114	0.21002	0.28655
1770	0.2111	0.20976	0.28623
1771	0.21082	0.20952	0.2859
1772	0.21058	0.2093	0.2856
1773	0.21036	0.20912	0.2853
1774	0.21014	0.20895	0.28502
1775	0.20993	0.20878	0.28476
1776	0.20975	0.2086	0.28453
1777	0.2096	0.20843	0.28435
1778	0.20948	0.2083	0.28422
1779	0.20937	0.20822	0.2841
1780	0.20926	0.20812	0.28395
1781	0.20913	0.20799	0.28374
1782	0.20902	0.20787	0.28354
1783	0.20893	0.20777	0.28337
1784	0.20886	0.20768	0.28321
1785	0.20876	0.20751	0.28296
1786	0.20869	0.20747	0.28279
1787	0.20865	0.20753	0.28271
1788	0.2086	0.20754	0.28262
1789	0.20853	0.20749	0.28253
1790	0.20845	0.20742	0.28249
1791	0.20838	0.20735	0.28251
1792	0.20839	0.20732	0.2826
1793	0.2085	0.20741	0.28278
1794	0.20868	0.20754	0.28301
1795	0.20883	0.20763	0.28325
1796	0.20898	0.2077	0.28351
1797	0.20912	0.20777	0.28377
1798	0.20924	0.20783	0.28404
1799	0.2094	0.2079	0.28433
1800	0.2096	0.20802	0.28466
1801	0.20982	0.20816	0.28505
1802	0.20999	0.20829	0.28545
1803	0.21012	0.20842	0.28583
1804	0.21032	0.20865	0.28626
1805	0.2106	0.20895	0.28672
1806	0.21094	0.20928	0.28723
1807	0.21134	0.20962	0.28777
1808	0.21163	0.20985	0.28818
1809	0.21178	0.20995	0.28844
1810	0.21187	0.20998	0.28862
1811	0.21199	0.21006	0.28879
1812	0.21212	0.2102	0.28896
1813	0.21225	0.21032	0.2891
1814	0.21235	0.21044	0.28918
1815	0.21242	0.2105	0.28917
1816	0.21248	0.21049	0.28907
1817	0.21254	0.21049	0.28904
1818	0.21259	0.21054	0.2891
1819	0.21262	0.21057	0.28914
1820	0.21262	0.21055	0.2891
1821	0.2126	0.2105	0.289
1822	0.21255	0.21063	0.28899
1823	0.21246	0.21071	0.28892
1824	0.21238	0.21067	0.2888
1825	0.21234	0.21065	0.28873
1826	0.2123	0.21062	0.28867
1827	0.21225	0.2106	0.28858
1828	0.21227	0.21068	0.28856
1829	0.21233	0.21084	0.28865
1830	0.2123	0.21092	0.28872
1831	0.21209	0.21077	0.28858
1832	0.2118	0.21051	0.28831
1833	0.21162	0.21036	0.2881
1834	0.21153	0.21029	0.28795
1835	0.2115	0.21025	0.28785
1836	0.21146	0.21021	0.28778
1837	0.2114	0.21015	0.28775
1838	0.21133	0.21011	0.28774
1839	0.21126	0.21007	0.28767
1840	0.21114	0.20997	0.28747
1841	0.21092	0.20977	0.28714
1842	0.21069	0.20951	0.28677
1843	0.21037	0.20915	0.28626
1844	0.20981	0.20857	0.28554
1845	0.20915	0.20792	0.28474
1846	0.20856	0.20735	0.28401
1847	0.20804	0.20686	0.28334
1848	0.20747	0.20627	0.2826
1849	0.20678	0.20549	0.28168
1850	0.20601	0.2046	0.28065
1851	0.20521	0.2037	0.27965
1852	0.20437	0.2028	0.27869
1853	0.20354	0.20199	0.27779
1854	0.2027	0.20121	0.27682
1855	0.20173	0.20023	0.27566
1856	0.20059	0.19904	0.2743
1857	0.19935	0.19779	0.27286
1858	0.1981	0.19659	0.2714
1859	0.19682	0.19531	0.26983
1860	0.1955	0.19392	0.26811
1861	0.19405	0.19244	0.26621
1862	0.19243	0.19083	0.26417
1863	0.19069	0.18911	0.26203
1864	0.18887	0.18735	0.2598
1865	0.18694	0.18547	0.25735
1866	0.1848	0.18337	0.25455
1867	0.18247	0.18109	0.25144
1868	0.18013	0.17881	0.24825
1869	0.17786	0.17658	0.24509
1870	0.17545	0.17418	0.24175
1871	0.17279	0.17154	0.23803
1872	0.16993	0.1687	0.23397
1873	0.16688	0.16572	0.22966
1874	0.16366	0.16259	0.2251
1875	0.16031	0.15936	0.22026
1876	0.1569	0.15609	0.21519
1877	0.15348	0.15277	0.21005
1878	0.15006	0.14935	0.2049
1879	0.14652	0.14581	0.19963
1880	0.14285	0.14217	0.19415
1881	0.13919	0.13856	0.18855
1882	0.13563	0.135	0.18294
1883	0.13209	0.13144	0.17727
1884	0.12846	0.12782	0.17146
1885	0.12479	0.12419	0.16559
1886	0.12126	0.12071	0.15983
1887	0.11794	0.11742	0.15423
1888	0.11471	0.11421	0.14866
1889	0.11148	0.11106	0.14307
1890	0.10821	0.10787	0.13749
1891	0.10507	0.10465	0.13196
1892	0.10213	0.1016	0.12659
1893	0.099408	0.09884	0.12151
1894	0.09684	0.096303	0.11668
1895	0.094294	0.093792	0.11187
1896	0.091766	0.091293	0.10707
1897	0.089344	0.088884	0.10246
1898	0.087088	0.086622	0.098165
1899	0.085017	0.084545	0.094101
1900	0.08312	0.082661	0.090229
1901	0.081364	0.080919	0.086561
1902	0.079681	0.079261	0.083018
1903	0.078101	0.0777	0.079648
1904	0.076688	0.076244	0.076568
1905	0.075409	0.074876	0.073741
1906	0.07415	0.07359	0.071036
1907	0.072881	0.072386	0.068429
1908	0.071711	0.071308	0.066068
1909	0.070657	0.07032	0.06392
1910	0.06976	0.069453	0.061979
1911	0.069074	0.068785	0.060369
1912	0.068532	0.068235	0.059058
1913	0.067983	0.067703	0.057894
1914	0.06743	0.067209	0.056832
1915	0.066881	0.066733	0.055742
1916	0.066348	0.066269	0.054633
1917	0.065915	0.065893	0.053736
1918	0.065601	0.065646	0.053113
1919	0.065319	0.065458	0.052599
1920	0.06501	0.065237	0.052053
1921	0.064764	0.065023	0.051535
1922	0.064611	0.064864	0.0511
1923	0.064471	0.06473	0.050713
1924	0.064241	0.064594	0.050331
1925	0.063978	0.064467	0.049972
1926	0.063851	0.064371	0.049701
1927	0.063856	0.064302	0.049522
1928	0.063818	0.064229	0.049424
1929	0.063705	0.064152	0.049413
1930	0.063589	0.064064	0.049394
1931	0.063499	0.063976	0.049333
1932	0.063493	0.063962	0.049376
1933	0.063534	0.064012	0.049535
1934	0.063591	0.0641	0.049749
1935	0.063692	0.064217	0.04999
1936	0.063835	0.064361	0.050258
1937	0.063957	0.064484	0.050531
1938	0.064027	0.06457	0.050794
1939	0.064166	0.064703	0.051206
1940	0.064429	0.064919	0.051822
1941	0.064742	0.065199	0.052503
1942	0.065052	0.065517	0.053141
1943	0.065391	0.065838	0.053755
1944	0.065775	0.066117	0.054405
1945	0.066198	0.066389	0.055123
1946	0.066698	0.066802	0.056005
1947	0.067246	0.067329	0.057012
1948	0.067681	0.067795	0.057904
1949	0.06797	0.068158	0.058631
1950	0.068299	0.068495	0.059369
1951	0.06871	0.068825	0.060145
1952	0.069135	0.069195	0.060986
1953	0.069494	0.069604	0.061868
1954	0.06979	0.069981	0.062706
1955	0.0701	0.070285	0.063494
1956	0.070429	0.070547	0.064257
1957	0.070801	0.070842	0.065035
1958	0.071201	0.071171	0.065837
1959	0.071532	0.071458	0.066602
1960	0.071788	0.071696	0.067335
1961	0.072064	0.071902	0.068096
1962	0.072393	0.072085	0.068905
1963	0.07271	0.072295	0.069728
1964	0.073007	0.072579	0.070544
1965	0.073335	0.072936	0.071388
1966	0.073729	0.073334	0.072313
1967	0.074156	0.073745	0.073271
1968	0.074573	0.074132	0.074168
1969	0.074975	0.074494	0.075011
1970	0.075359	0.07485	0.075856
1971	0.075748	0.075208	0.076723
1972	0.076141	0.075567	0.077603
1973	0.076534	0.075924	0.078504
1974	0.076953	0.076289	0.079451
1975	0.077453	0.076684	0.080473
1976	0.078034	0.077134	0.081546
1977	0.078672	0.077676	0.082628
1978	0.079328	0.078271	0.083713
1979	0.079931	0.078823	0.08479
1980	0.080488	0.079356	0.085887
1981	0.081069	0.080022	0.087093
1982	0.081664	0.080808	0.088384
1983	0.082174	0.081496	0.089583
1984	0.082585	0.08206	0.090665
1985	0.082973	0.082582	0.091705
1986	0.083354	0.083098	0.092723
1987	0.083711	0.083601	0.093718
1988	0.084077	0.084111	0.09475
1989	0.084471	0.08464	0.095831
1990	0.084855	0.085111	0.096932
1991	0.085248	0.085533	0.098055
1992	0.085669	0.085997	0.099163
1993	0.08611	0.086501	0.10024
1994	0.086469	0.086963	0.10132
1995	0.086702	0.087332	0.10236
1996	0.087009	0.087722	0.10344
1997	0.08749	0.088224	0.10462
1998	0.087996	0.088752	0.1058
1999	0.08841	0.089223	0.10687
2000	0.08885	0.089721	0.10798
2001	0.089475	0.090376	0.10935
2002	0.090193	0.091097	0.11086
2003	0.090739	0.091647	0.11214
2004	0.091154	0.092076	0.11322
2005	0.091601	0.092565	0.11427
2006	0.092071	0.093109	0.11532
2007	0.092616	0.093671	0.11644
2008	0.093256	0.09424	0.11763
2009	0.093957	0.094846	0.11882
2010	0.094708	0.095531	0.11998
2011	0.095486	0.096267	0.12113
2012	0.09624	0.09699	0.12232
2013	0.097002	0.097733	0.12353
2014	0.097883	0.098577	0.12477
2015	0.098803	0.099443	0.12598
2016	0.099557	0.10016	0.12708
2017	0.10018	0.10076	0.12813
2018	0.10083	0.10136	0.12911
2019	0.10151	0.10196	0.13002
2020	0.10219	0.10255	0.13092
2021	0.1028	0.10307	0.1318
2022	0.10342	0.10355	0.13264
2023	0.10421	0.10411	0.13352
2024	0.10512	0.10474	0.1345
2025	0.10586	0.10534	0.13549
2026	0.10639	0.10582	0.13636
2027	0.10686	0.10623	0.13712
2028	0.10735	0.10666	0.13782
2029	0.1078	0.10707	0.13851
2030	0.10816	0.10742	0.13915
2031	0.1084	0.1077	0.13969
2032	0.1086	0.10798	0.1402
2033	0.10883	0.10831	0.1408
2034	0.10904	0.10864	0.14144
2035	0.10924	0.10892	0.14209
2036	0.10947	0.1092	0.14281
2037	0.10976	0.1095	0.14358
2038	0.11001	0.10969	0.14429
2039	0.11019	0.10981	0.14487
2040	0.11047	0.11011	0.14557
2041	0.11088	0.11058	0.14641
2042	0.11127	0.11097	0.14728
2043	0.11162	0.11129	0.14816
2044	0.11205	0.11179	0.14906
2045	0.11259	0.11249	0.14999
2046	0.11315	0.1132	0.15097
2047	0.11369	0.11383	0.15199
2048	0.11431	0.11446	0.15303
2049	0.11509	0.11523	0.1541
2050	0.11589	0.11609	0.15503
2051	0.11639	0.11675	0.15566
2052	0.11665	0.11717	0.15615
2053	0.11715	0.11772	0.15696
2054	0.11789	0.11843	0.15802
2055	0.11851	0.11904	0.15882
2056	0.11899	0.11948	0.1594
2057	0.1195	0.1198	0.15996
2058	0.12011	0.12011	0.16051
2059	0.12073	0.12049	0.161
2060	0.12119	0.12089	0.16145
2061	0.12144	0.12111	0.1618
2062	0.12158	0.12113	0.16202
2063	0.12179	0.12116	0.16227
2064	0.12211	0.12131	0.16271
2065	0.12241	0.12153	0.16327
2066	0.1226	0.1217	0.16381
2067	0.12275	0.12181	0.16436
2068	0.12307	0.12193	0.16502
2069	0.12352	0.12212	0.16578
2070	0.12386	0.12239	0.16645
2071	0.12409	0.12267	0.16704
2072	0.12449	0.12296	0.16778
2073	0.1251	0.12333	0.16872
2074	0.12561	0.12375	0.1697
2075	0.1259	0.1242	0.17055
2076	0.12622	0.1247	0.17129
2077	0.12678	0.12519	0.17206
2078	0.12737	0.12567	0.17283
2079	0.12781	0.12626	0.17354
2080	0.12823	0.12693	0.17418
2081	0.12874	0.12753	0.17486
2082	0.12926	0.12806	0.17559
2083	0.12975	0.12864	0.17623
2084	0.13017	0.12922	0.17678
2085	0.13041	0.12967	0.17721
2086	0.13047	0.12996	0.17755
2087	0.13062	0.13025	0.17788
2088	0.13099	0.1306	0.17833
2089	0.13139	0.13092	0.17893
2090	0.13159	0.1311	0.17941
2091	0.13169	0.13121	0.17972
2092	0.13196	0.13139	0.18014
2093	0.13243	0.13166	0.18066
2094	0.13283	0.13196	0.18113
2095	0.13306	0.13223	0.18158
2096	0.13314	0.13234	0.18207
2097	0.1332	0.13232	0.18264
2098	0.1334	0.13244	0.1834
2099	0.13381	0.13281	0.18438
2100	0.13436	0.13337	0.18559
2101	0.13491	0.13396	0.18687
2102	0.13534	0.1344	0.18788
2103	0.1357	0.13471	0.1886
2104	0.13604	0.1351	0.1892
2105	0.13626	0.13564	0.1898
2106	0.13658	0.13639	0.19056
2107	0.13715	0.13713	0.19142
2108	0.13779	0.13772	0.19223
2109	0.13826	0.13829	0.19294
2110	0.13869	0.13899	0.19361
2111	0.13939	0.13978	0.19431
2112	0.14028	0.14053	0.19495
2113	0.141	0.14106	0.19538
2114	0.14139	0.1414	0.19559
2115	0.14163	0.14156	0.19583
2116	0.14191	0.14157	0.19612
2117	0.14222	0.14168	0.19632
2118	0.14242	0.14194	0.19641
2119	0.1425	0.14222	0.19656
2120	0.14254	0.14241	0.19685
2121	0.14255	0.14249	0.19719
2122	0.14262	0.14264	0.19753
2123	0.14271	0.14283	0.19783
2124	0.14268	0.1429	0.19821
2125	0.14261	0.14278	0.19884
2126	0.14264	0.14268	0.19954
2127	0.14276	0.14275	0.20008
2128	0.143	0.14296	0.20054
2129	0.14326	0.14311	0.20099
2130	0.14334	0.14307	0.20124
2131	0.14326	0.14292	0.20138
2132	0.14315	0.14273	0.20161
2133	0.14316	0.14263	0.20197
2134	0.14328	0.14274	0.20243
2135	0.14334	0.14293	0.20288
2136	0.1434	0.14316	0.20343
2137	0.14344	0.14335	0.20389
2138	0.14352	0.14362	0.20409
2139	0.14371	0.14411	0.20429
2140	0.14387	0.14462	0.20468
2141	0.14411	0.14507	0.20524
2142	0.1447	0.14575	0.20607
2143	0.14529	0.14654	0.20701
2144	0.14552	0.14702	0.2076
2145	0.14571	0.14724	0.20783
2146	0.14618	0.14748	0.20801
2147	0.14657	0.14773	0.20827
2148	0.14672	0.14779	0.20845
2149	0.14701	0.1477	0.20844
2150	0.14737	0.14758	0.20844
2151	0.14749	0.14745	0.20854
2152	0.14748	0.14741	0.20859
2153	0.14758	0.14752	0.20858
2154	0.14776	0.14763	0.20874
2155	0.14792	0.14772	0.20916
2156	0.14808	0.14779	0.2096
2157	0.14824	0.14786	0.20999
2158	0.14834	0.14789	0.21036
2159	0.14843	0.14788	0.21075
2160	0.14872	0.14795	0.21129
2161	0.14919	0.14814	0.21186
2162	0.14955	0.14829	0.21218
2163	0.14971	0.14836	0.21233
2164	0.14984	0.14839	0.21248
2165	0.14989	0.14837	0.21257
2166	0.14973	0.1483	0.21264
2167	0.1495	0.14827	0.21294
2168	0.14933	0.14831	0.2133
2169	0.14915	0.14844	0.21351
2170	0.14883	0.14864	0.21377
2171	0.1486	0.14892	0.21423
2172	0.14872	0.14936	0.21481
2173	0.14898	0.1499	0.21526
2174	0.14906	0.15041	0.21555
2175	0.14892	0.15075	0.21587
2176	0.14882	0.1509	0.2163
2177	0.14895	0.15112	0.21678
2178	0.14917	0.15155	0.21733
2179	0.14925	0.1519	0.21773
2180	0.14922	0.15189	0.21767
2181	0.14936	0.15187	0.21758
2182	0.1497	0.15211	0.2179
2183	0.15002	0.15231	0.2183
2184	0.15033	0.15229	0.21841
2185	0.15073	0.15238	0.21835
2186	0.15103	0.15261	0.21835
2187	0.15124	0.15265	0.21843
2188	0.15156	0.15252	0.21852
2189	0.15186	0.1523	0.21852
2190	0.15208	0.15217	0.21852
2191	0.15238	0.15222	0.21874
2192	0.15273	0.15224	0.21905
2193	0.15296	0.1521	0.21929
2194	0.15309	0.15189	0.21943
2195	0.15334	0.15183	0.21958
2196	0.15374	0.15189	0.21983
2197	0.15394	0.15178	0.22008
2198	0.15379	0.15148	0.22028
2199	0.15364	0.15142	0.22056
2200	0.15366	0.15164	0.2209
2201	0.15363	0.15181	0.22128
2202	0.15348	0.15188	0.22174
2203	0.15346	0.1521	0.22212
2204	0.15355	0.15241	0.22236
2205	0.15345	0.15257	0.22259
2206	0.1532	0.15259	0.22283
2207	0.1531	0.15265	0.223
2208	0.15316	0.15289	0.22301
2209	0.15306	0.15314	0.2229
2210	0.15277	0.15327	0.22282
2211	0.1526	0.1533	0.22282
2212	0.15263	0.15332	0.22286
2213	0.15267	0.15343	0.22298
2214	0.15269	0.15363	0.22328
2215	0.15275	0.15375	0.2236
2216	0.15266	0.15371	0.22368
2217	0.15248	0.15372	0.22367
2218	0.15246	0.15385	0.22369
2219	0.15255	0.15395	0.22367
2220	0.15262	0.15403	0.22368
2221	0.15272	0.15419	0.2238
2222	0.15291	0.15428	0.22393
2223	0.15307	0.15412	0.22397
2224	0.15309	0.15384	0.22397
2225	0.15304	0.15359	0.22394
2226	0.15299	0.15343	0.22391
2227	0.15294	0.1533	0.22389
2228	0.15291	0.15311	0.22397
2229	0.15295	0.15292	0.22424
2230	0.15303	0.15283	0.22447
2231	0.15318	0.15282	0.22454
2232	0.15329	0.15267	0.22458
2233	0.15319	0.15237	0.22456
2234	0.153	0.15223	0.22439
2235	0.15289	0.15226	0.22411
2236	0.15273	0.15216	0.22377
2237	0.15242	0.15183	0.22347
2238	0.15213	0.15148	0.22327
2239	0.15192	0.15112	0.22302
2240	0.15157	0.15062	0.22264
2241	0.15103	0.15003	0.22216
2242	0.1505	0.14958	0.22168
2243	0.15019	0.14943	0.22124
2244	0.14991	0.14934	0.22069
2245	0.14938	0.14891	0.22006
2246	0.14873	0.14821	0.21959
2247	0.14822	0.14757	0.21938
2248	0.14786	0.14709	0.21928
2249	0.14743	0.14666	0.21909
2250	0.14685	0.14621	0.21877
2251	0.14632	0.14579	0.21839
2252	0.14599	0.14549	0.218
2253	0.14573	0.1452	0.21757
2254	0.14537	0.1448	0.21711
2255	0.14499	0.14433	0.21671
2256	0.14474	0.14398	0.21646
2257	0.14458	0.14374	0.21627
2258	0.1443	0.14349	0.21589
2259	0.1438	0.14319	0.21533
2260	0.1432	0.14275	0.2147
2261	0.14269	0.14238	0.21411
2262	0.14227	0.1422	0.21363
2263	0.14184	0.14199	0.21319
2264	0.14144	0.14175	0.21276
2265	0.14109	0.14166	0.21234
2266	0.14083	0.1417	0.21185
2267	0.14055	0.14161	0.2112
2268	0.14006	0.14129	0.21033
2269	0.13944	0.14094	0.20925
2270	0.13904	0.14071	0.20826
2271	0.13881	0.14046	0.20757
2272	0.13833	0.14002	0.20703
2273	0.1377	0.13946	0.20651
2274	0.13715	0.13893	0.20596
2275	0.13656	0.13851	0.2053
2276	0.13584	0.13821	0.2046
2277	0.13526	0.13806	0.204
2278	0.13501	0.13806	0.20348
2279	0.13485	0.13802	0.20296
2280	0.13443	0.13764	0.20238
2281	0.13382	0.137	0.20176
2282	0.13325	0.13644	0.20119
2283	0.13281	0.13614	0.20076
2284	0.13238	0.13597	0.20038
2285	0.13183	0.13574	0.19991
2286	0.1313	0.1354	0.19941
2287	0.131	0.13504	0.19891
2288	0.1308	0.13464	0.19828
2289	0.13049	0.13419	0.19754
2290	0.13019	0.1339	0.197
2291	0.13015	0.13361	0.19668
2292	0.1303	0.13327	0.1964
2293	0.13026	0.13305	0.19616
2294	0.12985	0.13289	0.19607
2295	0.12928	0.13261	0.1958
2296	0.12881	0.13215	0.1951
2297	0.12876	0.1319	0.19475
2298	0.12885	0.13174	0.19493
2299	0.12853	0.13118	0.19463
2300	0.1282	0.13065	0.19384
2301	0.12807	0.13026	0.19305
2302	0.12791	0.12972	0.19234
2303	0.12749	0.12904	0.1914
2304	0.12689	0.12831	0.19029
2305	0.1264	0.12763	0.18951
2306	0.12604	0.12701	0.18905
2307	0.12552	0.12648	0.18849
2308	0.12492	0.12604	0.18766
2309	0.12457	0.12572	0.18668
2310	0.12432	0.12546	0.18565
2311	0.12398	0.12509	0.18464
2312	0.12394	0.12482	0.18398
2313	0.12438	0.12489	0.18381
2314	0.12479	0.12485	0.18361
2315	0.1247	0.12409	0.18283
2316	0.12438	0.123	0.18172
2317	0.1242	0.12235	0.18088
2318	0.12397	0.12198	0.18035
2319	0.12356	0.1214	0.17963
2320	0.12322	0.12079	0.17862
2321	0.12314	0.12051	0.17761
2322	0.12317	0.12027	0.17661
2323	0.12319	0.11976	0.1755
2324	0.12324	0.1192	0.17453
2325	0.12314	0.11877	0.17394
2326	0.12278	0.11827	0.17352
2327	0.12236	0.11754	0.17297
2328	0.12186	0.11704	0.17251
2329	0.12112	0.11702	0.17243
2330	0.12022	0.11696	0.17235
2331	0.11967	0.1168	0.17211
2332	0.11957	0.117	0.17224
2333	0.1196	0.11751	0.17288
2334	0.11936	0.11776	0.17311
2335	0.1187	0.11767	0.17256
2336	0.11799	0.11779	0.17211
2337	0.11718	0.1182	0.17213
2338	0.1163	0.11874	0.17254
2339	0.11549	0.11903	0.17293
2340	0.11488	0.11919	0.1731
2341	0.1144	0.1196	0.17333
2342	0.11391	0.12014	0.1736
2343	0.11357	0.12053	0.17392
2344	0.11361	0.12082	0.17426
2345	0.11384	0.12127	0.1745
2346	0.11374	0.12134	0.1748
2347	0.11352	0.1209	0.17528
2348	0.11364	0.12082	0.17579
2349	0.1138	0.12099	0.1759
2350	0.11375	0.12047	0.17561
2351	0.11345	0.11923	0.17536
2352	0.11299	0.11832	0.17515
2353	0.1128	0.11837	0.17479
2354	0.1132	0.11858	0.17443
2355	0.11367	0.11823	0.174
2356	0.11395	0.1179	0.17377
2357	0.11432	0.11783	0.17376
2358	0.11456	0.11718	0.17315
2359	0.11432	0.11588	0.17187
2360	0.1137	0.11457	0.17046
2361	0.11312	0.1133	0.16935
2362	0.11262	0.11203	0.16847
2363	0.11221	0.11119	0.16741
2364	0.11175	0.11076	0.16632
2365	0.11108	0.11021	0.16565
2366	0.11034	0.1099	0.16529
2367	0.10971	0.11018	0.16474
2368	0.10907	0.11033	0.16374
2369	0.10829	0.10983	0.16245
2370	0.10737	0.10931	0.16149
2371	0.10617	0.10921	0.16092
2372	0.10481	0.10911	0.1602
2373	0.10383	0.1087	0.15926
2374	0.10346	0.10791	0.15872
2375	0.10325	0.10714	0.15863
2376	0.10316	0.10737	0.15837
2377	0.10333	0.10814	0.15764
2378	0.10347	0.10797	0.15639
2379	0.10366	0.10696	0.15515
2380	0.10392	0.1063	0.15434
2381	0.10367	0.10593	0.15359
2382	0.10346	0.10518	0.15305
2383	0.10389	0.10462	0.1528
2384	0.10399	0.10438	0.15192
2385	0.1034	0.1037	0.15066
2386	0.10288	0.10251	0.15021
2387	0.10239	0.10148	0.14999
2388	0.10154	0.101	0.14867
2389	0.1009	0.10083	0.14703
2390	0.10063	0.10026	0.14557
2391	0.099833	0.099107	0.14352
2392	0.098976	0.098227	0.14137
2393	0.098473	0.097749	0.13928
2394	0.097956	0.09708	0.13708
2395	0.097258	0.096214	0.13538
2396	0.096703	0.09551	0.13455
2397	0.09655	0.095169	0.13451
2398	0.095932	0.094449	0.13393
2399	0.09464	0.093306	0.1325
2400	0.093002	0.09243	0.13169
2401	0.091301	0.091843	0.13185
2402	0.090164	0.091555	0.13167
2403	0.089604	0.091221	0.13091
2404	0.089199	0.090654	0.13072
2405	0.088503	0.090291	0.13112
2406	0.08804	0.090765	0.1318
2407	0.088616	0.091576	0.13262
2408	0.089475	0.091313	0.13264
2409	0.090049	0.090266	0.13203
2410	0.090987	0.08979	0.13172
2411	0.09235	0.090185	0.13147
2412	0.093095	0.090102	0.13032
2413	0.093083	0.088634	0.12862
2414	0.09268	0.086237	0.12669
2415	0.091891	0.084191	0.12477
2416	0.090655	0.083443	0.12375
2417	0.089593	0.083213	0.12328
2418	0.089401	0.082514	0.1224
2419	0.08872	0.081435	0.12029
2420	0.086832	0.079902	0.11701
2421	0.085095	0.078218	0.11411
2422	0.084378	0.077371	0.11295
2423	0.083653	0.077055	0.112
2424	0.081877	0.075514	0.10895
2425	0.080062	0.073183	0.10527
2426	0.078842	0.071856	0.10342
2427	0.077827	0.07171	0.10331
2428	0.076484	0.071605	0.10306
2429	0.074852	0.071031	0.10219
2430	0.073658	0.07002	0.10197
2431	0.072915	0.06899	0.10267
2432	0.072171	0.068512	0.10388
2433	0.071146	0.068055	0.10489
2434	0.069879	0.067331	0.10498
2435	0.069053	0.067579	0.10552
2436	0.068587	0.06887	0.10744
2437	0.06824	0.069966	0.10906
2438	0.068327	0.070468	0.1093
2439	0.068905	0.071651	0.1099
2440	0.0693	0.074435	0.11183
2441	0.068997	0.077105	0.11326
2442	0.069152	0.078453	0.11345
2443	0.070096	0.079054	0.11352
2444	0.070494	0.079066	0.11338
2445	0.070269	0.07907	0.11258
2446	0.069765	0.079764	0.1114
2447	0.068772	0.080846	0.11033
2448	0.067605	0.081717	0.1088
2449	0.066615	0.08213	0.10674
2450	0.065319	0.081865	0.10507
2451	0.064105	0.082208	0.10476
2452	0.064803	0.084952	0.10691
2453	0.066402	0.087318	0.10894
2454	0.06581	0.085949	0.10684
2455	0.063718	0.083777	0.10276
2456	0.061951	0.082941	0.099998
2457	0.060177	0.081849	0.098374
2458	0.057698	0.079441	0.096761
2459	0.054961	0.076268	0.094342
2460	0.052706	0.072933	0.091202
2461	0.050941	0.070323	0.089403
2462	0.049532	0.068842	0.089849
2463	0.049645	0.068242	0.090394
2464	0.051397	0.067821	0.090087
2465	0.0521	0.066113	0.088982
2466	0.051386	0.063932	0.087119
2467	0.052412	0.064335	0.087702
2468	0.05626	0.067588	0.09177
2469	0.059061	0.070328	0.093412
2470	0.060398	0.072618	0.091717
2471	0.061127	0.074331	0.089862
2472	0.061158	0.07479	0.088477
2473	0.061649	0.07468	0.0873
2474	0.062567	0.073985	0.086002
2475	0.064237	0.074622	0.08683
2476	0.06632	0.076489	0.090417
2477	0.068897	0.077972	0.09465
2478	0.07229	0.079315	0.098305
2479	0.071859	0.07811	0.096777
2480	0.068713	0.07567	0.090951
