*Name: Beech mid
Type: Leaf Spectrum

Origin: Remote Sensing Laboratories, University of Zurich

Description: abaxial reflectance, adaxial reflectance, and adaxial transmittance

Measurement: Hemispherical Conical Reflectance Factor HCRF measured by ASD Integrating Sphere

Wavelength [nm]	abaxial Reflectance [0 1]	adaxial Reflectance [0 1]	adaxial Transmittance [0 1]
370	0.0056537	0.0056807	-6.6504e-06
371	0.0085191	0.0085364	-0.00021664
372	0.010316	0.010222	-0.0020508
373	0.012959	0.012606	-0.0022756
374	0.015698	0.015042	-0.0014781
375	0.017876	0.016972	-0.0004396
376	0.019483	0.0185	-0.00028375
377	0.020672	0.019656	0.00075604
378	0.021064	0.020061	0.0023108
379	0.02122	0.020445	0.0031673
380	0.021671	0.021104	0.0067841
381	0.02161	0.021129	0.0073223
382	0.021564	0.02115	0.0064385
383	0.022077	0.02186	0.0069222
384	0.022426	0.022475	0.0070537
385	0.021976	0.022209	0.0056505
386	0.021088	0.021181	0.0034548
387	0.021901	0.021779	0.0038624
388	0.022615	0.022377	0.0043733
389	0.022933	0.022698	0.004269
390	0.023582	0.023376	0.0041646
391	0.024304	0.02411	0.0048933
392	0.024662	0.024545	0.0048944
393	0.025365	0.025191	0.0053681
394	0.026168	0.025827	0.0069878
395	0.026617	0.026113	0.0080721
396	0.026823	0.026212	0.0086175
397	0.026923	0.026283	0.0088092
398	0.027017	0.026416	0.0086325
399	0.027172	0.026584	0.0085087
400	0.027101	0.026448	0.0078644
401	0.027155	0.026617	0.0071457
402	0.027016	0.02666	0.0061751
403	0.026697	0.026477	0.0053353
404	0.026409	0.026269	0.0047069
405	0.025896	0.025873	0.0035822
406	0.025551	0.025579	0.0027479
407	0.025987	0.025887	0.0033839
408	0.02596	0.025766	0.0033248
409	0.025754	0.025485	0.0030203
410	0.025843	0.025566	0.0033095
411	0.026078	0.025803	0.0037814
412	0.026421	0.026171	0.0044986
413	0.026907	0.026725	0.0052215
414	0.027084	0.026996	0.0051891
415	0.027283	0.027289	0.0051989
416	0.027504	0.027558	0.0054823
417	0.027506	0.027572	0.0054728
418	0.027399	0.027472	0.0052635
419	0.027388	0.027446	0.0052402
420	0.027489	0.027519	0.0053853
421	0.027665	0.027644	0.0054379
422	0.027656	0.027578	0.0051762
423	0.027642	0.027554	0.0052117
424	0.02782	0.027762	0.0056542
425	0.027916	0.027861	0.0058653
426	0.027998	0.027949	0.0058826
427	0.028252	0.028223	0.0058902
428	0.02843	0.028406	0.0059532
429	0.028599	0.028561	0.0061711
430	0.028659	0.028612	0.0062535
431	0.02857	0.028545	0.005987
432	0.028646	0.028634	0.0061248
433	0.028843	0.028832	0.0064635
434	0.029022	0.029019	0.006752
435	0.029158	0.029155	0.0068697
436	0.029358	0.029359	0.0071999
437	0.029522	0.029536	0.007721
438	0.029686	0.029697	0.0081745
439	0.029788	0.029809	0.0085306
440	0.029819	0.029854	0.0086697
441	0.029851	0.029886	0.0086139
442	0.029842	0.029858	0.0085484
443	0.029811	0.029806	0.0085844
444	0.029672	0.029666	0.0084431
445	0.029536	0.029525	0.0082952
446	0.029459	0.029426	0.0081527
447	0.029471	0.029426	0.0080871
448	0.02954	0.029487	0.008139
449	0.029658	0.029585	0.0082486
450	0.029758	0.029666	0.0083239
451	0.029802	0.029703	0.0084368
452	0.029954	0.029869	0.0087996
453	0.030161	0.030093	0.0092465
454	0.030299	0.030255	0.0094356
455	0.030344	0.030323	0.0094179
456	0.030366	0.03037	0.0094423
457	0.030476	0.03049	0.0096671
458	0.030535	0.030556	0.0097227
459	0.030557	0.030575	0.0096737
460	0.030545	0.030571	0.0096103
461	0.030545	0.030579	0.0095623
462	0.030546	0.030565	0.0095028
463	0.030548	0.030551	0.0094798
464	0.030521	0.030527	0.0094335
465	0.030515	0.030528	0.0095142
466	0.030534	0.030548	0.0096992
467	0.030631	0.030639	0.0099225
468	0.03072	0.030732	0.010042
469	0.030797	0.030813	0.010144
470	0.030891	0.03089	0.010215
471	0.031054	0.031028	0.010373
472	0.03117	0.03114	0.010472
473	0.031245	0.03123	0.010558
474	0.03126	0.031244	0.010568
475	0.031321	0.031276	0.010593
476	0.031472	0.031413	0.010765
477	0.031564	0.031511	0.010868
478	0.031561	0.031519	0.010848
479	0.031504	0.031459	0.010809
480	0.031486	0.031443	0.01085
481	0.031509	0.031469	0.010905
482	0.031503	0.031469	0.010938
483	0.031514	0.031475	0.010993
484	0.031566	0.031509	0.011044
485	0.031639	0.031576	0.011153
486	0.031676	0.031615	0.011218
487	0.031727	0.031656	0.011315
488	0.031768	0.031666	0.011342
489	0.031863	0.03175	0.011417
490	0.03207	0.031978	0.011715
491	0.032172	0.032096	0.011797
492	0.032207	0.032132	0.011749
493	0.032244	0.032178	0.011761
494	0.032326	0.032278	0.011871
495	0.032419	0.032375	0.012022
496	0.032567	0.032505	0.012243
497	0.03273	0.03265	0.012529
498	0.03289	0.032795	0.0128
499	0.033042	0.032928	0.013036
500	0.033204	0.033078	0.013289
501	0.033395	0.033261	0.013637
502	0.033565	0.033441	0.013991
503	0.033785	0.033683	0.014438
504	0.034132	0.034054	0.015066
505	0.034477	0.034412	0.015579
506	0.034788	0.034749	0.016073
507	0.035139	0.035134	0.016684
508	0.035541	0.03556	0.01735
509	0.036015	0.036051	0.01809
510	0.036497	0.036543	0.018853
511	0.036954	0.037023	0.019645
512	0.037448	0.037533	0.020487
513	0.03804	0.038133	0.021428
514	0.038658	0.038757	0.022398
515	0.039248	0.039353	0.023358
516	0.039871	0.039976	0.02442
517	0.040624	0.040727	0.02567
518	0.041477	0.04158	0.027037
519	0.042319	0.042435	0.028399
520	0.043177	0.04332	0.029853
521	0.044107	0.044271	0.031401
522	0.045086	0.045265	0.033003
523	0.04607	0.046271	0.034588
524	0.047013	0.047236	0.036161
525	0.047957	0.048197	0.037773
526	0.048915	0.049165	0.039344
527	0.049894	0.050144	0.040865
528	0.050817	0.051061	0.042271
529	0.051697	0.051942	0.043661
530	0.052571	0.052816	0.04506
531	0.053439	0.053688	0.046423
532	0.05424	0.054495	0.047677
533	0.054983	0.055243	0.048818
534	0.055718	0.055984	0.049954
535	0.05639	0.056666	0.050994
536	0.05695	0.057233	0.051884
537	0.057428	0.057729	0.052665
538	0.057854	0.058171	0.053411
539	0.058204	0.058534	0.054048
540	0.058494	0.058827	0.054536
541	0.058746	0.059077	0.054966
542	0.058998	0.059334	0.055429
543	0.05922	0.059568	0.055873
544	0.059448	0.059799	0.056287
545	0.059718	0.060066	0.056757
546	0.059984	0.060331	0.057233
547	0.060268	0.060616	0.057708
548	0.060543	0.060897	0.058155
549	0.060811	0.061178	0.058619
550	0.061047	0.061422	0.05906
551	0.061275	0.061663	0.059486
552	0.061467	0.06187	0.059858
553	0.061596	0.062009	0.060111
554	0.061687	0.062103	0.060291
555	0.06175	0.062179	0.060455
556	0.061774	0.062216	0.060568
557	0.061718	0.062165	0.060556
558	0.061617	0.062068	0.060501
559	0.061469	0.061914	0.060389
560	0.061231	0.061668	0.060137
561	0.060947	0.061375	0.059781
562	0.060634	0.061056	0.05936
563	0.060295	0.060716	0.058922
564	0.059901	0.060321	0.058408
565	0.059434	0.059849	0.057775
566	0.058929	0.059338	0.057051
567	0.058397	0.058795	0.056236
568	0.057815	0.05821	0.055348
569	0.057191	0.057595	0.054434
570	0.056537	0.056944	0.053472
571	0.055876	0.056284	0.052503
572	0.055186	0.055598	0.051495
573	0.054499	0.054906	0.050462
574	0.053848	0.054244	0.049437
575	0.053237	0.05362	0.048446
576	0.052673	0.053047	0.047544
577	0.052147	0.052513	0.046727
578	0.051632	0.051986	0.045907
579	0.051129	0.051467	0.045071
580	0.050682	0.051003	0.044291
581	0.05029	0.050599	0.043613
582	0.049878	0.050181	0.042929
583	0.049478	0.049779	0.042277
584	0.049122	0.049418	0.04169
585	0.048803	0.049096	0.041157
586	0.048492	0.048784	0.040634
587	0.048218	0.048498	0.040156
588	0.047946	0.048203	0.039676
589	0.047712	0.047953	0.039258
590	0.047535	0.047771	0.038945
591	0.047385	0.047614	0.038687
592	0.047235	0.047459	0.038413
593	0.047103	0.047324	0.038165
594	0.047004	0.047223	0.037978
595	0.046936	0.047154	0.037853
596	0.046838	0.047059	0.037685
597	0.046743	0.046969	0.037541
598	0.046653	0.04688	0.037407
599	0.046557	0.046786	0.037275
600	0.046452	0.046679	0.037137
601	0.046335	0.046557	0.03696
602	0.046198	0.046415	0.036729
603	0.046095	0.046314	0.036528
604	0.046003	0.046222	0.036358
605	0.045903	0.046117	0.036187
606	0.045787	0.046	0.035983
607	0.045651	0.045861	0.035745
608	0.045512	0.045722	0.035486
609	0.045379	0.045591	0.035224
610	0.045244	0.045457	0.034959
611	0.045056	0.045268	0.034629
612	0.044845	0.04505	0.034246
613	0.044645	0.044841	0.033859
614	0.044434	0.044621	0.033455
615	0.044214	0.044392	0.033006
616	0.043986	0.044152	0.032535
617	0.043758	0.04391	0.032091
618	0.043534	0.043672	0.031681
619	0.043327	0.043456	0.031292
620	0.043139	0.043264	0.030922
621	0.042934	0.043064	0.030537
622	0.042759	0.042899	0.030199
623	0.042647	0.042793	0.029964
624	0.042569	0.042711	0.029787
625	0.042493	0.042628	0.029625
626	0.042459	0.042585	0.029512
627	0.04244	0.042557	0.029417
628	0.042409	0.042519	0.029329
629	0.042388	0.042493	0.029261
630	0.042401	0.042504	0.029269
631	0.04243	0.042528	0.029318
632	0.042448	0.042545	0.029345
633	0.042435	0.04254	0.029316
634	0.042391	0.042502	0.029236
635	0.042304	0.042424	0.029098
636	0.042229	0.042352	0.028956
637	0.042142	0.042266	0.028789
638	0.042029	0.042149	0.028563
639	0.041897	0.042014	0.028296
640	0.041697	0.041815	0.027936
641	0.041465	0.04158	0.027521
642	0.041232	0.041343	0.027095
643	0.041011	0.041117	0.026642
644	0.040809	0.040911	0.0262
645	0.040595	0.040687	0.025705
646	0.040355	0.040435	0.025142
647	0.040107	0.040176	0.024583
648	0.039883	0.039933	0.024067
649	0.039696	0.039727	0.023592
650	0.039521	0.039531	0.023156
651	0.039341	0.039336	0.022749
652	0.039184	0.039168	0.022397
653	0.039071	0.039044	0.022132
654	0.038943	0.038909	0.021869
655	0.038845	0.038808	0.021645
656	0.038793	0.038756	0.021468
657	0.038735	0.038701	0.021253
658	0.038664	0.038637	0.021017
659	0.038587	0.038571	0.020749
660	0.038482	0.038473	0.020418
661	0.038367	0.03836	0.020066
662	0.038246	0.038233	0.019662
663	0.03812	0.038104	0.019256
664	0.037973	0.037951	0.01882
665	0.037824	0.037793	0.018348
666	0.037682	0.037639	0.017857
667	0.03759	0.037534	0.017416
668	0.037517	0.037456	0.016987
669	0.037483	0.037416	0.016605
670	0.03751	0.037441	0.016317
671	0.03755	0.03748	0.016047
672	0.037606	0.037539	0.015793
673	0.037695	0.037636	0.015598
674	0.037776	0.037719	0.015398
675	0.037854	0.037794	0.015182
676	0.037984	0.037919	0.015047
677	0.038127	0.038064	0.014961
678	0.038258	0.038197	0.014843
679	0.038397	0.038333	0.014715
680	0.038553	0.038484	0.014608
681	0.038752	0.038682	0.014565
682	0.038987	0.038912	0.014575
683	0.039268	0.039188	0.014693
684	0.039602	0.039524	0.01495
685	0.039977	0.039898	0.015326
686	0.040386	0.040308	0.01582
687	0.040855	0.040782	0.0165
688	0.041379	0.041311	0.017351
689	0.041947	0.041889	0.018383
690	0.042633	0.042589	0.019699
691	0.043417	0.043394	0.021267
692	0.044333	0.044338	0.023143
693	0.045427	0.04546	0.025366
694	0.046721	0.046785	0.027962
695	0.048238	0.048338	0.030946
696	0.049991	0.050126	0.034325
697	0.052022	0.052197	0.038159
698	0.054344	0.054556	0.042423
699	0.056952	0.057201	0.047098
700	0.059834	0.060125	0.05213
701	0.062979	0.06331	0.057474
702	0.066349	0.066722	0.063066
703	0.069893	0.070312	0.068818
704	0.073618	0.074084	0.074704
705	0.077489	0.078004	0.080661
706	0.081453	0.082023	0.08664
707	0.085492	0.086117	0.092597
708	0.089596	0.090276	0.098519
709	0.093736	0.094475	0.1044
710	0.09791	0.098703	0.11022
711	0.10214	0.10298	0.116
712	0.10641	0.1073	0.12173
713	0.11071	0.11165	0.12743
714	0.11506	0.11604	0.13309
715	0.11943	0.12046	0.13872
716	0.12384	0.12492	0.14433
717	0.12829	0.12942	0.1499
718	0.13276	0.13393	0.15542
719	0.13725	0.13847	0.1609
720	0.14174	0.14301	0.16634
721	0.14624	0.14756	0.17173
722	0.15074	0.15211	0.17708
723	0.15522	0.15663	0.18237
724	0.15966	0.16112	0.18757
725	0.16406	0.16556	0.19267
726	0.1684	0.16994	0.19767
727	0.17267	0.17426	0.20255
728	0.17685	0.17847	0.20728
729	0.18091	0.18257	0.21186
730	0.18487	0.18655	0.21628
731	0.18871	0.19042	0.22054
732	0.19241	0.19415	0.22465
733	0.19599	0.19775	0.22859
734	0.19942	0.20121	0.23236
735	0.20271	0.20453	0.23596
736	0.20586	0.2077	0.2394
737	0.20885	0.21072	0.24267
738	0.21168	0.21357	0.24577
739	0.21436	0.21627	0.2487
740	0.21689	0.21883	0.25147
741	0.21928	0.22124	0.25408
742	0.22151	0.22349	0.25652
743	0.22359	0.22558	0.25879
744	0.22552	0.22753	0.2609
745	0.22734	0.22935	0.2629
746	0.22902	0.23105	0.26476
747	0.23058	0.23263	0.26649
748	0.23202	0.23408	0.26809
749	0.23334	0.23542	0.26959
750	0.23456	0.23664	0.27098
751	0.23567	0.23775	0.27225
752	0.23668	0.23877	0.27344
753	0.23759	0.23968	0.27451
754	0.23841	0.24051	0.27549
755	0.23916	0.24128	0.2764
756	0.23985	0.24197	0.27723
757	0.24046	0.2426	0.278
758	0.24103	0.24317	0.27873
759	0.24155	0.2437	0.27939
760	0.24202	0.24419	0.27998
761	0.24246	0.24464	0.28053
762	0.24284	0.24504	0.28105
763	0.24319	0.24539	0.28152
764	0.24351	0.24571	0.28196
765	0.24381	0.246	0.28239
766	0.24407	0.24626	0.2828
767	0.2443	0.24649	0.28315
768	0.24451	0.2467	0.28347
769	0.24472	0.24691	0.28379
770	0.2449	0.24709	0.2841
771	0.24506	0.24725	0.28438
772	0.24522	0.24742	0.28465
773	0.24537	0.24757	0.28488
774	0.24551	0.24772	0.28511
775	0.24564	0.24786	0.28532
776	0.24575	0.24796	0.28552
777	0.24585	0.24807	0.28573
778	0.24597	0.2482	0.28594
779	0.2461	0.24832	0.28617
780	0.2462	0.24843	0.28637
781	0.24631	0.24854	0.28656
782	0.24643	0.24865	0.28676
783	0.24655	0.24878	0.28696
784	0.24667	0.24889	0.28714
785	0.24678	0.249	0.28732
786	0.24691	0.24914	0.2875
787	0.24703	0.24926	0.28769
788	0.24714	0.24938	0.28786
789	0.24726	0.24949	0.28803
790	0.24737	0.2496	0.28822
791	0.2475	0.24973	0.28844
792	0.24762	0.24986	0.28863
793	0.24774	0.24998	0.28879
794	0.24786	0.2501	0.28897
795	0.24799	0.25023	0.28917
796	0.24814	0.25038	0.28939
797	0.24828	0.25053	0.2896
798	0.24843	0.25068	0.28981
799	0.24856	0.25083	0.29003
800	0.2487	0.25097	0.29024
801	0.24884	0.25111	0.29044
802	0.24896	0.25123	0.29063
803	0.2491	0.25137	0.29083
804	0.24925	0.25151	0.29103
805	0.24939	0.25165	0.29123
806	0.24952	0.25178	0.29138
807	0.24966	0.25192	0.29154
808	0.24981	0.25207	0.29172
809	0.24996	0.25221	0.2919
810	0.2501	0.25235	0.29208
811	0.25025	0.2525	0.29227
812	0.2504	0.25265	0.29246
813	0.25053	0.25278	0.29264
814	0.25066	0.2529	0.29279
815	0.25079	0.25303	0.29295
816	0.25091	0.25317	0.29313
817	0.25105	0.25331	0.29331
818	0.25118	0.25344	0.2935
819	0.25132	0.25359	0.29371
820	0.25146	0.25374	0.29389
821	0.2516	0.25388	0.29406
822	0.25175	0.25402	0.29424
823	0.25189	0.25416	0.29442
824	0.25204	0.2543	0.29461
825	0.25218	0.25443	0.29479
826	0.25233	0.25458	0.29496
827	0.25247	0.25472	0.2951
828	0.2526	0.25485	0.29525
829	0.25274	0.25499	0.29543
830	0.25287	0.25514	0.29561
831	0.25301	0.25528	0.2958
832	0.25313	0.25542	0.296
833	0.25328	0.25557	0.29621
834	0.25342	0.25572	0.2964
835	0.25356	0.25586	0.29657
836	0.2537	0.256	0.29672
837	0.25384	0.25614	0.29687
838	0.25396	0.25625	0.29701
839	0.25407	0.25635	0.29714
840	0.25419	0.25646	0.29727
841	0.25429	0.25656	0.2974
842	0.25441	0.25667	0.29753
843	0.25453	0.25679	0.29766
844	0.25466	0.25692	0.2978
845	0.2548	0.25706	0.29797
846	0.25494	0.25721	0.29816
847	0.2551	0.25736	0.29836
848	0.25526	0.25752	0.29855
849	0.2554	0.25765	0.2987
850	0.2555	0.25775	0.29884
851	0.25559	0.25784	0.29898
852	0.25567	0.25793	0.29912
853	0.25577	0.25801	0.29928
854	0.25586	0.2581	0.29943
855	0.25594	0.25819	0.29954
856	0.25602	0.25826	0.2996
857	0.25609	0.25835	0.29968
858	0.25619	0.25846	0.29979
859	0.25631	0.25858	0.29992
860	0.25645	0.25871	0.30007
861	0.25659	0.25885	0.30019
862	0.25672	0.25898	0.30029
863	0.25682	0.25908	0.30037
864	0.2569	0.25915	0.30047
865	0.257	0.25926	0.3006
866	0.25713	0.25938	0.30076
867	0.25725	0.25949	0.30092
868	0.25734	0.25957	0.30108
869	0.25742	0.25964	0.30121
870	0.25748	0.2597	0.30132
871	0.25754	0.25977	0.30149
872	0.25761	0.25983	0.30162
873	0.25768	0.25989	0.30174
874	0.25776	0.25998	0.30186
875	0.25784	0.26005	0.30192
876	0.25791	0.26012	0.30197
877	0.25798	0.26019	0.30202
878	0.25806	0.26028	0.3021
879	0.25817	0.2604	0.30218
880	0.25828	0.2605	0.30226
881	0.25835	0.26057	0.30232
882	0.25843	0.26066	0.30242
883	0.25852	0.26075	0.30254
884	0.25861	0.26082	0.30266
885	0.25868	0.26089	0.30278
886	0.25875	0.26095	0.3029
887	0.25883	0.26102	0.30304
888	0.25892	0.26111	0.30319
889	0.25903	0.26121	0.30332
890	0.25915	0.26131	0.30341
891	0.25924	0.26141	0.30349
892	0.25934	0.2615	0.30357
893	0.25941	0.26158	0.30364
894	0.25948	0.26166	0.30369
895	0.25954	0.26174	0.30371
896	0.25962	0.26184	0.30378
897	0.25968	0.2619	0.30384
898	0.2597	0.26193	0.30387
899	0.25973	0.26196	0.3039
900	0.25979	0.26201	0.30393
901	0.25986	0.26207	0.30399
902	0.25992	0.26212	0.30406
903	0.26002	0.26221	0.30413
904	0.26012	0.2623	0.3042
905	0.2602	0.26238	0.30428
906	0.26026	0.26244	0.30433
907	0.26035	0.26253	0.30443
908	0.26044	0.26262	0.30453
909	0.26053	0.26271	0.3046
910	0.26066	0.26283	0.30479
911	0.26076	0.26293	0.30496
912	0.26083	0.26301	0.30507
913	0.2609	0.26308	0.30513
914	0.26098	0.26317	0.30517
915	0.26105	0.26324	0.30527
916	0.2611	0.2633	0.30541
917	0.26118	0.26338	0.30548
918	0.26123	0.26343	0.30554
919	0.26128	0.26348	0.3056
920	0.26136	0.26355	0.30566
921	0.26147	0.26365	0.30579
922	0.26154	0.26372	0.30586
923	0.26158	0.26374	0.3059
924	0.26162	0.26377	0.306
925	0.26165	0.2638	0.30607
926	0.26166	0.26381	0.3061
927	0.26166	0.26381	0.3061
928	0.26169	0.26385	0.3062
929	0.26172	0.26387	0.30627
930	0.26173	0.26389	0.30631
931	0.26176	0.26393	0.30634
932	0.26187	0.26404	0.30644
933	0.26202	0.26418	0.30656
934	0.26218	0.26433	0.30667
935	0.26231	0.26447	0.30671
936	0.26231	0.26447	0.30668
937	0.26229	0.26444	0.30665
938	0.26229	0.26444	0.30665
939	0.26231	0.26445	0.30668
940	0.26231	0.26443	0.30666
941	0.2623	0.26441	0.30663
942	0.26232	0.26444	0.30666
943	0.2623	0.26443	0.30661
944	0.26227	0.26441	0.3066
945	0.26227	0.2644	0.30663
946	0.26232	0.26445	0.30663
947	0.26234	0.26447	0.30663
948	0.26234	0.26448	0.30661
949	0.26232	0.26447	0.30658
950	0.26222	0.26437	0.30647
951	0.2622	0.26435	0.30647
952	0.26221	0.26437	0.30651
953	0.26218	0.26433	0.30649
954	0.26215	0.26431	0.30645
955	0.26217	0.26431	0.30647
956	0.2622	0.26434	0.30654
957	0.26221	0.26436	0.30657
958	0.2622	0.26433	0.30653
959	0.26218	0.2643	0.3064
960	0.26218	0.26428	0.30626
961	0.26218	0.26431	0.30627
962	0.26216	0.26429	0.30625
963	0.2621	0.26424	0.30622
964	0.26202	0.26416	0.30617
965	0.26194	0.26407	0.30619
966	0.26192	0.26406	0.30624
967	0.26193	0.26407	0.30632
968	0.26197	0.26409	0.30645
969	0.26205	0.26415	0.30662
970	0.26218	0.26424	0.30684
971	0.2623	0.26434	0.30704
972	0.26239	0.2644	0.30713
973	0.26254	0.26453	0.30715
974	0.26264	0.26464	0.30726
975	0.26269	0.26472	0.30744
976	0.2627	0.26473	0.30747
977	0.26263	0.26468	0.3075
978	0.26254	0.26459	0.30747
979	0.26247	0.26449	0.30737
980	0.2625	0.26455	0.30734
981	0.26253	0.26457	0.30734
982	0.26251	0.26456	0.3073
983	0.26248	0.26453	0.30728
984	0.26249	0.2645	0.30748
985	0.26251	0.26453	0.3076
986	0.26256	0.26459	0.30764
987	0.26268	0.26472	0.30767
988	0.26285	0.26491	0.30777
989	0.26302	0.2651	0.30799
990	0.26324	0.26536	0.30828
991	0.26345	0.2656	0.30861
992	0.26362	0.2658	0.30875
993	0.26388	0.26609	0.30903
994	0.26413	0.26636	0.30936
995	0.26429	0.26648	0.30977
996	0.2644	0.26657	0.31003
997	0.26446	0.26663	0.31033
998	0.2646	0.26671	0.31064
999	0.26482	0.26684	0.31074
1000	0.26508	0.26695	0.31087
1001	0.26539	0.26713	0.31107
1002	0.26582	0.26744	0.31136
1003	0.26621	0.26774	0.31179
1004	0.26655	0.268	0.31218
1005	0.26678	0.2682	0.31249
1006	0.26688	0.26832	0.31276
1007	0.26699	0.26846	0.31323
1008	0.26696	0.26847	0.31361
1009	0.26686	0.26837	0.31389
1010	0.26682	0.26834	0.31397
1011	0.2668	0.26835	0.31408
1012	0.26686	0.26842	0.31412
1013	0.26699	0.26851	0.31409
1014	0.26717	0.26863	0.31408
1015	0.26736	0.26883	0.31408
1016	0.26754	0.26908	0.31407
1017	0.26771	0.26928	0.31403
1018	0.26783	0.26941	0.31397
1019	0.26793	0.26956	0.31399
1020	0.268	0.26975	0.31406
1021	0.268	0.2699	0.31414
1022	0.268	0.26999	0.31423
1023	0.26807	0.27004	0.31438
1024	0.2682	0.27013	0.31464
1025	0.26838	0.27025	0.31497
1026	0.26856	0.27036	0.31531
1027	0.26874	0.27045	0.3156
1028	0.26892	0.27058	0.31591
1029	0.26905	0.27074	0.31625
1030	0.26919	0.2709	0.31655
1031	0.2694	0.27103	0.31676
1032	0.26963	0.27116	0.31692
1033	0.26983	0.27133	0.31708
1034	0.26994	0.27151	0.31717
1035	0.26999	0.27162	0.31717
1036	0.27005	0.27171	0.31717
1037	0.27015	0.27184	0.31714
1038	0.27023	0.27195	0.31704
1039	0.27023	0.27201	0.31693
1040	0.27019	0.27204	0.31687
1041	0.27018	0.2721	0.31693
1042	0.27023	0.27221	0.31708
1043	0.2703	0.27233	0.3173
1044	0.27042	0.27243	0.31752
1045	0.27054	0.27249	0.31768
1046	0.27065	0.27253	0.31784
1047	0.27081	0.27261	0.31806
1048	0.27098	0.27269	0.31824
1049	0.27113	0.27276	0.31836
1050	0.27125	0.27283	0.31851
1051	0.27131	0.27289	0.31861
1052	0.27131	0.27296	0.31866
1053	0.2713	0.27305	0.31876
1054	0.27135	0.2732	0.31903
1055	0.27145	0.27339	0.31939
1056	0.27154	0.27355	0.31969
1057	0.27159	0.27365	0.3199
1058	0.27162	0.27369	0.32001
1059	0.27164	0.2737	0.32003
1060	0.27168	0.27369	0.32
1061	0.27176	0.27368	0.31999
1062	0.27189	0.27373	0.32001
1063	0.27203	0.27379	0.32008
1064	0.27217	0.27385	0.32017
1065	0.27238	0.27397	0.32022
1066	0.27261	0.27416	0.32028
1067	0.27284	0.27434	0.32044
1068	0.27305	0.27453	0.32066
1069	0.27325	0.27472	0.32082
1070	0.27342	0.27487	0.32089
1071	0.27351	0.27499	0.32091
1072	0.27356	0.27509	0.32089
1073	0.27356	0.27516	0.32087
1074	0.27354	0.27521	0.32085
1075	0.27355	0.27529	0.3209
1076	0.27363	0.27544	0.32103
1077	0.2737	0.27558	0.32113
1078	0.27377	0.27569	0.32116
1079	0.27384	0.27578	0.32116
1080	0.27388	0.27585	0.32122
1081	0.2739	0.27589	0.32132
1082	0.27394	0.27591	0.32138
1083	0.27398	0.27594	0.32142
1084	0.274	0.27599	0.32143
1085	0.274	0.27604	0.32141
1086	0.27401	0.27606	0.32134
1087	0.27405	0.27606	0.3213
1088	0.27414	0.27611	0.32133
1089	0.27427	0.27619	0.32142
1090	0.27438	0.27623	0.32149
1091	0.27444	0.27621	0.32151
1092	0.27448	0.27618	0.32152
1093	0.2745	0.27616	0.32159
1094	0.27454	0.27615	0.32176
1095	0.27457	0.27614	0.322
1096	0.27456	0.27611	0.32224
1097	0.27453	0.27612	0.32245
1098	0.2745	0.27616	0.32262
1099	0.2745	0.27619	0.32273
1100	0.27452	0.27622	0.32279
1101	0.27459	0.27629	0.32286
1102	0.27469	0.2764	0.32296
1103	0.27477	0.27649	0.32301
1104	0.27484	0.27652	0.32299
1105	0.27488	0.27655	0.32294
1106	0.27489	0.27656	0.32285
1107	0.2749	0.27655	0.32275
1108	0.27491	0.27653	0.32268
1109	0.27492	0.27653	0.32268
1110	0.27491	0.27654	0.32272
1111	0.27491	0.27657	0.32279
1112	0.27494	0.27661	0.32287
1113	0.275	0.27665	0.32296
1114	0.27506	0.27667	0.32305
1115	0.27513	0.27671	0.32316
1116	0.27519	0.27678	0.32331
1117	0.27522	0.27684	0.32343
1118	0.27521	0.27689	0.32348
1119	0.27519	0.27691	0.32345
1120	0.27512	0.27687	0.32337
1121	0.27503	0.27678	0.32325
1122	0.27498	0.27671	0.32316
1123	0.27494	0.27667	0.32312
1124	0.27494	0.27665	0.32307
1125	0.27495	0.27662	0.32298
1126	0.27492	0.27654	0.32282
1127	0.27485	0.27639	0.32259
1128	0.27476	0.27624	0.32236
1129	0.27466	0.27613	0.32218
1130	0.27455	0.27604	0.32201
1131	0.2744	0.2759	0.3218
1132	0.27421	0.27573	0.32159
1133	0.27398	0.27554	0.32145
1134	0.27373	0.27532	0.32136
1135	0.27347	0.27509	0.32129
1136	0.27326	0.2749	0.32124
1137	0.27314	0.27477	0.32123
1138	0.27304	0.27466	0.3212
1139	0.27291	0.27449	0.32111
1140	0.27271	0.27424	0.32094
1141	0.2725	0.27401	0.32079
1142	0.27228	0.27381	0.32066
1143	0.27203	0.2736	0.32049
1144	0.27174	0.27334	0.32024
1145	0.27137	0.273	0.31992
1146	0.27097	0.27264	0.31957
1147	0.27057	0.27228	0.31921
1148	0.2702	0.27192	0.31881
1149	0.26987	0.2716	0.31838
1150	0.26962	0.27138	0.31801
1151	0.26945	0.27124	0.31772
1152	0.26929	0.2711	0.31746
1153	0.26913	0.27095	0.31723
1154	0.26901	0.2708	0.31702
1155	0.26892	0.27069	0.31686
1156	0.26883	0.27058	0.31671
1157	0.26874	0.27045	0.31655
1158	0.2686	0.27027	0.31635
1159	0.26841	0.27005	0.31613
1160	0.26825	0.26982	0.31595
1161	0.26814	0.26962	0.31584
1162	0.26807	0.26948	0.3158
1163	0.26801	0.26939	0.31584
1164	0.26795	0.26934	0.31594
1165	0.26788	0.2693	0.31606
1166	0.2678	0.26926	0.31618
1167	0.26775	0.26922	0.31625
1168	0.26771	0.26919	0.31626
1169	0.26765	0.26918	0.31623
1170	0.26757	0.26917	0.31615
1171	0.26747	0.26912	0.31601
1172	0.26737	0.26906	0.31583
1173	0.26734	0.26903	0.31568
1174	0.26739	0.26902	0.31558
1175	0.26749	0.26908	0.31554
1176	0.26762	0.26919	0.31555
1177	0.26774	0.2693	0.3156
1178	0.26784	0.26941	0.31566
1179	0.26791	0.2695	0.31573
1180	0.26795	0.26957	0.31578
1181	0.26798	0.26963	0.31581
1182	0.26799	0.26967	0.31583
1183	0.26796	0.26967	0.31584
1184	0.2679	0.26962	0.31583
1185	0.26783	0.26952	0.31582
1186	0.26779	0.26941	0.31584
1187	0.2678	0.26934	0.31589
1188	0.26783	0.26932	0.31597
1189	0.26788	0.26936	0.31607
1190	0.26797	0.26944	0.31619
1191	0.26806	0.26953	0.31631
1192	0.26811	0.26959	0.31643
1193	0.26812	0.26964	0.31651
1194	0.26811	0.26969	0.31652
1195	0.26811	0.26973	0.3165
1196	0.2681	0.26976	0.31647
1197	0.26807	0.26977	0.31645
1198	0.26805	0.26977	0.31645
1199	0.26804	0.26976	0.31648
1200	0.26805	0.26976	0.31654
1201	0.26807	0.26981	0.31664
1202	0.26813	0.2699	0.31675
1203	0.26825	0.27002	0.31688
1204	0.2684	0.27013	0.31704
1205	0.26853	0.27019	0.31721
1206	0.26862	0.2702	0.31737
1207	0.26871	0.27022	0.31746
1208	0.26878	0.27023	0.31748
1209	0.26883	0.27022	0.31747
1210	0.26885	0.27021	0.31745
1211	0.2689	0.27025	0.31744
1212	0.26897	0.27032	0.31747
1213	0.26906	0.27044	0.31758
1214	0.26917	0.2706	0.31776
1215	0.26931	0.27082	0.31793
1216	0.26947	0.27105	0.31808
1217	0.26963	0.27129	0.31827
1218	0.26978	0.27149	0.31851
1219	0.26989	0.27162	0.31872
1220	0.26998	0.27171	0.31889
1221	0.27008	0.27179	0.31902
1222	0.27018	0.27186	0.31915
1223	0.27027	0.27192	0.31925
1224	0.27038	0.27198	0.31935
1225	0.2705	0.27206	0.31945
1226	0.27062	0.27216	0.31955
1227	0.27073	0.27228	0.31967
1228	0.27085	0.27244	0.31978
1229	0.27098	0.27261	0.31985
1230	0.27109	0.27277	0.31994
1231	0.27119	0.27292	0.32007
1232	0.27123	0.27303	0.32019
1233	0.27125	0.27309	0.32027
1234	0.27128	0.27315	0.32032
1235	0.27135	0.27325	0.32038
1236	0.27147	0.27337	0.3205
1237	0.27161	0.27349	0.32065
1238	0.27176	0.27361	0.32078
1239	0.2719	0.27373	0.32089
1240	0.27201	0.27384	0.321
1241	0.27213	0.27395	0.32111
1242	0.27225	0.27405	0.32124
1243	0.27236	0.27414	0.32138
1244	0.27247	0.27419	0.32152
1245	0.27255	0.27422	0.32162
1246	0.27258	0.27422	0.32166
1247	0.27256	0.27418	0.32166
1248	0.27253	0.27413	0.3216
1249	0.27251	0.27409	0.32155
1250	0.27253	0.27408	0.32154
1251	0.27261	0.27411	0.32157
1252	0.27274	0.27418	0.32162
1253	0.27289	0.2743	0.3217
1254	0.27307	0.27445	0.32183
1255	0.27324	0.27462	0.32202
1256	0.27342	0.27482	0.32226
1257	0.2736	0.27503	0.32253
1258	0.27376	0.27523	0.3228
1259	0.27392	0.27542	0.32301
1260	0.27403	0.27559	0.32314
1261	0.27409	0.27571	0.32321
1262	0.27411	0.2758	0.32324
1263	0.27414	0.2759	0.32325
1264	0.2742	0.27601	0.32325
1265	0.27431	0.27611	0.32324
1266	0.2744	0.27618	0.32321
1267	0.27446	0.27622	0.32318
1268	0.27447	0.27619	0.32316
1269	0.27444	0.27612	0.32315
1270	0.27438	0.27604	0.32311
1271	0.27431	0.27594	0.32309
1272	0.27424	0.27586	0.32309
1273	0.27422	0.2758	0.3231
1274	0.27423	0.27577	0.32314
1275	0.27425	0.27577	0.32323
1276	0.27432	0.27585	0.32335
1277	0.27443	0.276	0.32349
1278	0.27455	0.27616	0.32367
1279	0.27466	0.27628	0.32384
1280	0.27472	0.27635	0.32398
1281	0.27473	0.27637	0.32409
1282	0.2747	0.27633	0.32413
1283	0.27464	0.27625	0.32407
1284	0.27456	0.27615	0.32399
1285	0.27447	0.27603	0.32397
1286	0.27438	0.27592	0.32396
1287	0.27431	0.27582	0.32391
1288	0.27427	0.27574	0.32385
1289	0.27424	0.27569	0.32381
1290	0.27421	0.27567	0.32377
1291	0.27415	0.27564	0.32374
1292	0.27406	0.27561	0.32375
1293	0.27399	0.2756	0.32375
1294	0.27391	0.27559	0.32375
1295	0.27384	0.27558	0.32373
1296	0.27378	0.27555	0.32367
1297	0.27372	0.27553	0.32361
1298	0.27368	0.27551	0.32358
1299	0.27365	0.27549	0.32356
1300	0.27364	0.27548	0.3235
1301	0.27363	0.27547	0.32345
1302	0.27359	0.27543	0.32341
1303	0.27349	0.27533	0.32333
1304	0.27333	0.27516	0.32321
1305	0.27316	0.27497	0.32305
1306	0.27301	0.27478	0.32289
1307	0.27291	0.27461	0.32276
1308	0.27282	0.27446	0.32265
1309	0.27274	0.2743	0.32254
1310	0.27266	0.27414	0.3224
1311	0.27258	0.274	0.32222
1312	0.27249	0.27387	0.32203
1313	0.27237	0.27373	0.32185
1314	0.27221	0.27358	0.32167
1315	0.27197	0.27339	0.32146
1316	0.27166	0.27312	0.32118
1317	0.27127	0.27275	0.32082
1318	0.27087	0.27235	0.32049
1319	0.27049	0.27197	0.32018
1320	0.27014	0.27164	0.31992
1321	0.26982	0.27136	0.31972
1322	0.26952	0.27107	0.31955
1323	0.26923	0.27078	0.31937
1324	0.26894	0.27048	0.31917
1325	0.26865	0.2702	0.31893
1326	0.26834	0.26987	0.31865
1327	0.26802	0.2695	0.31831
1328	0.26774	0.26915	0.31799
1329	0.26747	0.2688	0.31764
1330	0.26718	0.26842	0.31722
1331	0.26688	0.26806	0.31678
1332	0.26658	0.26772	0.31634
1333	0.26628	0.26743	0.31589
1334	0.26599	0.2672	0.31549
1335	0.2657	0.26697	0.31512
1336	0.2654	0.26672	0.31478
1337	0.26505	0.26643	0.31446
1338	0.26463	0.26609	0.31414
1339	0.26416	0.26567	0.31381
1340	0.26368	0.26521	0.31348
1341	0.26322	0.26476	0.31316
1342	0.26284	0.26438	0.3129
1343	0.26252	0.26403	0.31263
1344	0.26221	0.26367	0.31229
1345	0.26191	0.26332	0.3119
1346	0.2616	0.26297	0.31147
1347	0.26127	0.26259	0.31104
1348	0.26095	0.26222	0.31064
1349	0.26066	0.26188	0.31025
1350	0.26038	0.26155	0.30987
1351	0.26007	0.26121	0.30955
1352	0.25972	0.26085	0.30927
1353	0.25934	0.26049	0.30903
1354	0.25895	0.26015	0.3088
1355	0.25855	0.25982	0.30852
1356	0.25818	0.2595	0.30822
1357	0.25784	0.25919	0.30793
1358	0.2575	0.25888	0.30764
1359	0.25714	0.25856	0.30734
1360	0.25674	0.25821	0.30701
1361	0.25627	0.25777	0.30665
1362	0.25578	0.25729	0.30625
1363	0.25531	0.2568	0.30584
1364	0.25484	0.25628	0.30545
1365	0.25435	0.25574	0.30508
1366	0.25384	0.2552	0.30466
1367	0.2533	0.25465	0.30415
1368	0.25275	0.25407	0.30355
1369	0.25217	0.25345	0.30286
1370	0.25156	0.25279	0.30214
1371	0.25093	0.25211	0.3014
1372	0.25025	0.25143	0.30057
1373	0.2495	0.25071	0.29966
1374	0.24869	0.24991	0.29872
1375	0.24777	0.24898	0.29771
1376	0.24676	0.24797	0.29663
1377	0.24567	0.24687	0.29548
1378	0.24451	0.24569	0.29429
1379	0.24325	0.24444	0.29299
1380	0.24189	0.2431	0.29157
1381	0.24042	0.24164	0.29003
1382	0.23886	0.24006	0.28839
1383	0.23718	0.23834	0.28665
1384	0.23541	0.23653	0.2848
1385	0.23352	0.23464	0.28281
1386	0.23156	0.23267	0.28067
1387	0.2295	0.23061	0.27841
1388	0.22735	0.22842	0.27609
1389	0.22504	0.22611	0.27361
1390	0.22265	0.22371	0.27097
1391	0.22021	0.22124	0.26821
1392	0.21772	0.21869	0.26536
1393	0.21516	0.21608	0.26242
1394	0.21253	0.21342	0.25942
1395	0.20982	0.2107	0.25637
1396	0.20706	0.20794	0.25328
1397	0.20425	0.20513	0.25012
1398	0.20143	0.20232	0.24691
1399	0.19863	0.19953	0.24368
1400	0.19586	0.19675	0.24045
1401	0.19312	0.19399	0.23725
1402	0.1904	0.19124	0.23409
1403	0.1877	0.18851	0.23092
1404	0.1851	0.18587	0.2278
1405	0.18258	0.18328	0.22478
1406	0.18015	0.18077	0.22189
1407	0.17785	0.17839	0.21918
1408	0.17563	0.17613	0.21662
1409	0.17349	0.17395	0.21415
1410	0.17143	0.17183	0.21172
1411	0.16941	0.16978	0.20931
1412	0.16748	0.16782	0.20698
1413	0.16565	0.16597	0.20473
1414	0.16392	0.16422	0.20255
1415	0.16229	0.1626	0.2005
1416	0.16075	0.16109	0.19855
1417	0.15924	0.15962	0.19666
1418	0.15782	0.15823	0.19489
1419	0.15651	0.15695	0.19326
1420	0.15533	0.15581	0.19179
1421	0.15429	0.15478	0.19047
1422	0.15332	0.15382	0.18923
1423	0.15239	0.15285	0.188
1424	0.15148	0.15191	0.18683
1425	0.15062	0.15101	0.18573
1426	0.14984	0.15022	0.18474
1427	0.14913	0.14948	0.18383
1428	0.14846	0.14878	0.18299
1429	0.14783	0.14813	0.18222
1430	0.14721	0.14751	0.18151
1431	0.14661	0.14689	0.18081
1432	0.14604	0.14632	0.18015
1433	0.14554	0.14583	0.17956
1434	0.1451	0.14542	0.17906
1435	0.14472	0.14505	0.17862
1436	0.14437	0.14471	0.17825
1437	0.14405	0.14438	0.17791
1438	0.14376	0.14409	0.17762
1439	0.14354	0.14387	0.17741
1440	0.14336	0.1437	0.17725
1441	0.1432	0.14354	0.17711
1442	0.1431	0.1434	0.17701
1443	0.14302	0.1433	0.17692
1444	0.14294	0.14322	0.17681
1445	0.14284	0.14312	0.17665
1446	0.14269	0.14295	0.17644
1447	0.14254	0.14276	0.17621
1448	0.14241	0.1426	0.17602
1449	0.14233	0.14249	0.17589
1450	0.14228	0.14243	0.17582
1451	0.14236	0.14259	0.17603
1452	0.14239	0.14261	0.17609
1453	0.14244	0.14265	0.17615
1454	0.1425	0.1427	0.17623
1455	0.14257	0.14277	0.17634
1456	0.14265	0.14285	0.17646
1457	0.14275	0.14295	0.17661
1458	0.14289	0.14308	0.17681
1459	0.14306	0.14324	0.17706
1460	0.14325	0.14344	0.17733
1461	0.14347	0.14365	0.17765
1462	0.14372	0.1439	0.178
1463	0.144	0.14418	0.1784
1464	0.1443	0.14448	0.17881
1465	0.14462	0.14481	0.17925
1466	0.14496	0.14516	0.17974
1467	0.14533	0.14554	0.18027
1468	0.14571	0.14594	0.18082
1469	0.1461	0.14636	0.18138
1470	0.14651	0.14678	0.18195
1471	0.14693	0.14721	0.18254
1472	0.14739	0.14768	0.18317
1473	0.14788	0.1482	0.18385
1474	0.1484	0.14874	0.18456
1475	0.14895	0.1493	0.1853
1476	0.14952	0.14989	0.18609
1477	0.15012	0.1505	0.18691
1478	0.15073	0.15113	0.18774
1479	0.15135	0.15177	0.18857
1480	0.15199	0.15244	0.18942
1481	0.15265	0.15313	0.19031
1482	0.15333	0.15383	0.1912
1483	0.15401	0.15454	0.1921
1484	0.15471	0.15525	0.193
1485	0.15542	0.15598	0.19393
1486	0.15615	0.15671	0.19486
1487	0.15688	0.15746	0.1958
1488	0.15762	0.15822	0.19676
1489	0.15837	0.15899	0.19773
1490	0.15912	0.15977	0.19871
1491	0.15989	0.16057	0.1997
1492	0.16066	0.16136	0.20069
1493	0.16144	0.16215	0.20168
1494	0.16223	0.16295	0.20267
1495	0.16303	0.16375	0.20366
1496	0.16381	0.16455	0.20464
1497	0.1646	0.16533	0.20562
1498	0.16539	0.16612	0.2066
1499	0.16617	0.1669	0.20757
1500	0.16694	0.16766	0.20852
1501	0.1677	0.16842	0.20949
1502	0.16845	0.16917	0.21044
1503	0.1692	0.16992	0.21138
1504	0.16995	0.17067	0.21232
1505	0.17072	0.17142	0.21327
1506	0.1715	0.17218	0.21422
1507	0.17228	0.17294	0.21517
1508	0.17304	0.1737	0.21612
1509	0.1738	0.17443	0.21706
1510	0.17456	0.17516	0.21802
1511	0.17533	0.17591	0.21898
1512	0.17609	0.17668	0.21995
1513	0.17685	0.17744	0.22091
1514	0.1776	0.17819	0.22185
1515	0.17834	0.17894	0.22277
1516	0.17907	0.17967	0.22367
1517	0.17978	0.18039	0.22456
1518	0.18049	0.18111	0.22543
1519	0.18121	0.18184	0.2263
1520	0.18192	0.18256	0.22715
1521	0.18262	0.18328	0.22801
1522	0.18333	0.184	0.22887
1523	0.18403	0.18472	0.22973
1524	0.18473	0.18545	0.23058
1525	0.18543	0.18617	0.2314
1526	0.18612	0.18689	0.23221
1527	0.18682	0.18759	0.23302
1528	0.1875	0.18827	0.23382
1529	0.18816	0.18894	0.23461
1530	0.18882	0.18961	0.2354
1531	0.18947	0.19027	0.23618
1532	0.19009	0.1909	0.23695
1533	0.19072	0.19153	0.23771
1534	0.19135	0.19215	0.23847
1535	0.19196	0.19276	0.23923
1536	0.19257	0.19336	0.23998
1537	0.19317	0.19396	0.24071
1538	0.19376	0.19455	0.24142
1539	0.19435	0.19515	0.24214
1540	0.19494	0.19575	0.24286
1541	0.19552	0.19633	0.24357
1542	0.19609	0.19691	0.24426
1543	0.19664	0.19748	0.24494
1544	0.19719	0.19804	0.24561
1545	0.19775	0.19861	0.24629
1546	0.19831	0.1992	0.24697
1547	0.19889	0.19979	0.24766
1548	0.19946	0.20037	0.24834
1549	0.20002	0.20093	0.24899
1550	0.20056	0.20147	0.24961
1551	0.20109	0.20199	0.25021
1552	0.20161	0.20251	0.25079
1553	0.20214	0.20303	0.25138
1554	0.20267	0.20356	0.25197
1555	0.2032	0.20408	0.25255
1556	0.2037	0.20458	0.25313
1557	0.20419	0.20507	0.2537
1558	0.20467	0.20555	0.25425
1559	0.20514	0.20602	0.25478
1560	0.2056	0.20649	0.2553
1561	0.20606	0.20695	0.25584
1562	0.20652	0.20739	0.25638
1563	0.20698	0.20783	0.25693
1564	0.20742	0.20827	0.25747
1565	0.20784	0.20868	0.258
1566	0.20826	0.20908	0.25853
1567	0.20868	0.20947	0.25906
1568	0.20909	0.20987	0.25959
1569	0.20949	0.21026	0.26011
1570	0.2099	0.21066	0.26061
1571	0.2103	0.21106	0.26112
1572	0.2107	0.21145	0.26161
1573	0.2111	0.21184	0.26208
1574	0.21149	0.21224	0.26256
1575	0.21187	0.21264	0.26305
1576	0.21226	0.21303	0.26352
1577	0.21264	0.21343	0.26399
1578	0.21303	0.21383	0.26446
1579	0.21343	0.21425	0.26493
1580	0.21385	0.21466	0.26539
1581	0.21427	0.21507	0.26586
1582	0.2147	0.21548	0.26633
1583	0.21513	0.21588	0.26679
1584	0.21554	0.21627	0.26723
1585	0.21594	0.21666	0.26766
1586	0.21633	0.21704	0.26806
1587	0.21672	0.21744	0.26849
1588	0.21712	0.21786	0.26893
1589	0.21751	0.21827	0.26939
1590	0.21787	0.21865	0.26983
1591	0.21821	0.21902	0.27025
1592	0.21854	0.21939	0.27067
1593	0.21887	0.21974	0.27106
1594	0.2192	0.2201	0.27144
1595	0.21954	0.22046	0.27185
1596	0.21988	0.22083	0.27227
1597	0.22021	0.22118	0.2727
1598	0.22053	0.22151	0.27313
1599	0.22086	0.22185	0.27355
1600	0.2212	0.2222	0.27396
1601	0.22151	0.22253	0.27437
1602	0.22182	0.22284	0.27477
1603	0.22212	0.22315	0.27517
1604	0.22242	0.22346	0.27557
1605	0.22274	0.22378	0.27596
1606	0.22305	0.2241	0.27636
1607	0.22337	0.22441	0.27676
1608	0.22367	0.22471	0.27714
1609	0.22398	0.22503	0.27753
1610	0.2243	0.22537	0.27792
1611	0.22462	0.2257	0.27832
1612	0.22495	0.22601	0.27871
1613	0.22526	0.22633	0.2791
1614	0.22558	0.22663	0.27947
1615	0.2259	0.22694	0.27982
1616	0.22621	0.22723	0.28017
1617	0.22652	0.22752	0.28052
1618	0.22683	0.2278	0.28086
1619	0.22713	0.22808	0.28119
1620	0.22742	0.22835	0.28151
1621	0.2277	0.22861	0.2818
1622	0.22798	0.22888	0.28209
1623	0.22825	0.22916	0.28239
1624	0.2285	0.22942	0.28268
1625	0.22874	0.22965	0.28296
1626	0.22898	0.22988	0.28323
1627	0.22922	0.23011	0.2835
1628	0.22945	0.23033	0.28375
1629	0.22966	0.23055	0.284
1630	0.22987	0.23076	0.28427
1631	0.23008	0.23097	0.28454
1632	0.23028	0.23117	0.2848
1633	0.23048	0.23137	0.28504
1634	0.23068	0.23158	0.28527
1635	0.23088	0.23179	0.28549
1636	0.23104	0.23196	0.2857
1637	0.23118	0.23211	0.28591
1638	0.23132	0.23226	0.28611
1639	0.23146	0.23241	0.28631
1640	0.23161	0.23257	0.2865
1641	0.23177	0.23274	0.28668
1642	0.23192	0.23291	0.28686
1643	0.23209	0.23308	0.28704
1644	0.23226	0.23326	0.28723
1645	0.23243	0.23343	0.28742
1646	0.23257	0.23357	0.28759
1647	0.2327	0.2337	0.28778
1648	0.23282	0.23384	0.28796
1649	0.23293	0.23397	0.28812
1650	0.23303	0.23409	0.28827
1651	0.23313	0.23419	0.28843
1652	0.23322	0.23427	0.28857
1653	0.23329	0.23432	0.28869
1654	0.23332	0.23435	0.28879
1655	0.23333	0.23436	0.28886
1656	0.23335	0.23436	0.28893
1657	0.23336	0.23437	0.28898
1658	0.23337	0.23439	0.28904
1659	0.23339	0.2344	0.2891
1660	0.2334	0.2344	0.28918
1661	0.2334	0.23439	0.28927
1662	0.2334	0.23438	0.28935
1663	0.23339	0.23434	0.28942
1664	0.23337	0.23432	0.2895
1665	0.23338	0.23432	0.28959
1666	0.23339	0.23434	0.28967
1667	0.23337	0.23434	0.28972
1668	0.23334	0.23433	0.28974
1669	0.2333	0.23432	0.28976
1670	0.23325	0.23431	0.28978
1671	0.23321	0.2343	0.28981
1672	0.23318	0.23429	0.28984
1673	0.23315	0.23429	0.28986
1674	0.23313	0.23427	0.28987
1675	0.23312	0.23427	0.28988
1676	0.23312	0.23426	0.28989
1677	0.23312	0.23426	0.2899
1678	0.23313	0.23425	0.28991
1679	0.23316	0.23426	0.28991
1680	0.23319	0.23425	0.2899
1681	0.23319	0.23421	0.28989
1682	0.23318	0.23418	0.28988
1683	0.23318	0.23416	0.28987
1684	0.23317	0.23413	0.28986
1685	0.23314	0.23408	0.28986
1686	0.23308	0.234	0.28984
1687	0.23299	0.23389	0.28978
1688	0.23287	0.23376	0.28969
1689	0.23278	0.23364	0.28959
1690	0.23269	0.23353	0.2895
1691	0.23259	0.2334	0.28942
1692	0.23248	0.23328	0.28935
1693	0.23239	0.23319	0.2893
1694	0.23229	0.23308	0.28926
1695	0.23218	0.23293	0.28922
1696	0.23206	0.23278	0.28918
1697	0.23194	0.23264	0.28914
1698	0.2318	0.23249	0.2891
1699	0.23165	0.23234	0.28905
1700	0.23151	0.23219	0.289
1701	0.23137	0.23206	0.28892
1702	0.2312	0.23191	0.28883
1703	0.23101	0.23175	0.28873
1704	0.23083	0.2316	0.28863
1705	0.23068	0.23146	0.28854
1706	0.23054	0.23132	0.28844
1707	0.2304	0.23118	0.28834
1708	0.23026	0.23104	0.28823
1709	0.23012	0.2309	0.2881
1710	0.22999	0.23075	0.28795
1711	0.22986	0.23061	0.28778
1712	0.22974	0.23047	0.28761
1713	0.22962	0.23034	0.28743
1714	0.22951	0.23019	0.28725
1715	0.22939	0.23001	0.28705
1716	0.22923	0.2298	0.28684
1717	0.22904	0.22958	0.28662
1718	0.22885	0.22938	0.2864
1719	0.22865	0.22919	0.28618
1720	0.22842	0.22897	0.28595
1721	0.22816	0.2287	0.28569
1722	0.2279	0.22844	0.28539
1723	0.22766	0.22819	0.28509
1724	0.22743	0.22797	0.28483
1725	0.22721	0.22776	0.2846
1726	0.22698	0.22752	0.28436
1727	0.22673	0.22727	0.28411
1728	0.22651	0.22703	0.28389
1729	0.22631	0.2268	0.28367
1730	0.22609	0.22657	0.28346
1731	0.22587	0.22635	0.28325
1732	0.22566	0.22615	0.28306
1733	0.22546	0.22596	0.28289
1734	0.22523	0.22574	0.28273
1735	0.22502	0.22553	0.28257
1736	0.22484	0.22534	0.28243
1737	0.22465	0.22516	0.28228
1738	0.22445	0.22497	0.28212
1739	0.22425	0.22478	0.28194
1740	0.22405	0.2246	0.28173
1741	0.22385	0.22441	0.28151
1742	0.22365	0.22422	0.2813
1743	0.22347	0.22405	0.28111
1744	0.2233	0.2239	0.28095
1745	0.22311	0.22374	0.28076
1746	0.2229	0.22355	0.28053
1747	0.22269	0.22334	0.2803
1748	0.2225	0.22312	0.28009
1749	0.22227	0.22286	0.27985
1750	0.22201	0.22254	0.27957
1751	0.22171	0.22222	0.27928
1752	0.2214	0.22189	0.27899
1753	0.22108	0.22157	0.27869
1754	0.22074	0.22125	0.2784
1755	0.22038	0.22091	0.2781
1756	0.22002	0.22055	0.27778
1757	0.21969	0.22022	0.2775
1758	0.21938	0.21992	0.27724
1759	0.21908	0.2196	0.27697
1760	0.21877	0.21928	0.27671
1761	0.2185	0.21899	0.27644
1762	0.21824	0.21871	0.27615
1763	0.21798	0.21843	0.27587
1764	0.21771	0.21815	0.27561
1765	0.21748	0.21791	0.2754
1766	0.21727	0.2177	0.27521
1767	0.21702	0.21745	0.275
1768	0.21674	0.21717	0.27479
1769	0.21646	0.2169	0.27459
1770	0.21619	0.21664	0.27438
1771	0.21592	0.21639	0.27416
1772	0.21567	0.21615	0.27396
1773	0.21545	0.21596	0.27375
1774	0.21525	0.21578	0.27352
1775	0.21505	0.21562	0.27329
1776	0.21487	0.21547	0.27307
1777	0.21472	0.21534	0.2729
1778	0.21463	0.21525	0.27279
1779	0.21457	0.2152	0.27271
1780	0.2145	0.21514	0.27261
1781	0.21442	0.21504	0.27246
1782	0.21437	0.21495	0.27232
1783	0.21433	0.21487	0.27222
1784	0.21429	0.21479	0.27213
1785	0.21417	0.21461	0.27196
1786	0.21409	0.21454	0.27189
1787	0.21406	0.21458	0.27189
1788	0.21399	0.21453	0.27182
1789	0.21388	0.21444	0.2717
1790	0.21383	0.21439	0.27164
1791	0.21386	0.21441	0.27165
1792	0.21395	0.2145	0.27175
1793	0.21407	0.21468	0.27192
1794	0.21421	0.21489	0.27213
1795	0.21436	0.21505	0.27232
1796	0.21452	0.21519	0.27252
1797	0.21467	0.21534	0.27271
1798	0.21481	0.21547	0.2729
1799	0.21497	0.21562	0.27316
1800	0.2152	0.21582	0.27352
1801	0.21543	0.21605	0.27394
1802	0.21557	0.2162	0.27431
1803	0.21564	0.21631	0.27462
1804	0.21581	0.21651	0.27492
1805	0.21606	0.21679	0.2752
1806	0.21639	0.21713	0.27557
1807	0.21677	0.21751	0.276
1808	0.21709	0.2178	0.27635
1809	0.21732	0.21797	0.27659
1810	0.21745	0.21807	0.27678
1811	0.21754	0.21818	0.277
1812	0.21764	0.21832	0.27724
1813	0.21781	0.2185	0.2774
1814	0.21802	0.21869	0.27747
1815	0.21817	0.21884	0.27755
1816	0.21824	0.21892	0.27762
1817	0.2183	0.21902	0.27768
1818	0.21836	0.21917	0.27776
1819	0.2184	0.21929	0.27775
1820	0.21843	0.21935	0.27762
1821	0.21844	0.21936	0.27742
1822	0.21853	0.21949	0.27736
1823	0.21858	0.21955	0.27726
1824	0.21855	0.21946	0.27712
1825	0.21853	0.21939	0.27707
1826	0.21853	0.21938	0.27707
1827	0.2185	0.21934	0.27703
1828	0.21848	0.21934	0.27704
1829	0.21854	0.21942	0.27716
1830	0.21859	0.2194	0.27724
1831	0.21847	0.21913	0.2771
1832	0.21824	0.21875	0.27684
1833	0.2181	0.21858	0.2767
1834	0.21804	0.21855	0.27666
1835	0.21798	0.21853	0.27674
1836	0.21786	0.21845	0.27684
1837	0.21766	0.2183	0.27686
1838	0.21745	0.21815	0.27677
1839	0.21731	0.21805	0.27663
1840	0.21721	0.21795	0.27648
1841	0.21706	0.21778	0.27634
1842	0.21683	0.21751	0.27622
1843	0.21647	0.21711	0.27601
1844	0.21592	0.21656	0.27563
1845	0.21528	0.216	0.27519
1846	0.21468	0.2155	0.27476
1847	0.21416	0.21504	0.27432
1848	0.21365	0.21449	0.27374
1849	0.21303	0.21381	0.27297
1850	0.21228	0.21301	0.27214
1851	0.2115	0.21222	0.27134
1852	0.21074	0.21147	0.27046
1853	0.20992	0.21066	0.26944
1854	0.20903	0.20973	0.26829
1855	0.20809	0.20868	0.26698
1856	0.20711	0.20754	0.26556
1857	0.20604	0.20634	0.26416
1858	0.20486	0.20508	0.26278
1859	0.20356	0.20372	0.26131
1860	0.2022	0.20224	0.25973
1861	0.2008	0.20069	0.25801
1862	0.19926	0.19904	0.2561
1863	0.19763	0.19733	0.25407
1864	0.19594	0.19557	0.25198
1865	0.1941	0.19365	0.2497
1866	0.19201	0.19147	0.24706
1867	0.1897	0.18909	0.2441
1868	0.18738	0.18678	0.24112
1869	0.18506	0.1846	0.23828
1870	0.18255	0.18221	0.2353
1871	0.1798	0.17947	0.23196
1872	0.1769	0.17653	0.22827
1873	0.17384	0.17346	0.22434
1874	0.17064	0.17028	0.22024
1875	0.16732	0.16699	0.21601
1876	0.1639	0.16361	0.21166
1877	0.16039	0.16015	0.20717
1878	0.15681	0.15661	0.20253
1879	0.15318	0.15301	0.19771
1880	0.14953	0.14939	0.19275
1881	0.1459	0.14574	0.18768
1882	0.14226	0.142	0.18252
1883	0.13858	0.13819	0.17725
1884	0.13484	0.13438	0.17183
1885	0.13112	0.13062	0.16631
1886	0.12753	0.12701	0.16085
1887	0.12409	0.12353	0.15548
1888	0.12067	0.12005	0.15013
1889	0.11724	0.11657	0.14473
1890	0.11388	0.11319	0.13939
1891	0.11064	0.10996	0.13424
1892	0.1075	0.10686	0.1293
1893	0.10454	0.10391	0.12451
1894	0.10179	0.10112	0.11988
1895	0.099134	0.098376	0.11532
1896	0.096528	0.095662	0.11086
1897	0.093973	0.093064	0.10649
1898	0.091529	0.090664	0.10225
1899	0.089256	0.088451	0.098206
1900	0.087133	0.086402	0.094422
1901	0.085133	0.084501	0.09086
1902	0.083246	0.0827	0.087405
1903	0.081482	0.081017	0.084139
1904	0.079845	0.079477	0.081209
1905	0.078323	0.078052	0.078554
1906	0.076914	0.076671	0.075947
1907	0.075618	0.075319	0.073346
1908	0.074411	0.074103	0.070991
1909	0.07323	0.073018	0.068933
1910	0.072165	0.072062	0.067081
1911	0.071348	0.071294	0.065402
1912	0.070729	0.070667	0.06388
1913	0.070161	0.070059	0.062447
1914	0.069644	0.069484	0.061114
1915	0.069152	0.068975	0.05989
1916	0.06868	0.068526	0.05877
1917	0.068274	0.068129	0.057801
1918	0.067951	0.067774	0.056994
1919	0.067712	0.067495	0.056288
1920	0.06749	0.067256	0.055584
1921	0.067286	0.067016	0.054953
1922	0.067116	0.066758	0.054492
1923	0.066963	0.0665	0.054153
1924	0.066788	0.0663	0.053802
1925	0.066609	0.066148	0.05347
1926	0.066496	0.066026	0.053286
1927	0.066455	0.065932	0.053249
1928	0.066466	0.065851	0.053218
1929	0.066515	0.065772	0.053156
1930	0.066528	0.065691	0.053149
1931	0.066526	0.065633	0.053233
1932	0.066604	0.065679	0.053425
1933	0.066691	0.065795	0.053649
1934	0.066768	0.065943	0.053918
1935	0.066914	0.066156	0.054288
1936	0.067133	0.066421	0.054748
1937	0.06735	0.066627	0.055172
1938	0.067531	0.066742	0.055531
1939	0.067743	0.066883	0.055996
1940	0.068036	0.067108	0.056624
1941	0.068389	0.067382	0.057311
1942	0.06876	0.067665	0.057989
1943	0.069111	0.067955	0.058697
1944	0.069437	0.068248	0.059481
1945	0.069779	0.068566	0.060316
1946	0.070226	0.069028	0.061158
1947	0.070751	0.069599	0.06199
1948	0.071168	0.070089	0.062785
1949	0.071448	0.070461	0.063528
1950	0.071739	0.070872	0.064299
1951	0.072065	0.07136	0.065106
1952	0.072418	0.071837	0.065921
1953	0.072759	0.072208	0.06671
1954	0.073059	0.072496	0.067445
1955	0.073372	0.072788	0.068119
1956	0.073713	0.073091	0.068767
1957	0.07405	0.073428	0.069484
1958	0.074381	0.073805	0.070268
1959	0.07472	0.074177	0.071011
1960	0.075079	0.07454	0.071682
1961	0.075463	0.07489	0.072396
1962	0.075849	0.075244	0.073179
1963	0.076207	0.075608	0.073982
1964	0.076557	0.075992	0.074809
1965	0.076942	0.076423	0.075688
1966	0.077373	0.076909	0.076602
1967	0.077813	0.077412	0.077516
1968	0.078209	0.077843	0.078385
1969	0.078554	0.078205	0.079205
1970	0.078895	0.078586	0.080013
1971	0.079267	0.079006	0.080827
1972	0.079609	0.079369	0.081689
1973	0.079904	0.079643	0.082594
1974	0.080236	0.07994	0.083536
1975	0.080676	0.080364	0.08455
1976	0.081202	0.0809	0.08565
1977	0.081799	0.081489	0.086819
1978	0.08244	0.082102	0.088005
1979	0.083051	0.082687	0.089124
1980	0.083649	0.083266	0.0902
1981	0.084339	0.083968	0.091351
1982	0.085106	0.08478	0.092549
1983	0.085718	0.085493	0.09365
1984	0.086137	0.086074	0.094644
1985	0.086526	0.086613	0.095601
1986	0.086977	0.087141	0.096547
1987	0.087469	0.087641	0.097484
1988	0.088012	0.088127	0.098456
1989	0.088606	0.088601	0.099465
1990	0.089151	0.088996	0.1004
1991	0.089673	0.089363	0.10129
1992	0.090205	0.08987	0.10227
1993	0.090734	0.0905	0.10334
1994	0.091247	0.091016	0.10433
1995	0.091739	0.09137	0.10522
1996	0.09224	0.091759	0.10617
1997	0.092763	0.092281	0.10729
1998	0.093277	0.092833	0.10841
1999	0.093776	0.093342	0.10941
2000	0.094339	0.093922	0.11043
2001	0.095066	0.094699	0.11175
2002	0.095878	0.095551	0.11322
2003	0.096557	0.096203	0.1145
2004	0.097138	0.096709	0.11565
2005	0.097744	0.097285	0.11682
2006	0.098364	0.097931	0.11802
2007	0.099008	0.098601	0.11931
2008	0.099685	0.099289	0.12068
2009	0.1004	0.099981	0.12197
2010	0.10119	0.1007	0.12313
2011	0.10204	0.10149	0.12428
2012	0.10288	0.10229	0.12548
2013	0.10375	0.10311	0.1267
2014	0.10471	0.10403	0.12797
2015	0.10566	0.10499	0.12923
2016	0.10642	0.1058	0.13038
2017	0.10705	0.10649	0.13147
2018	0.10763	0.10714	0.13254
2019	0.10812	0.10776	0.13359
2020	0.10858	0.10841	0.1346
2021	0.10908	0.10904	0.13555
2022	0.1096	0.10958	0.13646
2023	0.11018	0.11013	0.1374
2024	0.11086	0.11078	0.13841
2025	0.11149	0.11136	0.13936
2026	0.11192	0.11178	0.14015
2027	0.11224	0.11223	0.14092
2028	0.1126	0.1128	0.14178
2029	0.11305	0.11326	0.14254
2030	0.11347	0.11351	0.14313
2031	0.11382	0.11378	0.14365
2032	0.11417	0.11417	0.14424
2033	0.11458	0.11456	0.14484
2034	0.115	0.11487	0.14534
2035	0.11541	0.11525	0.14588
2036	0.11591	0.11579	0.14668
2037	0.11644	0.11632	0.14759
2038	0.11677	0.11662	0.14819
2039	0.11694	0.11677	0.14854
2040	0.11725	0.11715	0.14916
2041	0.11771	0.11772	0.15002
2042	0.11809	0.11818	0.15074
2043	0.11836	0.11853	0.15134
2044	0.11874	0.11903	0.15204
2045	0.11929	0.1197	0.15283
2046	0.11987	0.12031	0.15359
2047	0.12042	0.12085	0.15434
2048	0.12107	0.12155	0.15523
2049	0.12188	0.12249	0.15626
2050	0.12269	0.12338	0.15722
2051	0.12313	0.12383	0.15794
2052	0.12332	0.12401	0.15855
2053	0.12375	0.12451	0.15946
2054	0.12441	0.1253	0.16059
2055	0.12486	0.12585	0.16151
2056	0.12509	0.12616	0.16217
2057	0.12538	0.12637	0.16271
2058	0.12578	0.12658	0.16325
2059	0.12617	0.12691	0.16387
2060	0.12648	0.12725	0.16456
2061	0.12668	0.12744	0.1652
2062	0.12673	0.12751	0.16568
2063	0.12683	0.12763	0.16615
2064	0.12714	0.12784	0.16669
2065	0.12757	0.12804	0.16723
2066	0.12795	0.1282	0.16774
2067	0.12825	0.12838	0.16826
2068	0.12854	0.12863	0.1688
2069	0.12884	0.12887	0.16936
2070	0.12913	0.12906	0.16996
2071	0.12943	0.12931	0.17064
2072	0.12981	0.12976	0.1713
2073	0.13022	0.1303	0.17188
2074	0.13056	0.13077	0.17241
2075	0.1309	0.13121	0.17301
2076	0.13137	0.13184	0.17378
2077	0.13192	0.13257	0.17455
2078	0.13248	0.13323	0.17518
2079	0.13314	0.13385	0.1758
2080	0.1339	0.13448	0.17646
2081	0.13461	0.13504	0.17702
2082	0.13527	0.13555	0.17743
2083	0.13599	0.13615	0.178
2084	0.13671	0.13687	0.17875
2085	0.13717	0.13737	0.17928
2086	0.13734	0.13753	0.17958
2087	0.13752	0.13771	0.18002
2088	0.1379	0.13816	0.18071
2089	0.13827	0.13865	0.18127
2090	0.13837	0.13879	0.18147
2091	0.13838	0.13874	0.18164
2092	0.13868	0.13897	0.18217
2093	0.13923	0.13943	0.18284
2094	0.13973	0.13982	0.1834
2095	0.14005	0.14007	0.18392
2096	0.14029	0.14026	0.18453
2097	0.14061	0.14047	0.18512
2098	0.14091	0.14065	0.18555
2099	0.14124	0.14087	0.18597
2100	0.14176	0.14133	0.18672
2101	0.14238	0.1419	0.18768
2102	0.14281	0.14229	0.18847
2103	0.14298	0.14255	0.18904
2104	0.14308	0.14285	0.1897
2105	0.14334	0.14319	0.19062
2106	0.14389	0.14364	0.1917
2107	0.14452	0.14429	0.19268
2108	0.14515	0.14499	0.19346
2109	0.14582	0.14559	0.19421
2110	0.14654	0.14615	0.195
2111	0.14737	0.14684	0.19583
2112	0.1483	0.14763	0.19667
2113	0.14909	0.14823	0.19728
2114	0.14962	0.14855	0.1976
2115	0.14994	0.14873	0.19782
2116	0.1501	0.14893	0.19801
2117	0.15032	0.14932	0.19831
2118	0.15063	0.14983	0.19874
2119	0.15081	0.15028	0.19928
2120	0.15075	0.1506	0.19971
2121	0.15062	0.15078	0.19996
2122	0.15067	0.15096	0.20023
2123	0.15081	0.15113	0.20068
2124	0.1508	0.15111	0.20118
2125	0.15074	0.15099	0.20155
2126	0.15094	0.15117	0.20198
2127	0.15142	0.15165	0.2028
2128	0.15191	0.15214	0.20372
2129	0.15226	0.15239	0.2043
2130	0.15242	0.15231	0.20439
2131	0.15236	0.15213	0.20438
2132	0.15205	0.152	0.20452
2133	0.15173	0.1519	0.20465
2134	0.15156	0.15192	0.20473
2135	0.15158	0.15212	0.20502
2136	0.15169	0.15236	0.20561
2137	0.15174	0.15242	0.20619
2138	0.15178	0.15253	0.20676
2139	0.152	0.15291	0.20756
2140	0.15232	0.15329	0.20854
2141	0.15279	0.1536	0.2095
2142	0.15354	0.1542	0.21045
2143	0.15434	0.15499	0.21127
2144	0.15494	0.15548	0.2119
2145	0.15544	0.15572	0.21255
2146	0.15595	0.15603	0.21316
2147	0.1563	0.15631	0.21346
2148	0.15646	0.15642	0.21356
2149	0.15662	0.15647	0.21377
2150	0.15678	0.15651	0.21407
2151	0.15685	0.15657	0.21422
2152	0.15694	0.1567	0.21428
2153	0.15722	0.1569	0.21451
2154	0.15749	0.15701	0.21485
2155	0.15765	0.15699	0.21509
2156	0.15787	0.15692	0.21523
2157	0.15819	0.15684	0.21542
2158	0.15846	0.1568	0.21571
2159	0.15859	0.15679	0.21592
2160	0.15872	0.1569	0.21595
2161	0.15902	0.15729	0.21606
2162	0.1593	0.15773	0.21629
2163	0.15935	0.15792	0.21645
2164	0.15921	0.15788	0.21632
2165	0.15902	0.15777	0.21591
2166	0.15875	0.15765	0.21545
2167	0.15834	0.15769	0.21523
2168	0.15798	0.15794	0.2152
2169	0.15787	0.15822	0.21511
2170	0.15792	0.15852	0.21505
2171	0.15797	0.15885	0.21527
2172	0.15811	0.15932	0.21585
2173	0.15841	0.15996	0.2166
2174	0.15872	0.16058	0.21728
2175	0.15887	0.16096	0.2178
2176	0.15889	0.16122	0.21827
2177	0.15906	0.1617	0.21884
2178	0.15941	0.1624	0.21944
2179	0.15963	0.16282	0.21989
2180	0.1596	0.16275	0.2202
2181	0.15965	0.16266	0.22048
2182	0.16001	0.16283	0.22064
2183	0.16038	0.16299	0.22069
2184	0.16061	0.16295	0.22097
2185	0.16093	0.16296	0.22151
2186	0.16128	0.16319	0.22201
2187	0.16155	0.16343	0.22232
2188	0.16184	0.16344	0.2226
2189	0.16211	0.16327	0.22288
2190	0.16232	0.16315	0.22313
2191	0.16248	0.16321	0.22341
2192	0.16256	0.16328	0.22371
2193	0.16253	0.16328	0.22394
2194	0.16246	0.16328	0.22405
2195	0.16249	0.16338	0.22418
2196	0.16266	0.16358	0.22457
2197	0.16269	0.16364	0.22497
2198	0.1625	0.16347	0.22498
2199	0.16241	0.16344	0.22482
2200	0.16251	0.16369	0.22484
2201	0.1625	0.16384	0.22491
2202	0.16233	0.16383	0.22492
2203	0.16236	0.16402	0.22505
2204	0.16259	0.16431	0.22526
2205	0.16264	0.16434	0.22533
2206	0.16252	0.16418	0.22524
2207	0.16253	0.16412	0.22524
2208	0.16278	0.16421	0.2254
2209	0.163	0.16416	0.22546
2210	0.16302	0.16398	0.22531
2211	0.16299	0.16392	0.22511
2212	0.16301	0.16397	0.22492
2213	0.16311	0.16401	0.22475
2214	0.16333	0.16408	0.22461
2215	0.1636	0.16411	0.22452
2216	0.16377	0.16396	0.22437
2217	0.16388	0.1638	0.22416
2218	0.16401	0.1639	0.22404
2219	0.16406	0.16413	0.22407
2220	0.16413	0.16425	0.2242
2221	0.16442	0.16443	0.22439
2222	0.16473	0.16467	0.22456
2223	0.16474	0.16464	0.22457
2224	0.16459	0.16441	0.22452
2225	0.16442	0.16418	0.22452
2226	0.16422	0.16402	0.22455
2227	0.16402	0.16386	0.2245
2228	0.16397	0.16369	0.22452
2229	0.16404	0.16361	0.2248
2230	0.16401	0.16351	0.22514
2231	0.16395	0.16338	0.22535
2232	0.16388	0.16318	0.22535
2233	0.16368	0.16284	0.22513
2234	0.16344	0.16252	0.22493
2235	0.16324	0.16226	0.22487
2236	0.16288	0.16177	0.22473
2237	0.16233	0.16107	0.22444
2238	0.1619	0.16051	0.22427
2239	0.16163	0.16016	0.2243
2240	0.16121	0.15971	0.22422
2241	0.16068	0.15913	0.2239
2242	0.16037	0.15876	0.22362
2243	0.16038	0.15875	0.22364
2244	0.16039	0.15873	0.22369
2245	0.16004	0.15836	0.22334
2246	0.15952	0.15795	0.22283
2247	0.15906	0.15782	0.2225
2248	0.15868	0.15785	0.22229
2249	0.15834	0.15776	0.22199
2250	0.158	0.15751	0.22156
2251	0.15763	0.15733	0.22119
2252	0.15719	0.15734	0.22095
2253	0.15664	0.1573	0.2206
2254	0.15608	0.15708	0.22009
2255	0.15567	0.15674	0.21971
2256	0.15537	0.15643	0.21948
2257	0.15498	0.15623	0.21929
2258	0.15441	0.15596	0.21906
2259	0.15382	0.15551	0.21867
2260	0.15325	0.15497	0.218
2261	0.15269	0.1544	0.21735
2262	0.1522	0.15386	0.21681
2263	0.15177	0.15322	0.21625
2264	0.15125	0.15246	0.21577
2265	0.15052	0.15164	0.21532
2266	0.14982	0.15086	0.21486
2267	0.14932	0.15015	0.21436
2268	0.14879	0.14917	0.2136
2269	0.148	0.14789	0.21255
2270	0.14718	0.14677	0.21149
2271	0.14651	0.14593	0.21064
2272	0.14599	0.14513	0.20992
2273	0.14551	0.14434	0.20934
2274	0.14505	0.14376	0.20899
2275	0.14465	0.14336	0.20867
2276	0.14445	0.14294	0.20814
2277	0.14445	0.14252	0.20754
2278	0.14445	0.14217	0.20708
2279	0.14431	0.14172	0.20664
2280	0.14401	0.1411	0.20602
2281	0.14366	0.14062	0.20538
2282	0.14339	0.14048	0.20489
2283	0.14329	0.14045	0.20439
2284	0.14327	0.14033	0.20376
2285	0.14326	0.14015	0.2032
2286	0.14328	0.14015	0.20303
2287	0.14343	0.14038	0.20311
2288	0.14351	0.14035	0.20284
2289	0.1434	0.13989	0.20223
2290	0.14344	0.13966	0.20193
2291	0.14372	0.13989	0.20195
2292	0.14395	0.1403	0.20197
2293	0.14396	0.1406	0.20194
2294	0.14402	0.1408	0.20186
2295	0.14421	0.14115	0.2017
2296	0.14405	0.14133	0.20124
2297	0.14368	0.14126	0.20088
2298	0.14351	0.14125	0.20074
2299	0.14314	0.14113	0.20032
2300	0.14242	0.14091	0.19979
2301	0.14152	0.14062	0.19919
2302	0.14068	0.14035	0.19848
2303	0.13981	0.14008	0.19756
2304	0.13863	0.13966	0.19635
2305	0.1373	0.13916	0.19508
2306	0.13612	0.13879	0.19411
2307	0.13521	0.13855	0.19361
2308	0.13433	0.13818	0.19325
2309	0.13331	0.1376	0.19249
2310	0.13225	0.13692	0.19136
2311	0.13131	0.13618	0.19037
2312	0.13075	0.1357	0.18992
2313	0.13062	0.13567	0.18981
2314	0.13044	0.13551	0.18947
2315	0.12992	0.13481	0.18874
2316	0.12947	0.13419	0.18812
2317	0.12918	0.13394	0.18773
2318	0.12868	0.13331	0.18702
2319	0.12804	0.13202	0.18594
2320	0.12772	0.13085	0.18514
2321	0.12775	0.13014	0.18467
2322	0.12771	0.12935	0.18392
2323	0.12741	0.12837	0.18295
2324	0.12714	0.12763	0.18234
2325	0.12718	0.12736	0.18219
2326	0.12741	0.12726	0.18204
2327	0.12742	0.12683	0.18156
2328	0.12728	0.12616	0.181
2329	0.1274	0.12565	0.18047
2330	0.12766	0.12543	0.1799
2331	0.12757	0.12533	0.17941
2332	0.12734	0.12505	0.17914
2333	0.12746	0.12504	0.1792
2334	0.12756	0.12529	0.17916
2335	0.12701	0.12503	0.17863
2336	0.12607	0.12444	0.17796
2337	0.12536	0.12414	0.17738
2338	0.12509	0.12427	0.17702
2339	0.12458	0.12417	0.17651
2340	0.12369	0.12371	0.17574
2341	0.12317	0.12345	0.17523
2342	0.1232	0.12334	0.17522
2343	0.12334	0.12313	0.17551
2344	0.12315	0.12277	0.17564
2345	0.12315	0.12249	0.17559
2346	0.12349	0.12239	0.1759
2347	0.12381	0.12251	0.17679
2348	0.12435	0.12283	0.17763
2349	0.12487	0.12287	0.17797
2350	0.12489	0.12253	0.17786
2351	0.12471	0.12201	0.17777
2352	0.12492	0.1214	0.17818
2353	0.12514	0.12056	0.17852
2354	0.12499	0.1196	0.17861
2355	0.12481	0.1191	0.1789
2356	0.12488	0.11948	0.17939
2357	0.12495	0.11996	0.1794
2358	0.12472	0.11993	0.17812
2359	0.12462	0.12018	0.17681
2360	0.12471	0.12087	0.17679
2361	0.12444	0.12114	0.17662
2362	0.12369	0.12058	0.17519
2363	0.12299	0.12011	0.17369
2364	0.12259	0.12035	0.17318
2365	0.12212	0.12069	0.17327
2366	0.12131	0.12071	0.1733
2367	0.12038	0.12071	0.17332
2368	0.11974	0.12079	0.17333
2369	0.11902	0.12075	0.17299
2370	0.11806	0.12046	0.17238
2371	0.11715	0.12005	0.17172
2372	0.1163	0.1199	0.17078
2373	0.11566	0.1198	0.16969
2374	0.11502	0.11933	0.16872
2375	0.11422	0.11875	0.16792
2376	0.11381	0.11866	0.16791
2377	0.11364	0.11843	0.16834
2378	0.11311	0.11728	0.1681
2379	0.11259	0.11607	0.1675
2380	0.1123	0.11541	0.16716
2381	0.11194	0.11467	0.16665
2382	0.11156	0.11405	0.16621
2383	0.11155	0.11411	0.16624
2384	0.11131	0.11366	0.16572
2385	0.11037	0.11215	0.16431
2386	0.10968	0.11065	0.16282
2387	0.10975	0.10955	0.16184
2388	0.10986	0.10829	0.16104
2389	0.10946	0.10702	0.15969
2390	0.10867	0.1061	0.15761
2391	0.10813	0.10537	0.15505
2392	0.10857	0.10453	0.1526
2393	0.1093	0.10332	0.15009
2394	0.10938	0.10245	0.14723
2395	0.10919	0.10228	0.14555
2396	0.10929	0.10203	0.14564
2397	0.10946	0.10143	0.14541
2398	0.10883	0.1002	0.14337
2399	0.10753	0.098739	0.14107
2400	0.10649	0.09734	0.13982
2401	0.10577	0.095721	0.13879
2402	0.10508	0.094111	0.13712
2403	0.10464	0.092814	0.13524
2404	0.10525	0.092135	0.13363
2405	0.10646	0.09196	0.13219
2406	0.10793	0.092451	0.13202
2407	0.10952	0.093471	0.13292
2408	0.10986	0.093698	0.13249
2409	0.10933	0.093247	0.13147
2410	0.10902	0.093653	0.13262
2411	0.10905	0.095103	0.13506
2412	0.10921	0.096279	0.13635
2413	0.10904	0.096752	0.13644
2414	0.10795	0.09658	0.13605
2415	0.10655	0.096287	0.13543
2416	0.10598	0.096431	0.13529
2417	0.10626	0.096677	0.13584
2418	0.10637	0.096499	0.13608
2419	0.10552	0.095516	0.13481
2420	0.10341	0.093752	0.13228
2421	0.10137	0.092524	0.13056
2422	0.10153	0.093443	0.1309
2423	0.10236	0.09508	0.13157
2424	0.10131	0.094907	0.13057
2425	0.099458	0.093722	0.12882
2426	0.098617	0.093256	0.12796
2427	0.098727	0.093273	0.12798
2428	0.098307	0.092146	0.12782
2429	0.096678	0.090221	0.12671
2430	0.095104	0.089243	0.12489
2431	0.094079	0.088741	0.12309
2432	0.092525	0.087273	0.12162
2433	0.090052	0.08457	0.11946
2434	0.08778	0.081342	0.11671
2435	0.086788	0.079311	0.11492
2436	0.085979	0.078683	0.11326
2437	0.084867	0.078051	0.11104
2438	0.08436	0.077119	0.10922
2439	0.08498	0.077085	0.10837
2440	0.08659	0.07792	0.10817
2441	0.088023	0.077931	0.10788
2442	0.088664	0.07755	0.10688
2443	0.088608	0.077658	0.10494
2444	0.088107	0.077153	0.10264
2445	0.088223	0.076478	0.1019
2446	0.089324	0.077186	0.10299
2447	0.090437	0.078577	0.10281
2448	0.090644	0.079357	0.10033
2449	0.089663	0.078925	0.097494
2450	0.087667	0.077269	0.095299
2451	0.086401	0.076442	0.09408
2452	0.086798	0.078617	0.095196
2453	0.087044	0.080631	0.096403
2454	0.085843	0.078923	0.093286
2455	0.084907	0.077114	0.088998
2456	0.084884	0.077878	0.087672
2457	0.084317	0.079364	0.087809
2458	0.082661	0.08006	0.087034
2459	0.079895	0.079592	0.085508
2460	0.077142	0.078165	0.084727
2461	0.075195	0.075884	0.083838
2462	0.073633	0.07278	0.082112
2463	0.072133	0.070989	0.081281
2464	0.070463	0.071553	0.081905
2465	0.068947	0.072009	0.081622
2466	0.067874	0.071055	0.080174
2467	0.067282	0.071275	0.081554
2468	0.067234	0.074158	0.086396
2469	0.068239	0.076346	0.089901
2470	0.07076	0.077628	0.09085
2471	0.070927	0.078701	0.089902
2472	0.066972	0.078255	0.087993
2473	0.065941	0.076353	0.08668
2474	0.069063	0.074347	0.085226
2475	0.072776	0.074013	0.084337
2476	0.07632	0.075125	0.085061
2477	0.08067	0.077695	0.08761
2478	0.085359	0.081801	0.090569
2479	0.087401	0.082913	0.090311
2480	0.086634	0.079904	0.087551
