*Name: Elm bot
Type: Leaf Spectrum

Origin: Remote Sensing Laboratories, University of Zurich

Description: abaxial reflectance, adaxial reflectance, and adaxial transmittance

Measurement: Hemispherical Conical Reflectance Factor HCRF measured by ASD Integrating Sphere

Wavelength [nm]	abaxial Reflectance [0 1]	adaxial Reflectance [0 1]	adaxial Transmittance [0 1]
370	0.019033	0.019323	0.0055692
371	0.025918	0.026459	0.0070039
372	0.031548	0.032263	0.0062271
373	0.037907	0.03874	0.0079697
374	0.044055	0.045005	0.011279
375	0.048916	0.049995	0.014766
376	0.051095	0.052238	0.016065
377	0.051707	0.052784	0.017959
378	0.050208	0.051085	0.020023
379	0.051796	0.052101	0.023054
380	0.053014	0.053403	0.025951
381	0.053524	0.053516	0.0268
382	0.053617	0.05324	0.026624
383	0.05365	0.053225	0.026431
384	0.054032	0.053429	0.026751
385	0.05363	0.052848	0.025565
386	0.052668	0.051713	0.023454
387	0.053717	0.052505	0.025363
388	0.05461	0.053241	0.027244
389	0.054555	0.053277	0.027549
390	0.054515	0.053201	0.027552
391	0.055449	0.054057	0.029401
392	0.05602	0.054608	0.030593
393	0.056369	0.054999	0.031363
394	0.056716	0.055416	0.032131
395	0.056939	0.055746	0.032662
396	0.057165	0.056062	0.033254
397	0.057279	0.056145	0.033654
398	0.057287	0.056266	0.033995
399	0.057325	0.05647	0.034417
400	0.056878	0.056095	0.033767
401	0.056565	0.055751	0.033127
402	0.056019	0.055287	0.032024
403	0.055354	0.05478	0.030743
404	0.055204	0.054614	0.030219
405	0.054847	0.054288	0.029442
406	0.054668	0.054165	0.029176
407	0.054987	0.054515	0.02967
408	0.054815	0.054344	0.028956
409	0.05448	0.053995	0.02788
410	0.054514	0.053974	0.027583
411	0.054647	0.054107	0.027659
412	0.054867	0.054375	0.028
413	0.055041	0.054563	0.028233
414	0.054709	0.05422	0.027411
415	0.05457	0.054071	0.026873
416	0.054625	0.054095	0.026664
417	0.054543	0.053959	0.026218
418	0.054423	0.053811	0.025718
419	0.054431	0.053815	0.025596
420	0.054503	0.05389	0.025704
421	0.054396	0.053772	0.025324
422	0.054144	0.053496	0.024657
423	0.053961	0.053302	0.024196
424	0.054057	0.053377	0.024287
425	0.054036	0.05339	0.024261
426	0.053926	0.053305	0.024125
427	0.053861	0.053237	0.024057
428	0.05379	0.053172	0.02393
429	0.053772	0.053145	0.023845
430	0.053673	0.053046	0.023584
431	0.053458	0.052846	0.023133
432	0.053421	0.052847	0.023066
433	0.053488	0.052949	0.02322
434	0.053553	0.053009	0.023319
435	0.053593	0.053012	0.023286
436	0.053692	0.05309	0.023381
437	0.053819	0.053227	0.023627
438	0.05399	0.053394	0.023955
439	0.054124	0.053505	0.024251
440	0.054173	0.053518	0.024464
441	0.054167	0.053489	0.02456
442	0.054112	0.053414	0.02453
443	0.054035	0.05334	0.02448
444	0.053876	0.053205	0.024287
445	0.053791	0.053145	0.024258
446	0.053763	0.053142	0.024365
447	0.053784	0.053178	0.024569
448	0.053828	0.053232	0.024812
449	0.053894	0.05332	0.025134
450	0.053991	0.053432	0.025555
451	0.054122	0.053576	0.026096
452	0.054376	0.053836	0.026853
453	0.054701	0.054154	0.02772
454	0.054947	0.05439	0.028445
455	0.055075	0.054515	0.028909
456	0.055137	0.054577	0.029257
457	0.055314	0.054746	0.029763
458	0.055431	0.054845	0.03011
459	0.055482	0.054886	0.030343
460	0.055535	0.054918	0.030542
461	0.055514	0.054888	0.0306
462	0.055412	0.054796	0.030527
463	0.055335	0.054723	0.030503
464	0.055279	0.05467	0.030521
465	0.055247	0.054661	0.030589
466	0.055227	0.054663	0.030656
467	0.055288	0.054739	0.030836
468	0.055302	0.054759	0.03091
469	0.055254	0.054709	0.030862
470	0.055174	0.054634	0.030756
471	0.055243	0.054705	0.030872
472	0.055287	0.054752	0.030963
473	0.055303	0.054756	0.031001
474	0.055305	0.054745	0.031002
475	0.05527	0.054719	0.030974
476	0.055304	0.054759	0.031089
477	0.055397	0.054849	0.031321
478	0.055418	0.05488	0.031468
479	0.055367	0.054837	0.031521
480	0.055316	0.054785	0.03158
481	0.055342	0.054807	0.03177
482	0.055336	0.054794	0.031878
483	0.05527	0.054717	0.031839
484	0.05524	0.054679	0.031879
485	0.055317	0.054745	0.032103
486	0.055413	0.054833	0.032343
487	0.055487	0.054914	0.032566
488	0.055544	0.054989	0.032791
489	0.055643	0.055092	0.033111
490	0.055887	0.055326	0.033662
491	0.056115	0.055539	0.034215
492	0.056271	0.055684	0.034717
493	0.056404	0.055826	0.035269
494	0.056594	0.056017	0.035956
495	0.056838	0.056256	0.036769
496	0.057094	0.056508	0.03764
497	0.057363	0.056768	0.038584
498	0.057716	0.057111	0.039768
499	0.05812	0.057517	0.041107
500	0.058528	0.05795	0.042549
501	0.058952	0.058413	0.044159
502	0.059406	0.058897	0.04595
503	0.059988	0.059497	0.048055
504	0.060706	0.060238	0.050496
505	0.061416	0.060976	0.053096
506	0.062142	0.061736	0.055909
507	0.062969	0.062595	0.05907
508	0.063901	0.063532	0.062577
509	0.064897	0.064539	0.066405
510	0.065938	0.065595	0.070493
511	0.067065	0.066731	0.074916
512	0.068293	0.067969	0.079701
513	0.069642	0.069345	0.084856
514	0.071054	0.070793	0.090298
515	0.072541	0.072312	0.096026
516	0.074139	0.073944	0.10207
517	0.075932	0.075775	0.10852
518	0.077827	0.077718	0.11521
519	0.079749	0.079694	0.12202
520	0.081765	0.081754	0.12897
521	0.083895	0.083919	0.13607
522	0.08608	0.086141	0.14323
523	0.088255	0.088356	0.15029
524	0.090437	0.090566	0.15721
525	0.092641	0.09279	0.164
526	0.094809	0.09497	0.17057
527	0.096918	0.097097	0.17685
528	0.098913	0.099104	0.18274
529	0.10082	0.10101	0.18827
530	0.10261	0.10282	0.19343
531	0.10431	0.10454	0.19822
532	0.10585	0.10609	0.20255
533	0.1072	0.10746	0.2064
534	0.10845	0.10873	0.20987
535	0.10958	0.10987	0.21296
536	0.11054	0.11086	0.21564
537	0.11135	0.11169	0.21794
538	0.11207	0.11242	0.21994
539	0.11268	0.11304	0.22164
540	0.11315	0.11352	0.22303
541	0.11354	0.11393	0.22419
542	0.11389	0.1143	0.22521
543	0.1142	0.11462	0.22611
544	0.11446	0.1149	0.22691
545	0.11473	0.1152	0.22769
546	0.11498	0.11547	0.22841
547	0.11522	0.11575	0.22912
548	0.11547	0.11603	0.22984
549	0.11571	0.11631	0.23054
550	0.11591	0.11654	0.23117
551	0.11609	0.11675	0.23174
552	0.11623	0.11692	0.23224
553	0.11632	0.11703	0.23261
554	0.11632	0.11705	0.23278
555	0.11627	0.11702	0.23278
556	0.11612	0.11688	0.23254
557	0.11585	0.11661	0.23199
558	0.11549	0.11628	0.2312
559	0.11502	0.11582	0.23013
560	0.11441	0.11522	0.22872
561	0.1137	0.11453	0.22703
562	0.11289	0.11373	0.22508
563	0.11198	0.11283	0.22285
564	0.11097	0.11183	0.22033
565	0.10987	0.11072	0.21755
566	0.1087	0.10953	0.21456
567	0.10744	0.10827	0.21132
568	0.10612	0.10693	0.20786
569	0.10474	0.10554	0.20422
570	0.10331	0.10409	0.2004
571	0.10188	0.10263	0.1965
572	0.10043	0.10117	0.19252
573	0.098963	0.099686	0.18847
574	0.097532	0.09824	0.18447
575	0.096162	0.096849	0.18056
576	0.094855	0.095525	0.17679
577	0.093627	0.094276	0.17318
578	0.09247	0.093099	0.16973
579	0.091359	0.091962	0.16643
580	0.090329	0.090903	0.1633
581	0.089407	0.08995	0.16041
582	0.088519	0.089036	0.15766
583	0.087675	0.088168	0.15506
584	0.086898	0.087372	0.15262
585	0.086171	0.086623	0.15032
586	0.085461	0.085901	0.14811
587	0.084798	0.085233	0.14604
588	0.084161	0.084584	0.14407
589	0.083588	0.083997	0.14226
590	0.083089	0.083487	0.14064
591	0.082637	0.08303	0.13917
592	0.082216	0.082604	0.13782
593	0.081818	0.082199	0.13657
594	0.081483	0.081858	0.13548
595	0.08121	0.081581	0.13452
596	0.080925	0.081293	0.13359
597	0.080654	0.081016	0.13272
598	0.080411	0.080764	0.13189
599	0.080171	0.080513	0.13106
600	0.079922	0.080266	0.13023
601	0.079662	0.080006	0.12937
602	0.079388	0.079724	0.12847
603	0.079137	0.079467	0.1276
604	0.078868	0.079196	0.12668
605	0.078572	0.078905	0.12569
606	0.078253	0.078592	0.12463
607	0.077912	0.078248	0.12348
608	0.077548	0.077875	0.12223
609	0.077172	0.077482	0.1209
610	0.076798	0.077083	0.11951
611	0.076377	0.076636	0.11801
612	0.075947	0.076182	0.11643
613	0.075518	0.075735	0.11482
614	0.075058	0.075261	0.11314
615	0.074581	0.074765	0.11143
616	0.074102	0.074272	0.10973
617	0.073655	0.073812	0.10809
618	0.073203	0.073356	0.10646
619	0.072763	0.072921	0.1049
620	0.072339	0.072494	0.10339
621	0.071923	0.072069	0.10194
622	0.071545	0.071682	0.1006
623	0.071245	0.071369	0.099453
624	0.071009	0.071121	0.098468
625	0.070794	0.070896	0.097586
626	0.070635	0.070729	0.096859
627	0.07051	0.070602	0.096275
628	0.070388	0.070477	0.095768
629	0.070297	0.070378	0.095364
630	0.070266	0.070338	0.095101
631	0.070266	0.070331	0.094916
632	0.070224	0.070287	0.094676
633	0.070135	0.07019	0.094336
634	0.070004	0.070053	0.09387
635	0.069818	0.069866	0.093231
636	0.069588	0.069632	0.092404
637	0.069304	0.06934	0.091347
638	0.068953	0.068981	0.090027
639	0.068535	0.068555	0.088445
640	0.068029	0.068038	0.086576
641	0.067478	0.067475	0.0845
642	0.066913	0.06689	0.082259
643	0.066334	0.066289	0.079882
644	0.065762	0.06569	0.077443
645	0.065168	0.065068	0.07493
646	0.06455	0.064424	0.072371
647	0.063963	0.063805	0.069872
648	0.06342	0.063239	0.067503
649	0.062914	0.062718	0.065282
650	0.062471	0.062257	0.063266
651	0.062073	0.061839	0.061445
652	0.061718	0.061465	0.059823
653	0.061446	0.061172	0.058467
654	0.061213	0.060916	0.057289
655	0.061044	0.060727	0.056291
656	0.060934	0.060596	0.055439
657	0.060832	0.060469	0.054612
658	0.060737	0.060344	0.053766
659	0.060633	0.060217	0.052852
660	0.06049	0.060053	0.051813
661	0.060337	0.059872	0.050663
662	0.060154	0.05966	0.049381
663	0.059951	0.059428	0.047987
664	0.059742	0.059181	0.046516
665	0.059511	0.058909	0.044967
666	0.059282	0.058629	0.043389
667	0.059116	0.058402	0.041909
668	0.058984	0.058204	0.0405
669	0.058908	0.058054	0.039201
670	0.058923	0.057988	0.038075
671	0.059001	0.05798	0.037078
672	0.059141	0.058031	0.03621
673	0.059351	0.058152	0.035482
674	0.059604	0.058309	0.034848
675	0.059909	0.058513	0.034303
676	0.060319	0.058813	0.033908
677	0.0608	0.059176	0.033603
678	0.061328	0.059576	0.033355
679	0.061915	0.060026	0.033177
680	0.062572	0.060532	0.0331
681	0.063313	0.061116	0.033198
682	0.064115	0.06176	0.033462
683	0.065001	0.062492	0.033967
684	0.065971	0.063316	0.034808
685	0.066991	0.064201	0.036031
686	0.068052	0.065147	0.037699
687	0.069181	0.066192	0.039981
688	0.070391	0.067354	0.04302
689	0.071698	0.068644	0.046926
690	0.073174	0.070133	0.051907
691	0.074824	0.07183	0.058037
692	0.076702	0.073789	0.065419
693	0.078886	0.076084	0.074172
694	0.081448	0.078777	0.084339
695	0.084432	0.081911	0.095876
696	0.087864	0.085499	0.10868
697	0.091806	0.089601	0.12267
698	0.096247	0.094208	0.13767
699	0.10121	0.099336	0.15354
700	0.10667	0.10494	0.17001
701	0.11255	0.11098	0.18689
702	0.11881	0.11738	0.20398
703	0.12535	0.12406	0.22104
704	0.13214	0.13096	0.23796
705	0.1391	0.13802	0.25461
706	0.14615	0.14515	0.27086
707	0.15327	0.15233	0.28668
708	0.16043	0.15953	0.30205
709	0.16759	0.16671	0.31694
710	0.17472	0.17384	0.33135
711	0.18184	0.18093	0.34533
712	0.18894	0.18798	0.35892
713	0.19605	0.19503	0.37219
714	0.20315	0.20205	0.3851
715	0.21022	0.20902	0.39768
716	0.21726	0.21594	0.40996
717	0.22427	0.22282	0.42192
718	0.23123	0.22962	0.43357
719	0.23812	0.23635	0.44492
720	0.24493	0.24298	0.45595
721	0.25164	0.2495	0.46665
722	0.25825	0.25591	0.47702
723	0.26472	0.26218	0.48704
724	0.27103	0.26827	0.49667
725	0.27718	0.2742	0.50595
726	0.28314	0.27994	0.51485
727	0.28892	0.28549	0.52335
728	0.29449	0.29084	0.53145
729	0.29984	0.29596	0.53912
730	0.30496	0.30086	0.54639
731	0.30986	0.30553	0.55325
732	0.31453	0.30998	0.55974
733	0.31896	0.31419	0.56585
734	0.32314	0.31817	0.57156
735	0.32709	0.32192	0.57691
736	0.3308	0.32545	0.58192
737	0.33427	0.32875	0.58656
738	0.33751	0.33181	0.59086
739	0.34053	0.33467	0.59487
740	0.34333	0.33733	0.59857
741	0.3459	0.33978	0.60195
742	0.34826	0.34202	0.60505
743	0.35041	0.34406	0.60786
744	0.35235	0.34592	0.61041
745	0.35411	0.34761	0.61272
746	0.35567	0.34913	0.61479
747	0.35705	0.35048	0.61663
748	0.35825	0.35168	0.61825
749	0.3593	0.35274	0.6197
750	0.36021	0.35366	0.62096
751	0.36096	0.35444	0.62204
752	0.36159	0.35511	0.62296
753	0.36212	0.35568	0.62375
754	0.36255	0.35617	0.62442
755	0.36289	0.35657	0.62497
756	0.36316	0.35689	0.62544
757	0.36336	0.35716	0.62584
758	0.36352	0.35738	0.62617
759	0.36364	0.35756	0.62644
760	0.36371	0.3577	0.62665
761	0.36376	0.35781	0.6268
762	0.36378	0.3579	0.62693
763	0.36376	0.35796	0.627
764	0.3637	0.35798	0.62702
765	0.36361	0.35795	0.62699
766	0.3635	0.35791	0.62691
767	0.36335	0.35784	0.62681
768	0.36318	0.35775	0.62668
769	0.36301	0.35765	0.62654
770	0.36282	0.35754	0.62639
771	0.36261	0.3574	0.62622
772	0.36242	0.35727	0.62606
773	0.36224	0.35716	0.6259
774	0.36206	0.35704	0.62575
775	0.36189	0.35693	0.6256
776	0.36173	0.35682	0.62548
777	0.36158	0.35672	0.62537
778	0.36144	0.35663	0.62525
779	0.36132	0.35654	0.62514
780	0.3612	0.35646	0.62504
781	0.3611	0.35639	0.62494
782	0.361	0.35633	0.62487
783	0.36092	0.35628	0.62482
784	0.36084	0.35622	0.62476
785	0.36075	0.35616	0.62468
786	0.3607	0.35613	0.62463
787	0.36065	0.35611	0.62457
788	0.36061	0.35609	0.62451
789	0.3606	0.3561	0.62449
790	0.3606	0.35611	0.62448
791	0.36061	0.35614	0.62449
792	0.36062	0.35616	0.6245
793	0.36064	0.35617	0.62451
794	0.36066	0.3562	0.62453
795	0.36068	0.35623	0.62457
796	0.36072	0.35626	0.62463
797	0.36075	0.3563	0.62468
798	0.36078	0.35633	0.62471
799	0.36081	0.35636	0.62475
800	0.36084	0.35641	0.62479
801	0.36088	0.35646	0.62482
802	0.36092	0.3565	0.62483
803	0.36096	0.35655	0.62487
804	0.36102	0.35661	0.62492
805	0.36108	0.35668	0.62497
806	0.36113	0.35673	0.625
807	0.36119	0.35678	0.62503
808	0.36124	0.35684	0.62507
809	0.36129	0.35688	0.62511
810	0.36133	0.35692	0.62515
811	0.36138	0.35697	0.62518
812	0.36143	0.35701	0.62522
813	0.36149	0.35706	0.62526
814	0.36154	0.3571	0.62529
815	0.36157	0.35713	0.6253
816	0.36161	0.35716	0.6253
817	0.36167	0.35723	0.62532
818	0.36174	0.3573	0.62535
819	0.36182	0.35739	0.62537
820	0.36189	0.35747	0.62537
821	0.36195	0.35753	0.62537
822	0.36202	0.35761	0.62538
823	0.36207	0.35766	0.6254
824	0.36212	0.35772	0.62542
825	0.36218	0.35779	0.62543
826	0.36223	0.35784	0.62543
827	0.36227	0.35788	0.62541
828	0.3623	0.35791	0.62539
829	0.36234	0.35796	0.62539
830	0.36239	0.35801	0.62538
831	0.36245	0.35807	0.62537
832	0.36251	0.35813	0.62535
833	0.36257	0.35819	0.62532
834	0.36262	0.35824	0.62529
835	0.36268	0.3583	0.62528
836	0.36276	0.35838	0.62527
837	0.36282	0.35844	0.62525
838	0.36286	0.35849	0.62522
839	0.36289	0.35853	0.62519
840	0.36291	0.35855	0.62515
841	0.36293	0.35858	0.62509
842	0.36296	0.35862	0.62505
843	0.36297	0.35865	0.62504
844	0.36299	0.35867	0.62501
845	0.36302	0.3587	0.62497
846	0.36304	0.35874	0.62492
847	0.36307	0.35877	0.62486
848	0.36311	0.35881	0.6248
849	0.36316	0.35887	0.62475
850	0.3632	0.35892	0.62468
851	0.36321	0.35893	0.62458
852	0.36321	0.35893	0.62448
853	0.36323	0.35895	0.62442
854	0.36325	0.35897	0.62436
855	0.36326	0.35899	0.62429
856	0.36325	0.35899	0.62421
857	0.36323	0.35899	0.62414
858	0.36324	0.359	0.62407
859	0.36325	0.35901	0.62399
860	0.36328	0.35905	0.62391
861	0.3633	0.35907	0.62382
862	0.3633	0.35909	0.62373
863	0.3633	0.3591	0.62367
864	0.36328	0.35908	0.62358
865	0.36327	0.35908	0.6235
866	0.36328	0.3591	0.62344
867	0.36328	0.35911	0.62337
868	0.36328	0.35911	0.62329
869	0.36327	0.35909	0.6232
870	0.36326	0.35909	0.6231
871	0.36327	0.3591	0.62302
872	0.36328	0.35911	0.62293
873	0.3633	0.35912	0.62283
874	0.36331	0.35914	0.62276
875	0.36329	0.35913	0.62268
876	0.36327	0.35911	0.62262
877	0.36325	0.35909	0.62256
878	0.36325	0.35911	0.62246
879	0.36326	0.35914	0.62237
880	0.36325	0.35914	0.62227
881	0.36322	0.35911	0.62213
882	0.3632	0.3591	0.622
883	0.36319	0.35909	0.62189
884	0.36319	0.3591	0.62179
885	0.36318	0.35907	0.62168
886	0.36317	0.35905	0.62155
887	0.36317	0.35903	0.62144
888	0.36317	0.35904	0.62135
889	0.36319	0.35906	0.62126
890	0.36322	0.35909	0.62118
891	0.36325	0.35911	0.62108
892	0.36328	0.35915	0.62096
893	0.36329	0.35917	0.62085
894	0.36329	0.35917	0.62075
895	0.36328	0.35917	0.62063
896	0.3633	0.35919	0.62051
897	0.36332	0.3592	0.62041
898	0.36333	0.35919	0.6203
899	0.36329	0.35915	0.62015
900	0.36329	0.35914	0.62002
901	0.3633	0.35915	0.61989
902	0.36329	0.35914	0.61974
903	0.36327	0.35913	0.61958
904	0.36326	0.35911	0.61944
905	0.36325	0.35911	0.61931
906	0.36323	0.35911	0.61919
907	0.36324	0.35914	0.6191
908	0.36324	0.35915	0.61902
909	0.36323	0.35913	0.61892
910	0.36331	0.3592	0.61887
911	0.36337	0.35926	0.61883
912	0.36338	0.35929	0.61879
913	0.36337	0.35928	0.61871
914	0.36337	0.35928	0.61861
915	0.36336	0.35926	0.61849
916	0.36335	0.35923	0.61835
917	0.36332	0.35919	0.61821
918	0.36331	0.35917	0.61808
919	0.36331	0.35917	0.61797
920	0.36334	0.35921	0.6179
921	0.36336	0.35921	0.61778
922	0.36334	0.35917	0.61764
923	0.3633	0.35913	0.61751
924	0.36327	0.3591	0.61737
925	0.36321	0.35907	0.61726
926	0.36312	0.359	0.61713
927	0.36302	0.35892	0.61696
928	0.363	0.35889	0.61682
929	0.36297	0.35887	0.61668
930	0.36294	0.35884	0.61653
931	0.36292	0.3588	0.61641
932	0.36294	0.35882	0.61629
933	0.363	0.35887	0.61618
934	0.36305	0.35892	0.61606
935	0.36305	0.35891	0.61585
936	0.36297	0.35886	0.61566
937	0.36287	0.35878	0.61546
938	0.36277	0.35871	0.61526
939	0.36271	0.35867	0.61514
940	0.36261	0.35859	0.61497
941	0.3625	0.35849	0.61477
942	0.36245	0.35844	0.6146
943	0.36235	0.35832	0.61437
944	0.36225	0.3582	0.61416
945	0.36215	0.35809	0.61395
946	0.36206	0.358	0.61374
947	0.36199	0.35793	0.61353
948	0.36192	0.35785	0.61332
949	0.36184	0.35776	0.61311
950	0.36169	0.35762	0.61294
951	0.36158	0.35753	0.61278
952	0.36148	0.35744	0.61261
953	0.36134	0.3573	0.61243
954	0.3612	0.35715	0.61215
955	0.36111	0.35706	0.6119
956	0.36105	0.357	0.61168
957	0.36097	0.35692	0.61141
958	0.36089	0.35685	0.61114
959	0.3608	0.35676	0.61087
960	0.36071	0.35667	0.61065
961	0.36068	0.35665	0.61054
962	0.36057	0.35655	0.61031
963	0.36045	0.35645	0.61011
964	0.36034	0.35636	0.60996
965	0.36021	0.35623	0.60976
966	0.3601	0.35611	0.60957
967	0.36002	0.35602	0.60937
968	0.35999	0.35599	0.60918
969	0.36002	0.35602	0.60914
970	0.36008	0.35609	0.60913
971	0.36014	0.35616	0.60909
972	0.36019	0.35618	0.60902
973	0.36024	0.35622	0.609
974	0.36024	0.35624	0.60897
975	0.36019	0.35623	0.60891
976	0.36007	0.35615	0.6087
977	0.36	0.35611	0.60854
978	0.35995	0.35608	0.6084
979	0.35991	0.35604	0.60824
980	0.35996	0.35609	0.60813
981	0.36001	0.35613	0.60806
982	0.35999	0.3561	0.60799
983	0.35995	0.35604	0.60796
984	0.35995	0.35603	0.60792
985	0.35997	0.35598	0.6079
986	0.35999	0.35594	0.60787
987	0.36004	0.35597	0.60789
988	0.36005	0.35601	0.60791
989	0.36005	0.35605	0.60791
990	0.36011	0.35612	0.60796
991	0.36021	0.35623	0.60802
992	0.36033	0.35639	0.6081
993	0.36059	0.35669	0.60826
994	0.36085	0.35696	0.60839
995	0.36103	0.35713	0.60849
996	0.36119	0.35729	0.60849
997	0.36134	0.35742	0.60841
998	0.36149	0.35752	0.60842
999	0.36155	0.35752	0.60849
1000	0.36159	0.35754	0.60856
1001	0.36163	0.35763	0.60869
1002	0.36167	0.35771	0.60894
1003	0.36171	0.35775	0.60915
1004	0.36175	0.35778	0.60937
1005	0.36181	0.3578	0.60964
1006	0.36189	0.35784	0.60987
1007	0.3621	0.35802	0.61008
1008	0.36227	0.35814	0.61014
1009	0.36239	0.35825	0.61005
1010	0.36254	0.35843	0.60986
1011	0.36264	0.35858	0.60965
1012	0.36269	0.3587	0.60953
1013	0.36274	0.35877	0.60949
1014	0.36285	0.35885	0.60952
1015	0.36299	0.35894	0.60962
1016	0.36313	0.359	0.60967
1017	0.36326	0.35901	0.60965
1018	0.36336	0.359	0.60968
1019	0.36347	0.35901	0.60978
1020	0.36359	0.35905	0.60983
1021	0.36367	0.35913	0.60982
1022	0.36367	0.35916	0.60978
1023	0.36362	0.3592	0.6097
1024	0.36354	0.35929	0.6097
1025	0.36345	0.3594	0.60981
1026	0.36336	0.35947	0.60995
1027	0.36331	0.35949	0.61008
1028	0.36331	0.35951	0.61015
1029	0.36336	0.35957	0.61009
1030	0.36345	0.3597	0.60993
1031	0.36353	0.35982	0.60976
1032	0.36358	0.3599	0.60962
1033	0.3636	0.35994	0.60948
1034	0.36361	0.35995	0.60935
1035	0.36359	0.35992	0.60929
1036	0.36358	0.35985	0.60927
1037	0.36359	0.3598	0.60932
1038	0.36359	0.35975	0.60948
1039	0.36354	0.35966	0.60967
1040	0.36353	0.35957	0.6098
1041	0.36365	0.3596	0.60984
1042	0.3639	0.35975	0.60979
1043	0.36417	0.35994	0.60975
1044	0.36439	0.36014	0.60972
1045	0.3645	0.36029	0.60965
1046	0.3645	0.36037	0.60954
1047	0.36446	0.36044	0.60947
1048	0.36441	0.3605	0.60947
1049	0.36435	0.3605	0.60943
1050	0.36431	0.36045	0.60932
1051	0.36429	0.36034	0.60921
1052	0.36425	0.36017	0.6091
1053	0.36422	0.36	0.609
1054	0.3643	0.35997	0.60885
1055	0.36448	0.36007	0.60871
1056	0.36464	0.3602	0.60862
1057	0.36472	0.36028	0.60858
1058	0.36474	0.36036	0.60856
1059	0.36469	0.36043	0.60856
1060	0.36462	0.3605	0.60861
1061	0.36455	0.36055	0.60874
1062	0.36453	0.3606	0.60884
1063	0.36456	0.36063	0.60883
1064	0.3646	0.36063	0.60876
1065	0.36465	0.36062	0.60868
1066	0.36471	0.36059	0.60859
1067	0.36478	0.36058	0.60847
1068	0.36485	0.36062	0.60832
1069	0.36489	0.36066	0.60815
1070	0.36486	0.36066	0.60799
1071	0.36478	0.36065	0.60787
1072	0.36467	0.36063	0.6078
1073	0.36456	0.36063	0.60775
1074	0.36446	0.36062	0.60775
1075	0.36438	0.36065	0.60784
1076	0.36436	0.36072	0.60799
1077	0.36432	0.3608	0.60815
1078	0.36426	0.36085	0.6083
1079	0.36422	0.36087	0.60846
1080	0.3642	0.36084	0.60864
1081	0.3642	0.36078	0.60877
1082	0.36419	0.36068	0.60878
1083	0.36417	0.36054	0.60865
1084	0.36419	0.36041	0.60846
1085	0.36422	0.3603	0.60822
1086	0.36425	0.36022	0.60794
1087	0.3643	0.3602	0.60761
1088	0.36438	0.36023	0.60727
1089	0.36445	0.36028	0.60697
1090	0.36449	0.36034	0.60675
1091	0.36449	0.36039	0.60659
1092	0.36446	0.36042	0.60651
1093	0.36442	0.36044	0.6065
1094	0.36439	0.36049	0.60649
1095	0.36436	0.36055	0.60647
1096	0.36431	0.36057	0.6065
1097	0.36428	0.36056	0.60657
1098	0.36427	0.36057	0.60664
1099	0.36428	0.3606	0.60671
1100	0.36428	0.36062	0.60677
1101	0.36428	0.36063	0.60677
1102	0.36429	0.36064	0.6067
1103	0.36427	0.36064	0.60662
1104	0.36421	0.3606	0.60658
1105	0.36409	0.36052	0.60654
1106	0.36394	0.3604	0.60646
1107	0.36382	0.36028	0.60634
1108	0.36376	0.36017	0.60619
1109	0.36372	0.36005	0.60608
1110	0.36368	0.35993	0.60602
1111	0.36367	0.35982	0.606
1112	0.36369	0.35976	0.60595
1113	0.36374	0.35976	0.60589
1114	0.36379	0.3598	0.60582
1115	0.36382	0.35985	0.60572
1116	0.36384	0.35989	0.60562
1117	0.36382	0.3599	0.60554
1118	0.36376	0.35986	0.60547
1119	0.36365	0.35976	0.60543
1120	0.36352	0.35964	0.60538
1121	0.3634	0.35948	0.60536
1122	0.36328	0.3593	0.60537
1123	0.36314	0.35911	0.60537
1124	0.36303	0.35896	0.60531
1125	0.36293	0.35884	0.60521
1126	0.36282	0.35873	0.60503
1127	0.36269	0.35863	0.60478
1128	0.36252	0.35853	0.60447
1129	0.36233	0.35841	0.60413
1130	0.36213	0.35825	0.60378
1131	0.36191	0.35807	0.60344
1132	0.36169	0.35786	0.60313
1133	0.36145	0.35763	0.60284
1134	0.36119	0.35739	0.60253
1135	0.36091	0.35715	0.60217
1136	0.36064	0.35691	0.6018
1137	0.36043	0.35671	0.60145
1138	0.36025	0.35655	0.60106
1139	0.36002	0.35633	0.6006
1140	0.35971	0.35603	0.6001
1141	0.3594	0.35573	0.59958
1142	0.35907	0.35542	0.59907
1143	0.35875	0.35508	0.5986
1144	0.35843	0.35472	0.59815
1145	0.35808	0.35432	0.59771
1146	0.35769	0.3539	0.59727
1147	0.3573	0.35348	0.59685
1148	0.35693	0.35309	0.59643
1149	0.35661	0.35275	0.59599
1150	0.35635	0.35248	0.59558
1151	0.35617	0.35226	0.59525
1152	0.35598	0.35208	0.59493
1153	0.35574	0.35189	0.5946
1154	0.35549	0.35171	0.59428
1155	0.35526	0.35158	0.59397
1156	0.35504	0.35142	0.59368
1157	0.35483	0.35124	0.59341
1158	0.35461	0.35104	0.59313
1159	0.35436	0.35082	0.59282
1160	0.35411	0.35061	0.59256
1161	0.35391	0.35045	0.59239
1162	0.35374	0.3503	0.59231
1163	0.35362	0.35017	0.59227
1164	0.35355	0.35006	0.59223
1165	0.35349	0.34998	0.59219
1166	0.35344	0.34994	0.59214
1167	0.35338	0.34991	0.59205
1168	0.35329	0.34986	0.59194
1169	0.3532	0.34978	0.59184
1170	0.3531	0.34967	0.5917
1171	0.35298	0.34954	0.59147
1172	0.35287	0.3494	0.5912
1173	0.3528	0.34931	0.59097
1174	0.35275	0.34926	0.59078
1175	0.35272	0.34922	0.59066
1176	0.3527	0.34919	0.59061
1177	0.35271	0.34917	0.5906
1178	0.35273	0.34916	0.59058
1179	0.35273	0.34916	0.59061
1180	0.3527	0.34915	0.59068
1181	0.35268	0.34913	0.59073
1182	0.35265	0.34907	0.59077
1183	0.35259	0.34897	0.59078
1184	0.35247	0.34885	0.59072
1185	0.35235	0.34873	0.59059
1186	0.35226	0.34866	0.59048
1187	0.35222	0.34865	0.59038
1188	0.35221	0.34866	0.59027
1189	0.35224	0.3487	0.59016
1190	0.35231	0.34877	0.59005
1191	0.35238	0.34887	0.58996
1192	0.35244	0.34896	0.58993
1193	0.35246	0.34904	0.58997
1194	0.35249	0.34909	0.58999
1195	0.35253	0.3491	0.58996
1196	0.35252	0.34907	0.58986
1197	0.35245	0.349	0.58974
1198	0.35235	0.34892	0.58962
1199	0.35226	0.34885	0.58952
1200	0.35219	0.34878	0.58946
1201	0.35215	0.34873	0.58941
1202	0.35215	0.34869	0.58939
1203	0.35219	0.3487	0.58938
1204	0.35226	0.34877	0.58939
1205	0.35233	0.34885	0.58944
1206	0.35239	0.34894	0.58954
1207	0.35246	0.349	0.58966
1208	0.35252	0.34905	0.58979
1209	0.35253	0.34907	0.58991
1210	0.35248	0.34907	0.58997
1211	0.35244	0.34906	0.59
1212	0.35242	0.34906	0.58999
1213	0.35242	0.34904	0.58998
1214	0.35244	0.34904	0.58997
1215	0.35247	0.34906	0.59
1216	0.35253	0.34913	0.59004
1217	0.35263	0.34925	0.59007
1218	0.35274	0.34939	0.59008
1219	0.35283	0.34953	0.59007
1220	0.35292	0.34963	0.59007
1221	0.35302	0.34971	0.59013
1222	0.35311	0.34977	0.59023
1223	0.3532	0.34984	0.59034
1224	0.35331	0.34991	0.59041
1225	0.35343	0.34996	0.59046
1226	0.35353	0.34999	0.59049
1227	0.35361	0.34998	0.59052
1228	0.35365	0.34997	0.59055
1229	0.35365	0.34997	0.59061
1230	0.35364	0.34997	0.59069
1231	0.35362	0.34999	0.59077
1232	0.35357	0.35003	0.59081
1233	0.35349	0.35008	0.59082
1234	0.35343	0.35011	0.5908
1235	0.35343	0.35015	0.59079
1236	0.35347	0.35023	0.5908
1237	0.35356	0.35035	0.5908
1238	0.35367	0.35045	0.59078
1239	0.35378	0.35051	0.59075
1240	0.35389	0.35054	0.59071
1241	0.35399	0.35057	0.59064
1242	0.35407	0.35058	0.59055
1243	0.35413	0.35057	0.59048
1244	0.35419	0.35057	0.59046
1245	0.35422	0.3506	0.59046
1246	0.35422	0.35064	0.59044
1247	0.35418	0.35065	0.59039
1248	0.35413	0.35064	0.59031
1249	0.35406	0.35061	0.59028
1250	0.35399	0.35061	0.59029
1251	0.35393	0.35061	0.59032
1252	0.35389	0.3506	0.59036
1253	0.3539	0.35061	0.59046
1254	0.35396	0.35064	0.59057
1255	0.35403	0.3507	0.59064
1256	0.3541	0.35076	0.59066
1257	0.35423	0.35084	0.59067
1258	0.35438	0.35096	0.59068
1259	0.35451	0.35108	0.59069
1260	0.35459	0.35117	0.59066
1261	0.35461	0.35122	0.5906
1262	0.35461	0.35125	0.59054
1263	0.35458	0.35125	0.59051
1264	0.35453	0.35123	0.59053
1265	0.35448	0.3512	0.59058
1266	0.35442	0.35113	0.59066
1267	0.35437	0.35103	0.59077
1268	0.3543	0.35092	0.59087
1269	0.3542	0.3508	0.59089
1270	0.35408	0.35067	0.59082
1271	0.354	0.35055	0.59071
1272	0.35394	0.35048	0.59057
1273	0.35388	0.35044	0.59043
1274	0.35385	0.35045	0.59029
1275	0.35385	0.3505	0.59016
1276	0.35389	0.35058	0.5901
1277	0.35394	0.35067	0.59012
1278	0.35402	0.35077	0.59019
1279	0.35411	0.35085	0.59029
1280	0.35419	0.35091	0.59037
1281	0.35425	0.35095	0.59043
1282	0.35427	0.35094	0.59047
1283	0.35423	0.35087	0.59045
1284	0.35415	0.35075	0.59036
1285	0.35408	0.35062	0.59025
1286	0.354	0.35051	0.59012
1287	0.35392	0.35043	0.58994
1288	0.35384	0.35035	0.58974
1289	0.35376	0.35024	0.58955
1290	0.35367	0.3501	0.58936
1291	0.35357	0.34995	0.58915
1292	0.35347	0.34982	0.58894
1293	0.35339	0.34974	0.58872
1294	0.35331	0.34968	0.58852
1295	0.35318	0.3496	0.5884
1296	0.35302	0.34949	0.58833
1297	0.35284	0.34934	0.58825
1298	0.35266	0.34917	0.58816
1299	0.35247	0.34899	0.58811
1300	0.35226	0.34884	0.58803
1301	0.35208	0.34873	0.58783
1302	0.35192	0.34861	0.58756
1303	0.35175	0.34844	0.58729
1304	0.35155	0.34823	0.58699
1305	0.35135	0.34805	0.58668
1306	0.35117	0.34791	0.58637
1307	0.35101	0.3478	0.58604
1308	0.35084	0.34766	0.58574
1309	0.35066	0.3475	0.58549
1310	0.35049	0.34731	0.58527
1311	0.35034	0.34709	0.58501
1312	0.35019	0.34685	0.58476
1313	0.35	0.34659	0.5845
1314	0.3498	0.34632	0.58418
1315	0.34957	0.34606	0.58375
1316	0.34929	0.34575	0.58332
1317	0.34893	0.34538	0.5829
1318	0.34856	0.345	0.58247
1319	0.34818	0.34464	0.58205
1320	0.3478	0.34431	0.58166
1321	0.34741	0.34399	0.58128
1322	0.34702	0.34371	0.58092
1323	0.34665	0.34346	0.58061
1324	0.34629	0.34319	0.58028
1325	0.34594	0.3429	0.57992
1326	0.34558	0.34259	0.57954
1327	0.34521	0.34225	0.57914
1328	0.34485	0.34192	0.5787
1329	0.3445	0.34159	0.57823
1330	0.3441	0.3412	0.5777
1331	0.34369	0.34078	0.57713
1332	0.3433	0.34035	0.57656
1333	0.34293	0.33995	0.57601
1334	0.34259	0.33961	0.57552
1335	0.34227	0.33931	0.57505
1336	0.34193	0.33903	0.5746
1337	0.34156	0.33873	0.57417
1338	0.34116	0.33835	0.57372
1339	0.34073	0.33792	0.5733
1340	0.34028	0.33746	0.57287
1341	0.33984	0.337	0.57237
1342	0.33941	0.33657	0.57183
1343	0.33898	0.33616	0.57129
1344	0.33854	0.33571	0.57074
1345	0.3381	0.33527	0.57017
1346	0.3377	0.33486	0.56963
1347	0.33731	0.33446	0.56911
1348	0.33693	0.33409	0.56862
1349	0.33659	0.33378	0.56818
1350	0.33624	0.3335	0.5678
1351	0.33589	0.33327	0.56749
1352	0.33553	0.33302	0.56719
1353	0.33515	0.33271	0.56686
1354	0.33476	0.33235	0.56645
1355	0.33433	0.33197	0.56596
1356	0.3339	0.33159	0.56546
1357	0.33349	0.33123	0.565
1358	0.33311	0.33085	0.56455
1359	0.33275	0.33047	0.56408
1360	0.33236	0.33006	0.5636
1361	0.3319	0.32959	0.56305
1362	0.33143	0.32908	0.56243
1363	0.33096	0.3286	0.56181
1364	0.33049	0.32815	0.56117
1365	0.33	0.32769	0.56053
1366	0.32947	0.32717	0.55983
1367	0.32887	0.32654	0.55906
1368	0.3282	0.32588	0.55824
1369	0.32747	0.32518	0.55736
1370	0.32671	0.32445	0.55644
1371	0.32595	0.32368	0.5555
1372	0.32513	0.32286	0.55453
1373	0.32426	0.32198	0.55345
1374	0.32333	0.32103	0.55224
1375	0.3223	0.31995	0.55087
1376	0.32116	0.31877	0.54935
1377	0.31993	0.31752	0.54772
1378	0.31864	0.31619	0.54599
1379	0.31725	0.31476	0.54413
1380	0.31573	0.3132	0.54214
1381	0.31405	0.31153	0.54
1382	0.31225	0.30978	0.5377
1383	0.31032	0.30792	0.53521
1384	0.30825	0.30595	0.5326
1385	0.30603	0.30385	0.52985
1386	0.30368	0.30163	0.52695
1387	0.30123	0.2993	0.52384
1388	0.29871	0.29686	0.52057
1389	0.29605	0.29427	0.51713
1390	0.29324	0.29158	0.51352
1391	0.29033	0.28881	0.50977
1392	0.28737	0.28597	0.50592
1393	0.28438	0.28305	0.50196
1394	0.28134	0.28005	0.49788
1395	0.27826	0.27699	0.49365
1396	0.27513	0.27392	0.48932
1397	0.27193	0.27079	0.48493
1398	0.26869	0.26763	0.48055
1399	0.26543	0.26447	0.47616
1400	0.26222	0.26133	0.47177
1401	0.25907	0.25826	0.46744
1402	0.25598	0.25524	0.46318
1403	0.2529	0.25223	0.45888
1404	0.24986	0.24931	0.45463
1405	0.24691	0.24646	0.45046
1406	0.24409	0.2437	0.44639
1407	0.24143	0.24108	0.44246
1408	0.23891	0.23857	0.43861
1409	0.23647	0.23615	0.43487
1410	0.23412	0.23382	0.43128
1411	0.23183	0.23153	0.42783
1412	0.22962	0.22933	0.42457
1413	0.22751	0.22723	0.42152
1414	0.22552	0.22526	0.41868
1415	0.22367	0.22344	0.41601
1416	0.22191	0.22171	0.41345
1417	0.22021	0.22001	0.41093
1418	0.21862	0.21842	0.40854
1419	0.21715	0.21694	0.40629
1420	0.21582	0.2156	0.4042
1421	0.21462	0.21441	0.40226
1422	0.2135	0.21332	0.40046
1423	0.21242	0.21229	0.3988
1424	0.21138	0.21131	0.39726
1425	0.21037	0.21038	0.39579
1426	0.20945	0.20953	0.39444
1427	0.20857	0.20873	0.39321
1428	0.20774	0.20796	0.39205
1429	0.20695	0.20725	0.39095
1430	0.20621	0.20659	0.38988
1431	0.2055	0.20594	0.38884
1432	0.20487	0.20532	0.38788
1433	0.20432	0.20476	0.38704
1434	0.20386	0.20426	0.38629
1435	0.20344	0.2038	0.38566
1436	0.20306	0.20339	0.38512
1437	0.20271	0.20302	0.38464
1438	0.20242	0.20269	0.3842
1439	0.20217	0.20243	0.3838
1440	0.20195	0.2022	0.38348
1441	0.20173	0.202	0.3832
1442	0.20154	0.20182	0.38294
1443	0.20138	0.20168	0.3827
1444	0.20124	0.20159	0.38246
1445	0.2011	0.20149	0.38224
1446	0.20092	0.20132	0.38202
1447	0.20073	0.20112	0.38183
1448	0.20056	0.20095	0.38168
1449	0.20043	0.20083	0.38159
1450	0.20032	0.20075	0.38155
1451	0.20042	0.20084	0.38174
1452	0.20042	0.20085	0.38181
1453	0.20042	0.20088	0.38192
1454	0.20045	0.20094	0.38206
1455	0.2005	0.20101	0.38223
1456	0.20058	0.2011	0.38244
1457	0.20068	0.20121	0.3827
1458	0.20083	0.20136	0.38301
1459	0.20101	0.20155	0.38338
1460	0.20122	0.20177	0.3838
1461	0.20147	0.20202	0.38428
1462	0.20175	0.20231	0.38481
1463	0.20207	0.20263	0.3854
1464	0.20242	0.203	0.38604
1465	0.2028	0.2034	0.38673
1466	0.20323	0.20382	0.38746
1467	0.20369	0.20427	0.38823
1468	0.20418	0.20476	0.38904
1469	0.20469	0.20526	0.3899
1470	0.20522	0.20578	0.3908
1471	0.20576	0.20631	0.39173
1472	0.20636	0.20689	0.39272
1473	0.20699	0.20753	0.39375
1474	0.20766	0.2082	0.39484
1475	0.20837	0.20891	0.39598
1476	0.20912	0.20964	0.39715
1477	0.20989	0.2104	0.39836
1478	0.21068	0.21119	0.39959
1479	0.21149	0.21198	0.40084
1480	0.21232	0.2128	0.40212
1481	0.21317	0.21364	0.40343
1482	0.21404	0.21449	0.40476
1483	0.21491	0.21535	0.40611
1484	0.21579	0.21622	0.40748
1485	0.21667	0.2171	0.40886
1486	0.21756	0.21799	0.41026
1487	0.21845	0.21888	0.41168
1488	0.21935	0.21978	0.41311
1489	0.22027	0.2207	0.41456
1490	0.2212	0.22161	0.41602
1491	0.22213	0.22253	0.41749
1492	0.22306	0.22346	0.41895
1493	0.22399	0.22439	0.42041
1494	0.22492	0.22532	0.42188
1495	0.22586	0.22626	0.42337
1496	0.2268	0.2272	0.42485
1497	0.22773	0.22814	0.42632
1498	0.22867	0.22908	0.42778
1499	0.2296	0.23002	0.42924
1500	0.23052	0.23094	0.43067
1501	0.23145	0.23184	0.43208
1502	0.23237	0.23273	0.43348
1503	0.23329	0.23363	0.43486
1504	0.23422	0.23453	0.43625
1505	0.23515	0.23544	0.43763
1506	0.23609	0.23635	0.439
1507	0.23703	0.23726	0.44036
1508	0.23798	0.23818	0.44171
1509	0.23891	0.23908	0.44304
1510	0.23985	0.23998	0.44436
1511	0.24079	0.24089	0.44568
1512	0.24172	0.2418	0.44699
1513	0.24265	0.24271	0.44828
1514	0.24357	0.24361	0.44956
1515	0.24447	0.2445	0.45084
1516	0.24536	0.24537	0.45211
1517	0.24624	0.24624	0.45336
1518	0.24711	0.24709	0.45461
1519	0.24798	0.24795	0.45586
1520	0.24883	0.24879	0.45711
1521	0.24968	0.24962	0.45837
1522	0.25052	0.25045	0.45964
1523	0.25136	0.25128	0.46088
1524	0.2522	0.2521	0.46211
1525	0.25303	0.25292	0.46333
1526	0.25383	0.25373	0.46453
1527	0.25463	0.25453	0.46571
1528	0.25542	0.25532	0.46688
1529	0.25621	0.2561	0.46803
1530	0.25699	0.25689	0.46917
1531	0.25777	0.25766	0.47029
1532	0.25854	0.25842	0.47139
1533	0.2593	0.25916	0.47247
1534	0.26005	0.25989	0.47353
1535	0.2608	0.2606	0.47458
1536	0.26154	0.2613	0.4756
1537	0.26225	0.26198	0.4766
1538	0.26295	0.26265	0.47757
1539	0.26365	0.26332	0.47854
1540	0.26435	0.26398	0.47951
1541	0.26504	0.26462	0.48048
1542	0.26572	0.26525	0.48142
1543	0.26637	0.26587	0.48233
1544	0.26701	0.2665	0.48322
1545	0.26765	0.26713	0.48411
1546	0.26829	0.26775	0.48501
1547	0.26894	0.26838	0.48592
1548	0.26958	0.269	0.48681
1549	0.2702	0.26961	0.48767
1550	0.2708	0.2702	0.4885
1551	0.2714	0.27078	0.48932
1552	0.27199	0.27135	0.49014
1553	0.27258	0.27193	0.49097
1554	0.27318	0.27251	0.49181
1555	0.27376	0.27308	0.49263
1556	0.27434	0.27363	0.49344
1557	0.27491	0.27416	0.49424
1558	0.27547	0.27469	0.49502
1559	0.27602	0.27522	0.49578
1560	0.27658	0.27574	0.49654
1561	0.27712	0.27628	0.4973
1562	0.27765	0.27682	0.49804
1563	0.27819	0.27735	0.49877
1564	0.27873	0.27788	0.49948
1565	0.27925	0.27839	0.50015
1566	0.27975	0.27888	0.50081
1567	0.28025	0.27936	0.50146
1568	0.28074	0.27983	0.50209
1569	0.28121	0.28028	0.50272
1570	0.28168	0.28072	0.50333
1571	0.28214	0.28115	0.50394
1572	0.28259	0.28157	0.50453
1573	0.28301	0.28198	0.5051
1574	0.28343	0.28239	0.50566
1575	0.28385	0.28278	0.50624
1576	0.28425	0.28316	0.50683
1577	0.28466	0.28354	0.50738
1578	0.28506	0.28393	0.50792
1579	0.28546	0.28434	0.50845
1580	0.28585	0.28474	0.509
1581	0.28625	0.28514	0.50954
1582	0.28665	0.28552	0.51008
1583	0.28705	0.28589	0.51062
1584	0.28744	0.28626	0.51115
1585	0.28781	0.28661	0.51165
1586	0.28818	0.28695	0.51215
1587	0.28857	0.28732	0.51266
1588	0.28898	0.28769	0.51318
1589	0.28937	0.28806	0.51369
1590	0.28975	0.2884	0.51419
1591	0.29012	0.28873	0.51467
1592	0.2905	0.28906	0.51515
1593	0.29086	0.28939	0.51565
1594	0.29122	0.28974	0.51616
1595	0.29158	0.29009	0.51666
1596	0.29193	0.29046	0.51714
1597	0.29227	0.29083	0.51761
1598	0.29259	0.29118	0.51806
1599	0.29293	0.29153	0.5185
1600	0.29328	0.29187	0.51895
1601	0.2936	0.29219	0.5194
1602	0.29391	0.2925	0.51985
1603	0.29422	0.29281	0.5203
1604	0.29454	0.29311	0.52076
1605	0.29486	0.29341	0.52123
1606	0.29518	0.29371	0.52169
1607	0.29547	0.29399	0.52212
1608	0.29574	0.29424	0.52252
1609	0.296	0.29451	0.52292
1610	0.29628	0.29478	0.52335
1611	0.29656	0.29504	0.52378
1612	0.29684	0.29531	0.5242
1613	0.29712	0.2956	0.52459
1614	0.2974	0.2959	0.52499
1615	0.29766	0.29617	0.52539
1616	0.29793	0.29644	0.52577
1617	0.29821	0.2967	0.52615
1618	0.29851	0.29696	0.52654
1619	0.29879	0.2972	0.52693
1620	0.29905	0.29745	0.5273
1621	0.2993	0.29768	0.52766
1622	0.29955	0.29791	0.528
1623	0.29981	0.29814	0.52834
1624	0.30003	0.29836	0.52866
1625	0.30024	0.29856	0.52898
1626	0.30045	0.29876	0.5293
1627	0.30068	0.29897	0.52962
1628	0.30092	0.29919	0.52992
1629	0.30114	0.29942	0.53023
1630	0.30137	0.29966	0.53054
1631	0.3016	0.29988	0.53081
1632	0.30182	0.30009	0.53107
1633	0.30203	0.30029	0.53131
1634	0.30225	0.3005	0.53154
1635	0.30247	0.30071	0.5318
1636	0.30267	0.3009	0.53205
1637	0.30285	0.30108	0.53231
1638	0.30303	0.30127	0.53258
1639	0.3032	0.30145	0.53283
1640	0.30335	0.30161	0.53307
1641	0.30349	0.30177	0.5333
1642	0.30364	0.30193	0.53351
1643	0.30378	0.30208	0.53372
1644	0.30394	0.30225	0.53397
1645	0.30411	0.30244	0.53421
1646	0.30426	0.30261	0.53443
1647	0.3044	0.30277	0.53466
1648	0.30455	0.30294	0.5349
1649	0.30469	0.30309	0.53513
1650	0.30482	0.30322	0.53535
1651	0.30494	0.30334	0.53556
1652	0.30505	0.30345	0.53576
1653	0.30514	0.30353	0.53595
1654	0.30521	0.30358	0.53613
1655	0.30526	0.30363	0.5363
1656	0.3053	0.30366	0.53647
1657	0.30534	0.30368	0.53662
1658	0.30536	0.30371	0.53676
1659	0.30539	0.30376	0.5369
1660	0.30543	0.30381	0.53703
1661	0.30547	0.30385	0.53718
1662	0.30552	0.30388	0.53734
1663	0.30557	0.3039	0.53746
1664	0.30561	0.30392	0.53757
1665	0.30566	0.30395	0.5377
1666	0.30572	0.30397	0.53781
1667	0.30577	0.30397	0.53794
1668	0.30581	0.30395	0.53807
1669	0.30583	0.30395	0.53819
1670	0.30585	0.30396	0.53832
1671	0.30587	0.30397	0.53848
1672	0.30588	0.30398	0.53862
1673	0.30586	0.30397	0.53874
1674	0.30582	0.30394	0.53884
1675	0.30577	0.30392	0.53895
1676	0.30573	0.3039	0.53906
1677	0.30571	0.30389	0.53916
1678	0.3057	0.30389	0.53926
1679	0.3057	0.30391	0.53936
1680	0.30567	0.3039	0.53945
1681	0.3056	0.30384	0.5395
1682	0.30554	0.30377	0.53955
1683	0.30548	0.30371	0.5396
1684	0.30542	0.30364	0.53962
1685	0.30533	0.30355	0.53963
1686	0.30523	0.30345	0.53962
1687	0.30511	0.30333	0.5396
1688	0.30496	0.3032	0.53955
1689	0.30482	0.30307	0.5395
1690	0.30468	0.30294	0.53944
1691	0.30452	0.30281	0.53936
1692	0.30437	0.30268	0.53927
1693	0.30423	0.30255	0.53916
1694	0.30409	0.30242	0.53905
1695	0.30394	0.30229	0.53893
1696	0.30377	0.30213	0.53882
1697	0.3036	0.30196	0.53871
1698	0.30344	0.30177	0.53856
1699	0.30328	0.30159	0.5384
1700	0.30315	0.30143	0.53825
1701	0.30305	0.30128	0.53812
1702	0.30293	0.30112	0.53801
1703	0.3028	0.30095	0.53791
1704	0.30266	0.30079	0.53777
1705	0.30251	0.30065	0.53759
1706	0.30237	0.30051	0.5374
1707	0.30225	0.30036	0.53722
1708	0.30209	0.30019	0.53703
1709	0.30191	0.30002	0.53683
1710	0.30173	0.29986	0.53665
1711	0.30158	0.29971	0.53646
1712	0.30143	0.29956	0.53625
1713	0.30128	0.29941	0.53602
1714	0.30113	0.29925	0.53578
1715	0.30097	0.29908	0.53552
1716	0.3008	0.29887	0.53524
1717	0.30062	0.29865	0.53493
1718	0.30046	0.29846	0.53464
1719	0.3003	0.29828	0.53438
1720	0.30009	0.29806	0.53414
1721	0.29985	0.2978	0.5339
1722	0.29957	0.29754	0.53365
1723	0.29928	0.29726	0.53338
1724	0.29901	0.297	0.53313
1725	0.29876	0.29675	0.53288
1726	0.29848	0.29646	0.53261
1727	0.29818	0.29615	0.53232
1728	0.2979	0.29586	0.53204
1729	0.29762	0.29556	0.53175
1730	0.2973	0.29526	0.53146
1731	0.29697	0.29497	0.53119
1732	0.29663	0.29469	0.53094
1733	0.2963	0.29443	0.53067
1734	0.29599	0.29416	0.53037
1735	0.29569	0.29389	0.53006
1736	0.2954	0.29362	0.52978
1737	0.29511	0.29335	0.5295
1738	0.29481	0.29308	0.52917
1739	0.29451	0.29281	0.52882
1740	0.29421	0.29254	0.52847
1741	0.29391	0.29228	0.52811
1742	0.29363	0.29202	0.52775
1743	0.29334	0.29177	0.52738
1744	0.29304	0.29152	0.52702
1745	0.29275	0.29127	0.52662
1746	0.29247	0.291	0.5262
1747	0.2922	0.29073	0.52577
1748	0.29192	0.29046	0.52534
1749	0.29163	0.29016	0.52487
1750	0.29131	0.28983	0.52437
1751	0.29101	0.2895	0.52386
1752	0.29072	0.28917	0.52335
1753	0.29043	0.28883	0.52288
1754	0.29012	0.28849	0.52245
1755	0.28978	0.28813	0.522
1756	0.28942	0.28775	0.52152
1757	0.28906	0.28739	0.52106
1758	0.28872	0.28704	0.52064
1759	0.28838	0.28669	0.52022
1760	0.28806	0.28633	0.51981
1761	0.28771	0.28596	0.51938
1762	0.28734	0.28558	0.51895
1763	0.28697	0.28521	0.51853
1764	0.28661	0.28488	0.51812
1765	0.28628	0.28458	0.51772
1766	0.28596	0.28431	0.51734
1767	0.28561	0.28401	0.51696
1768	0.28525	0.2837	0.51659
1769	0.28493	0.28339	0.51621
1770	0.28463	0.28307	0.51583
1771	0.28433	0.28276	0.51549
1772	0.28403	0.28248	0.51519
1773	0.28375	0.28222	0.51488
1774	0.28348	0.28196	0.51456
1775	0.28322	0.28169	0.51426
1776	0.28299	0.28144	0.51399
1777	0.2828	0.28124	0.51372
1778	0.28265	0.28109	0.51347
1779	0.28252	0.28096	0.51325
1780	0.28238	0.28081	0.51304
1781	0.28223	0.28066	0.5128
1782	0.28207	0.28051	0.51257
1783	0.28192	0.28037	0.51235
1784	0.28178	0.28023	0.51214
1785	0.28153	0.27999	0.51172
1786	0.28136	0.27983	0.51144
1787	0.28127	0.27976	0.51127
1788	0.2812	0.27966	0.51114
1789	0.28114	0.27953	0.51105
1790	0.28113	0.27948	0.511
1791	0.28118	0.27949	0.51098
1792	0.28127	0.27956	0.51105
1793	0.28136	0.27964	0.51123
1794	0.28146	0.27972	0.51145
1795	0.2816	0.2798	0.51167
1796	0.28175	0.27988	0.51193
1797	0.28189	0.27993	0.51222
1798	0.282	0.27996	0.51251
1799	0.28214	0.28004	0.51281
1800	0.28233	0.2802	0.51314
1801	0.28256	0.2804	0.51344
1802	0.2828	0.28058	0.51365
1803	0.28301	0.28073	0.51386
1804	0.28323	0.28094	0.5142
1805	0.28346	0.28119	0.51464
1806	0.28373	0.28152	0.51511
1807	0.28402	0.28189	0.51561
1808	0.28424	0.28213	0.51599
1809	0.28435	0.28223	0.51623
1810	0.28443	0.28227	0.51638
1811	0.28456	0.28237	0.51652
1812	0.28469	0.2825	0.51664
1813	0.28477	0.28259	0.51671
1814	0.28477	0.28262	0.5167
1815	0.2847	0.28265	0.51669
1816	0.28456	0.2827	0.51667
1817	0.28446	0.2827	0.5166
1818	0.2844	0.28265	0.51649
1819	0.2843	0.28257	0.51638
1820	0.28412	0.28251	0.51627
1821	0.2839	0.28245	0.51613
1822	0.28383	0.28251	0.51623
1823	0.28374	0.28251	0.51628
1824	0.28367	0.2824	0.51626
1825	0.28365	0.28228	0.51623
1826	0.28367	0.28223	0.51616
1827	0.28366	0.2822	0.51606
1828	0.28364	0.28215	0.51602
1829	0.28361	0.28212	0.5161
1830	0.28357	0.28202	0.51615
1831	0.28343	0.28177	0.51601
1832	0.28318	0.2814	0.51574
1833	0.28297	0.2811	0.51555
1834	0.28282	0.28092	0.51542
1835	0.28274	0.28079	0.51518
1836	0.28267	0.28062	0.51482
1837	0.28257	0.2804	0.51439
1838	0.28244	0.28018	0.51398
1839	0.28225	0.27997	0.51366
1840	0.28203	0.27975	0.51339
1841	0.28179	0.27947	0.51301
1842	0.28153	0.27912	0.5125
1843	0.28115	0.27862	0.51184
1844	0.28058	0.27792	0.51097
1845	0.27993	0.27718	0.50998
1846	0.27934	0.27655	0.50904
1847	0.27876	0.27598	0.50817
1848	0.27809	0.27532	0.5072
1849	0.27728	0.27451	0.50602
1850	0.27641	0.27367	0.50473
1851	0.27553	0.27285	0.50359
1852	0.27464	0.27196	0.50247
1853	0.27372	0.27101	0.5012
1854	0.2727	0.27002	0.49982
1855	0.27155	0.269	0.49838
1856	0.27031	0.26791	0.49684
1857	0.26901	0.26671	0.49513
1858	0.26762	0.26542	0.49326
1859	0.26614	0.26401	0.49122
1860	0.26463	0.26245	0.489
1861	0.26303	0.2608	0.4866
1862	0.26119	0.25912	0.48398
1863	0.25914	0.25733	0.48116
1864	0.25693	0.25533	0.47815
1865	0.25453	0.2531	0.47484
1866	0.25192	0.25061	0.47118
1867	0.24913	0.24793	0.46725
1868	0.24628	0.24521	0.46317
1869	0.24339	0.24244	0.45885
1870	0.24032	0.23944	0.45407
1871	0.23697	0.2361	0.44884
1872	0.23338	0.23253	0.44332
1873	0.22958	0.22878	0.43749
1874	0.22561	0.22484	0.43132
1875	0.22151	0.22075	0.42487
1876	0.21729	0.21652	0.41816
1877	0.21293	0.21216	0.41116
1878	0.2084	0.20767	0.40383
1879	0.20374	0.20307	0.39618
1880	0.199	0.1984	0.38824
1881	0.19425	0.19371	0.38011
1882	0.18954	0.18903	0.37194
1883	0.18484	0.18432	0.36364
1884	0.18008	0.1795	0.35509
1885	0.17533	0.17465	0.3464
1886	0.17067	0.16991	0.33786
1887	0.16612	0.16534	0.32955
1888	0.16163	0.16085	0.32114
1889	0.15719	0.15641	0.31251
1890	0.15283	0.15201	0.30386
1891	0.1486	0.14774	0.29535
1892	0.14449	0.14361	0.28699
1893	0.14054	0.13972	0.27881
1894	0.13678	0.13603	0.27086
1895	0.13315	0.1324	0.26306
1896	0.12963	0.12882	0.25543
1897	0.1262	0.12541	0.248
1898	0.1229	0.12227	0.24086
1899	0.11985	0.11929	0.23406
1900	0.11702	0.11645	0.22763
1901	0.11438	0.1138	0.22158
1902	0.11188	0.11135	0.21583
1903	0.10954	0.10906	0.21033
1904	0.10737	0.10692	0.20513
1905	0.10537	0.10492	0.20026
1906	0.10347	0.10304	0.19572
1907	0.10166	0.10126	0.19144
1908	0.10001	0.099635	0.18744
1909	0.098528	0.098145	0.18378
1910	0.097193	0.096815	0.18052
1911	0.096044	0.095713	0.17762
1912	0.095041	0.094782	0.17501
1913	0.094083	0.093911	0.17252
1914	0.093191	0.093109	0.1702
1915	0.092369	0.092346	0.16809
1916	0.091617	0.091617	0.1662
1917	0.091002	0.091013	0.1646
1918	0.09055	0.090572	0.16328
1919	0.090175	0.090206	0.16211
1920	0.089781	0.089806	0.16103
1921	0.089411	0.089444	0.1601
1922	0.089097	0.08918	0.15935
1923	0.088817	0.088964	0.15866
1924	0.088589	0.088721	0.15796
1925	0.088412	0.088472	0.15729
1926	0.088278	0.088303	0.15683
1927	0.088173	0.088216	0.15657
1928	0.088088	0.088151	0.1564
1929	0.088026	0.088095	0.15627
1930	0.087974	0.088021	0.15623
1931	0.087945	0.087932	0.15633
1932	0.087996	0.087927	0.15661
1933	0.088075	0.088008	0.15694
1934	0.08816	0.088132	0.15731
1935	0.088307	0.088266	0.15783
1936	0.088517	0.088414	0.15848
1937	0.08872	0.088571	0.15916
1938	0.088883	0.088726	0.15982
1939	0.089129	0.088959	0.16061
1940	0.089529	0.089307	0.16158
1941	0.089997	0.089715	0.16261
1942	0.090431	0.090126	0.16364
1943	0.09084	0.090535	0.16473
1944	0.091258	0.090937	0.16589
1945	0.091701	0.091362	0.16712
1946	0.092263	0.091904	0.16849
1947	0.092913	0.092535	0.16995
1948	0.093518	0.093097	0.17135
1949	0.094051	0.093552	0.17265
1950	0.094612	0.094034	0.17401
1951	0.095218	0.094575	0.17547
1952	0.095873	0.095166	0.17697
1953	0.096554	0.09575	0.17843
1954	0.097198	0.096283	0.17987
1955	0.097767	0.09679	0.18132
1956	0.098296	0.097293	0.18281
1957	0.098883	0.097793	0.18436
1958	0.099529	0.098298	0.18597
1959	0.10014	0.09882	0.18759
1960	0.10071	0.099359	0.1892
1961	0.10129	0.099919	0.19082
1962	0.10189	0.10049	0.19248
1963	0.10249	0.10107	0.19414
1964	0.10307	0.10167	0.19576
1965	0.10365	0.10232	0.19745
1966	0.10429	0.10299	0.19929
1967	0.10494	0.10366	0.2012
1968	0.10558	0.10431	0.20303
1969	0.1062	0.10495	0.20478
1970	0.10682	0.10559	0.20658
1971	0.10746	0.10625	0.20847
1972	0.10807	0.10693	0.21033
1973	0.10863	0.10765	0.21216
1974	0.10922	0.10839	0.21399
1975	0.10991	0.1092	0.21587
1976	0.11068	0.11006	0.21783
1977	0.11146	0.11098	0.21988
1978	0.11223	0.11191	0.22196
1979	0.11298	0.11279	0.22395
1980	0.11372	0.11364	0.22589
1981	0.1146	0.11458	0.22796
1982	0.1156	0.11559	0.23016
1983	0.11651	0.11651	0.23226
1984	0.11728	0.11732	0.23424
1985	0.11799	0.11808	0.23618
1986	0.11869	0.1188	0.2381
1987	0.11942	0.1195	0.24
1988	0.12019	0.12021	0.24188
1989	0.12099	0.12094	0.24373
1990	0.12169	0.12164	0.24558
1991	0.12234	0.12232	0.24744
1992	0.12304	0.12301	0.24933
1993	0.12381	0.12369	0.25125
1994	0.12451	0.12441	0.25314
1995	0.12511	0.12513	0.25496
1996	0.12579	0.12586	0.25676
1997	0.12665	0.12667	0.25861
1998	0.12754	0.12751	0.26049
1999	0.12832	0.12831	0.26236
2000	0.12911	0.12916	0.26426
2001	0.13005	0.13013	0.26631
2002	0.13111	0.13116	0.26843
2003	0.13209	0.13207	0.27043
2004	0.133	0.13289	0.27233
2005	0.13387	0.13375	0.27421
2006	0.13468	0.13465	0.27607
2007	0.13557	0.13559	0.278
2008	0.13659	0.13658	0.28001
2009	0.13761	0.13759	0.28204
2010	0.1386	0.13863	0.28406
2011	0.13956	0.13969	0.2861
2012	0.14052	0.14077	0.28812
2013	0.1415	0.14185	0.29014
2014	0.14255	0.14294	0.29222
2015	0.14357	0.14401	0.29426
2016	0.14449	0.145	0.29617
2017	0.14534	0.14593	0.298
2018	0.14622	0.14682	0.29986
2019	0.14707	0.14767	0.30175
2020	0.14782	0.1486	0.30361
2021	0.14853	0.14956	0.30538
2022	0.14933	0.15046	0.30713
2023	0.15029	0.1514	0.30897
2024	0.15131	0.15242	0.31085
2025	0.15218	0.15338	0.31266
2026	0.15287	0.15414	0.31434
2027	0.15355	0.15475	0.31595
2028	0.15431	0.15533	0.31756
2029	0.15499	0.15597	0.31914
2030	0.15556	0.15662	0.32066
2031	0.1561	0.15716	0.32204
2032	0.15671	0.15767	0.32333
2033	0.15738	0.15825	0.32465
2034	0.15801	0.15882	0.326
2035	0.15868	0.15936	0.32732
2036	0.1595	0.15995	0.32862
2037	0.16039	0.16053	0.32994
2038	0.16123	0.16094	0.33121
2039	0.16197	0.16125	0.33243
2040	0.16272	0.16177	0.33377
2041	0.16349	0.1625	0.3352
2042	0.16422	0.1632	0.33653
2043	0.16494	0.16384	0.33778
2044	0.16575	0.16455	0.33904
2045	0.16659	0.16535	0.3403
2046	0.16739	0.16612	0.34167
2047	0.1682	0.16683	0.34308
2048	0.16917	0.16764	0.34448
2049	0.17028	0.16864	0.34594
2050	0.17133	0.16967	0.34745
2051	0.17209	0.17051	0.34877
2052	0.17271	0.17121	0.34995
2053	0.17358	0.17213	0.35129
2054	0.17462	0.17326	0.35282
2055	0.17548	0.17433	0.35429
2056	0.17615	0.17531	0.35568
2057	0.17683	0.17611	0.357
2058	0.17757	0.17676	0.35834
2059	0.17837	0.17747	0.35975
2060	0.1791	0.17828	0.36118
2061	0.17957	0.17889	0.36253
2062	0.17984	0.17921	0.36376
2063	0.18021	0.17953	0.36494
2064	0.18073	0.18008	0.36616
2065	0.18118	0.18073	0.36743
2066	0.18154	0.18118	0.36867
2067	0.18194	0.1815	0.36984
2068	0.18247	0.18186	0.37101
2069	0.18303	0.18225	0.37221
2070	0.18361	0.1826	0.37337
2071	0.18428	0.18297	0.37451
2072	0.18503	0.18346	0.37579
2073	0.18575	0.18405	0.37723
2074	0.18637	0.18465	0.37869
2075	0.18693	0.1853	0.38012
2076	0.18756	0.18607	0.38157
2077	0.18829	0.18682	0.38301
2078	0.18899	0.18745	0.38431
2079	0.18968	0.18807	0.38552
2080	0.19041	0.18879	0.38675
2081	0.19108	0.1896	0.38802
2082	0.19171	0.19044	0.38929
2083	0.19245	0.19131	0.39039
2084	0.19324	0.19224	0.39134
2085	0.19382	0.19302	0.39226
2086	0.19417	0.19357	0.39317
2087	0.19462	0.19408	0.39398
2088	0.1953	0.1947	0.39477
2089	0.19601	0.1954	0.39564
2090	0.19654	0.19597	0.39655
2091	0.197	0.19644	0.39747
2092	0.19762	0.19702	0.39845
2093	0.19831	0.19772	0.39956
2094	0.1989	0.19843	0.40078
2095	0.19938	0.19907	0.40207
2096	0.19978	0.1996	0.40332
2097	0.20013	0.20002	0.40448
2098	0.20058	0.20052	0.40554
2099	0.20123	0.20119	0.40663
2100	0.20192	0.20189	0.40782
2101	0.20249	0.20244	0.40902
2102	0.20291	0.20282	0.41004
2103	0.20332	0.20319	0.4109
2104	0.20376	0.20366	0.41175
2105	0.20425	0.20424	0.41271
2106	0.20491	0.205	0.414
2107	0.20568	0.2059	0.41557
2108	0.2064	0.20678	0.41709
2109	0.20703	0.20753	0.41838
2110	0.20765	0.20819	0.41963
2111	0.20837	0.20887	0.42107
2112	0.2091	0.20957	0.42266
2113	0.20964	0.21017	0.42415
2114	0.21	0.21067	0.42535
2115	0.2103	0.21114	0.42628
2116	0.21061	0.21163	0.4272
2117	0.21106	0.21217	0.42822
2118	0.21163	0.21263	0.42923
2119	0.21219	0.21295	0.43007
2120	0.21263	0.21321	0.4308
2121	0.21305	0.21346	0.4317
2122	0.21363	0.21381	0.43281
2123	0.21431	0.21424	0.43384
2124	0.21488	0.21466	0.43469
2125	0.21537	0.21505	0.43573
2126	0.21599	0.21545	0.43715
2127	0.21679	0.216	0.43866
2128	0.21756	0.21676	0.44001
2129	0.21813	0.21749	0.4413
2130	0.21843	0.21783	0.44256
2131	0.21862	0.21797	0.44372
2132	0.21887	0.21818	0.44447
2133	0.21918	0.21852	0.44497
2134	0.2195	0.21895	0.44565
2135	0.21978	0.21938	0.44644
2136	0.21999	0.21981	0.44711
2137	0.22015	0.22024	0.44764
2138	0.22032	0.22063	0.44815
2139	0.22056	0.22102	0.44874
2140	0.22084	0.22145	0.44941
2141	0.22114	0.22191	0.45016
2142	0.22159	0.22245	0.45114
2143	0.22203	0.22284	0.45197
2144	0.22215	0.22291	0.45249
2145	0.22206	0.22299	0.45306
2146	0.22208	0.22322	0.4538
2147	0.22218	0.22337	0.45442
2148	0.22216	0.2234	0.45478
2149	0.22203	0.22335	0.455
2150	0.22193	0.22321	0.455
2151	0.22187	0.22302	0.45478
2152	0.22186	0.22287	0.45464
2153	0.22198	0.22284	0.45469
2154	0.22216	0.22286	0.45472
2155	0.22233	0.22289	0.45472
2156	0.22252	0.22294	0.45491
2157	0.22285	0.22311	0.45529
2158	0.22324	0.22329	0.45557
2159	0.22353	0.2234	0.45553
2160	0.22377	0.22354	0.45552
2161	0.22412	0.22368	0.45592
2162	0.22457	0.22379	0.45636
2163	0.22488	0.22396	0.45644
2164	0.22494	0.22408	0.45635
2165	0.22493	0.22397	0.45636
2166	0.22495	0.22363	0.45631
2167	0.22509	0.22346	0.45609
2168	0.22529	0.22354	0.45593
2169	0.22541	0.22365	0.45604
2170	0.22533	0.22364	0.45616
2171	0.22517	0.22361	0.45615
2172	0.22515	0.22369	0.45629
2173	0.2252	0.22374	0.45664
2174	0.22511	0.22362	0.45691
2175	0.22484	0.22345	0.457
2176	0.22457	0.22343	0.45709
2177	0.22446	0.22355	0.45731
2178	0.22454	0.22367	0.45766
2179	0.22461	0.22368	0.45794
2180	0.22445	0.22367	0.45808
2181	0.2243	0.22379	0.45816
2182	0.22438	0.22386	0.45807
2183	0.2245	0.22373	0.45789
2184	0.22445	0.22357	0.45793
2185	0.22436	0.22359	0.45813
2186	0.22443	0.22374	0.45819
2187	0.2246	0.2238	0.45832
2188	0.22473	0.22378	0.45877
2189	0.2247	0.22381	0.45921
2190	0.22464	0.22386	0.45947
2191	0.22477	0.22396	0.45981
2192	0.22503	0.22407	0.46027
2193	0.22527	0.22418	0.46059
2194	0.22543	0.22422	0.46067
2195	0.22556	0.22416	0.4607
2196	0.22574	0.22404	0.46087
2197	0.22587	0.22384	0.46108
2198	0.22587	0.22359	0.46116
2199	0.22586	0.2235	0.46127
2200	0.22596	0.22354	0.46149
2201	0.22602	0.22349	0.46174
2202	0.22594	0.2234	0.46197
2203	0.2258	0.22345	0.46232
2204	0.22558	0.22351	0.4627
2205	0.22524	0.22332	0.46277
2206	0.2248	0.22298	0.46274
2207	0.22448	0.22276	0.46302
2208	0.22435	0.22274	0.46347
2209	0.2242	0.22266	0.46362
2210	0.22399	0.22243	0.46351
2211	0.22388	0.22226	0.46354
2212	0.22389	0.2222	0.46373
2213	0.224	0.22217	0.46381
2214	0.22417	0.22223	0.46382
2215	0.22419	0.22233	0.46383
2216	0.22396	0.22225	0.46375
2217	0.22376	0.22205	0.46361
2218	0.22383	0.22201	0.46353
2219	0.22402	0.22216	0.46357
2220	0.22413	0.22233	0.46372
2221	0.22427	0.22249	0.46382
2222	0.22443	0.22253	0.46386
2223	0.22442	0.22242	0.46399
2224	0.22427	0.22236	0.46404
2225	0.22415	0.22237	0.46384
2226	0.22415	0.22238	0.46375
2227	0.22422	0.22243	0.46398
2228	0.22428	0.22253	0.46425
2229	0.2244	0.22261	0.46422
2230	0.22446	0.22259	0.46376
2231	0.22447	0.22258	0.46311
2232	0.22445	0.22258	0.46265
2233	0.22429	0.22246	0.46253
2234	0.2241	0.22234	0.4625
2235	0.224	0.22229	0.46231
2236	0.22385	0.22215	0.46207
2237	0.22356	0.22186	0.46195
2238	0.22335	0.22159	0.46196
2239	0.22324	0.22141	0.46184
2240	0.22304	0.22113	0.4616
2241	0.22273	0.22069	0.46146
2242	0.22245	0.22032	0.46153
2243	0.22231	0.22015	0.46171
2244	0.2222	0.22	0.46178
2245	0.22189	0.21958	0.46166
2246	0.22144	0.21902	0.46156
2247	0.22102	0.21868	0.46149
2248	0.22071	0.21855	0.46123
2249	0.22053	0.21838	0.46087
2250	0.22026	0.21809	0.46064
2251	0.21977	0.21775	0.4604
2252	0.21928	0.2174	0.45998
2253	0.21899	0.21709	0.45963
2254	0.2188	0.21681	0.45949
2255	0.21842	0.21645	0.45921
2256	0.21796	0.21609	0.45875
2257	0.21779	0.21589	0.45849
2258	0.21769	0.21568	0.45844
2259	0.21745	0.21533	0.45819
2260	0.21713	0.2149	0.45756
2261	0.21685	0.21454	0.45701
2262	0.2166	0.21431	0.457
2263	0.21628	0.21401	0.45703
2264	0.21595	0.21352	0.45666
2265	0.21565	0.21298	0.45603
2266	0.21537	0.21253	0.45523
2267	0.21502	0.21204	0.45442
2268	0.21448	0.2113	0.45364
2269	0.21377	0.2104	0.45279
2270	0.2131	0.20967	0.45184
2271	0.21249	0.20914	0.45085
2272	0.21174	0.20857	0.44987
2273	0.21096	0.20794	0.44897
2274	0.21033	0.20738	0.44828
2275	0.20963	0.20683	0.44765
2276	0.20877	0.20619	0.44703
2277	0.20802	0.20561	0.44653
2278	0.20743	0.20525	0.44596
2279	0.20674	0.20489	0.44522
2280	0.20587	0.20421	0.44448
2281	0.20507	0.20339	0.44385
2282	0.20454	0.20286	0.44321
2283	0.2042	0.20263	0.44242
2284	0.20383	0.20224	0.44167
2285	0.20335	0.20147	0.44133
2286	0.20281	0.20073	0.44128
2287	0.20234	0.20033	0.44118
2288	0.20209	0.20009	0.441
2289	0.20219	0.19979	0.44097
2290	0.2024	0.1996	0.44075
2291	0.20248	0.19952	0.44023
2292	0.20277	0.19957	0.4402
2293	0.20326	0.19961	0.44047
2294	0.20356	0.19943	0.44028
2295	0.20367	0.19921	0.44016
2296	0.20341	0.19884	0.44047
2297	0.20301	0.19844	0.44102
2298	0.20279	0.19818	0.44131
2299	0.20232	0.19761	0.44107
2300	0.20154	0.19688	0.44084
2301	0.2008	0.19624	0.44029
2302	0.20027	0.19565	0.43894
2303	0.19966	0.19507	0.43749
2304	0.19873	0.19431	0.43644
2305	0.19772	0.19329	0.43565
2306	0.19689	0.1922	0.43478
2307	0.19621	0.19137	0.43365
2308	0.19548	0.19083	0.43251
2309	0.19464	0.19045	0.43166
2310	0.19376	0.1901	0.43093
2311	0.19298	0.1896	0.42996
2312	0.19258	0.18917	0.42881
2313	0.19247	0.18908	0.42759
2314	0.19211	0.18902	0.42609
2315	0.19138	0.18853	0.42438
2316	0.19077	0.1879	0.42282
2317	0.19045	0.18766	0.42139
2318	0.19005	0.18768	0.41973
2319	0.18939	0.18743	0.41804
2320	0.18885	0.18681	0.41684
2321	0.18864	0.18618	0.41603
2322	0.1885	0.1858	0.41495
2323	0.18826	0.18572	0.41361
2324	0.18823	0.18569	0.41247
2325	0.18867	0.18546	0.4114
2326	0.18904	0.18509	0.4101
2327	0.18897	0.18479	0.40929
2328	0.18894	0.1846	0.40919
2329	0.1891	0.18417	0.40883
2330	0.1892	0.18349	0.40846
2331	0.18889	0.183	0.40889
2332	0.1883	0.18279	0.40937
2333	0.18798	0.18274	0.40931
2334	0.18773	0.18261	0.40918
2335	0.18719	0.18226	0.40961
2336	0.18656	0.18194	0.41011
2337	0.18615	0.18183	0.40989
2338	0.18606	0.18184	0.40973
2339	0.18562	0.18155	0.41033
2340	0.18485	0.181	0.41113
2341	0.18447	0.18058	0.41107
2342	0.18442	0.18039	0.41027
2343	0.18419	0.18044	0.4099
2344	0.18366	0.18061	0.41005
2345	0.18311	0.18084	0.41015
2346	0.18253	0.18075	0.4097
2347	0.18198	0.18007	0.40853
2348	0.18144	0.17944	0.40709
2349	0.18076	0.17921	0.40558
2350	0.17988	0.17879	0.40371
2351	0.17882	0.17782	0.40152
2352	0.17791	0.17683	0.39935
2353	0.17723	0.17636	0.39792
2354	0.17686	0.17606	0.39724
2355	0.17692	0.17545	0.39642
2356	0.17733	0.17482	0.39525
2357	0.17783	0.17451	0.39398
2358	0.17807	0.17428	0.39241
2359	0.17809	0.17385	0.39067
2360	0.17793	0.17326	0.38899
2361	0.17735	0.17253	0.3873
2362	0.17631	0.17138	0.38594
2363	0.17538	0.17008	0.38529
2364	0.17472	0.16884	0.38483
2365	0.17383	0.16752	0.38411
2366	0.17241	0.16631	0.38343
2367	0.17099	0.16555	0.38304
2368	0.1702	0.16516	0.38294
2369	0.16932	0.16455	0.38282
2370	0.16788	0.16367	0.38245
2371	0.16675	0.16272	0.38231
2372	0.16608	0.16183	0.382
2373	0.16545	0.16127	0.38145
2374	0.16492	0.16103	0.38139
2375	0.16459	0.16082	0.38148
2376	0.1646	0.1604	0.38119
2377	0.16458	0.15953	0.38014
2378	0.16405	0.1584	0.37857
2379	0.16333	0.15764	0.37726
2380	0.16275	0.15743	0.37616
2381	0.16209	0.15704	0.37473
2382	0.1616	0.1566	0.37331
2383	0.1618	0.15664	0.37242
2384	0.162	0.15659	0.37172
2385	0.16171	0.15625	0.37057
2386	0.16141	0.1562	0.36878
2387	0.16129	0.15642	0.36691
2388	0.16145	0.1566	0.36565
2389	0.16181	0.15694	0.36472
2390	0.16199	0.15732	0.3621
2391	0.16168	0.15737	0.35797
2392	0.16124	0.1574	0.35519
2393	0.16058	0.15717	0.35352
2394	0.15922	0.15626	0.35113
2395	0.15748	0.15522	0.34851
2396	0.15601	0.15489	0.34656
2397	0.15506	0.15487	0.34494
2398	0.15398	0.15377	0.34328
2399	0.15227	0.15207	0.34176
2400	0.14989	0.15083	0.3402
2401	0.1473	0.14977	0.33871
2402	0.14532	0.14856	0.33769
2403	0.14388	0.14753	0.33684
2404	0.14244	0.14676	0.33591
2405	0.14078	0.14557	0.33472
2406	0.14014	0.14459	0.33427
2407	0.14066	0.14421	0.33492
2408	0.14012	0.14261	0.33454
2409	0.13846	0.13994	0.33324
2410	0.13754	0.1387	0.33234
2411	0.13754	0.13858	0.3313
2412	0.13751	0.13735	0.32901
2413	0.13715	0.13548	0.32621
2414	0.13706	0.13382	0.3243
2415	0.13741	0.13214	0.32322
2416	0.13784	0.13083	0.32216
2417	0.13845	0.13017	0.32115
2418	0.13907	0.12944	0.32047
2419	0.13871	0.1275	0.31904
2420	0.13683	0.12417	0.31661
2421	0.13488	0.12141	0.31408
2422	0.13452	0.12125	0.31246
2423	0.13462	0.1219	0.31145
2424	0.13358	0.12099	0.30877
2425	0.13193	0.11972	0.30435
2426	0.13076	0.11977	0.30112
2427	0.13042	0.12072	0.30041
2428	0.13013	0.12112	0.29987
2429	0.12929	0.12074	0.29755
2430	0.12871	0.12012	0.29447
2431	0.12857	0.11996	0.29221
2432	0.12757	0.12025	0.2915
2433	0.12553	0.11973	0.29087
2434	0.12368	0.11862	0.2893
2435	0.12289	0.11837	0.28782
2436	0.12255	0.11823	0.28632
2437	0.12213	0.11722	0.28447
2438	0.12213	0.11627	0.28328
2439	0.12279	0.11639	0.28267
2440	0.12381	0.1173	0.28116
2441	0.12449	0.11747	0.27845
2442	0.12448	0.11614	0.27629
2443	0.12377	0.11437	0.27421
2444	0.1223	0.11334	0.27125
2445	0.12167	0.1136	0.26857
2446	0.12253	0.11465	0.26618
2447	0.12376	0.11489	0.264
2448	0.12501	0.11368	0.26358
2449	0.12576	0.11169	0.26374
2450	0.1258	0.10949	0.26246
2451	0.12614	0.10784	0.26038
2452	0.12847	0.10767	0.26027
2453	0.1305	0.10737	0.26136
2454	0.12787	0.10472	0.26104
2455	0.12359	0.10198	0.25962
2456	0.12093	0.10092	0.2581
2457	0.11938	0.10064	0.25601
2458	0.11777	0.10019	0.2533
2459	0.11597	0.09882	0.25046
2460	0.11484	0.097276	0.24775
2461	0.1138	0.096421	0.2462
2462	0.11209	0.095875	0.24535
2463	0.11012	0.095461	0.24412
2464	0.10806	0.095139	0.24352
2465	0.10473	0.094025	0.24316
2466	0.1	0.092509	0.24175
2467	0.095634	0.093197	0.24188
2468	0.09342	0.096443	0.24544
2469	0.093879	0.098158	0.24659
2470	0.096417	0.098646	0.24554
2471	0.097009	0.09816	0.24677
2472	0.093803	0.096091	0.24932
2473	0.090311	0.095595	0.25054
2474	0.088149	0.09723	0.25055
2475	0.087609	0.099535	0.25208
2476	0.088771	0.10252	0.25661
2477	0.091678	0.10528	0.26168
2478	0.095142	0.10671	0.26617
2479	0.09611	0.1055	0.26809
2480	0.095045	0.10244	0.26736
