*Name: Elm mid
Type: Leaf Spectrum

Origin: Remote Sensing Laboratories, University of Zurich

Description: abaxial reflectance, adaxial reflectance, and adaxial transmittance

Measurement: Hemispherical Conical Reflectance Factor HCRF measured by ASD Integrating Sphere

Wavelength [nm]	abaxial Reflectance [0 1]	adaxial Reflectance [0 1]	adaxial Transmittance [0 1]
370	0.016909	0.017307	-0.0026486
371	0.023386	0.023649	-0.0029152
372	0.02881	0.028993	-0.0049111
373	0.034699	0.034862	-0.0043375
374	0.04024	0.040458	-0.0023462
375	0.044558	0.044865	-0.00016588
376	0.046669	0.046831	0.00095656
377	0.047482	0.04746	0.0036983
378	0.046337	0.04619	0.0075804
379	0.047586	0.047643	0.010613
380	0.048829	0.048961	0.0135
381	0.049402	0.049472	0.014235
382	0.049469	0.049414	0.013574
383	0.049226	0.049256	0.012866
384	0.04963	0.049533	0.013368
385	0.049455	0.049172	0.012581
386	0.048655	0.048323	0.010796
387	0.04934	0.049106	0.012526
388	0.04992	0.049786	0.013838
389	0.049981	0.049712	0.013648
390	0.050211	0.049681	0.013993
391	0.051256	0.050697	0.016195
392	0.051869	0.051463	0.017672
393	0.052276	0.052001	0.018758
394	0.052965	0.052606	0.020128
395	0.053513	0.053063	0.021158
396	0.054044	0.053633	0.022285
397	0.05421	0.054027	0.02307
398	0.05441	0.054295	0.023562
399	0.054742	0.05464	0.024099
400	0.054466	0.054421	0.023463
401	0.054176	0.0542	0.022614
402	0.053755	0.053709	0.021195
403	0.053294	0.053068	0.019754
404	0.053028	0.052745	0.019014
405	0.052527	0.052254	0.017806
406	0.052211	0.051982	0.017044
407	0.052483	0.052227	0.01758
408	0.052342	0.052059	0.01727
409	0.052134	0.051864	0.016798
410	0.052283	0.052078	0.017174
411	0.052453	0.052309	0.017664
412	0.052819	0.05272	0.018434
413	0.053174	0.053088	0.019005
414	0.05297	0.052896	0.018453
415	0.052943	0.052884	0.018181
416	0.053064	0.052998	0.01821
417	0.05304	0.052922	0.018179
418	0.052906	0.052734	0.01781
419	0.052878	0.052699	0.017682
420	0.052931	0.052802	0.017897
421	0.052876	0.052768	0.017931
422	0.05265	0.052555	0.017554
423	0.052489	0.052413	0.017315
424	0.052555	0.052518	0.017596
425	0.052595	0.052579	0.017778
426	0.052571	0.052551	0.017809
427	0.052581	0.052536	0.017809
428	0.052601	0.052563	0.017879
429	0.052659	0.052625	0.018004
430	0.052601	0.052547	0.017896
431	0.052462	0.052364	0.017712
432	0.052478	0.052369	0.017798
433	0.052558	0.052487	0.018015
434	0.052599	0.052569	0.018241
435	0.052582	0.05256	0.018307
436	0.052624	0.052603	0.018465
437	0.052728	0.052724	0.018772
438	0.052885	0.052912	0.019141
439	0.053034	0.053079	0.019489
440	0.053093	0.053141	0.019649
441	0.053112	0.053138	0.019667
442	0.053091	0.053098	0.019634
443	0.053046	0.053046	0.019577
444	0.052902	0.05288	0.019303
445	0.052859	0.052813	0.019222
446	0.052887	0.052837	0.019305
447	0.052913	0.052911	0.019429
448	0.052969	0.05301	0.019668
449	0.053064	0.053136	0.020004
450	0.053184	0.053268	0.020426
451	0.053335	0.053444	0.020941
452	0.053611	0.053756	0.021675
453	0.053943	0.054122	0.022509
454	0.054167	0.05436	0.023107
455	0.054273	0.054461	0.023463
456	0.054306	0.054499	0.023683
457	0.05444	0.054632	0.024081
458	0.054528	0.054704	0.024344
459	0.054581	0.054744	0.024529
460	0.05461	0.05477	0.024673
461	0.054566	0.054737	0.024654
462	0.054511	0.054674	0.024591
463	0.054492	0.054646	0.024599
464	0.054472	0.0546	0.024621
465	0.05446	0.054578	0.024661
466	0.054457	0.054572	0.024743
467	0.054514	0.054617	0.024918
468	0.05452	0.054613	0.024985
469	0.054461	0.054569	0.024965
470	0.054359	0.054494	0.0249
471	0.054402	0.054561	0.025087
472	0.054446	0.054633	0.025244
473	0.054482	0.054681	0.025373
474	0.054472	0.054688	0.02544
475	0.054452	0.05468	0.025467
476	0.05451	0.054738	0.025594
477	0.054623	0.054848	0.025844
478	0.054674	0.054884	0.026011
479	0.054646	0.05485	0.02606
480	0.054585	0.054782	0.026009
481	0.054569	0.054758	0.026031
482	0.05453	0.054717	0.026046
483	0.054432	0.054619	0.025973
484	0.054365	0.05456	0.025958
485	0.054415	0.054625	0.026123
486	0.054507	0.054724	0.026334
487	0.054614	0.054816	0.026583
488	0.054699	0.054896	0.026798
489	0.054831	0.055017	0.027063
490	0.055099	0.055274	0.02757
491	0.055359	0.05553	0.028094
492	0.055544	0.055716	0.028498
493	0.055686	0.055858	0.028853
494	0.055848	0.056014	0.029253
495	0.056055	0.056219	0.029807
496	0.056276	0.056442	0.030429
497	0.056506	0.056671	0.031082
498	0.05682	0.05699	0.031917
499	0.057188	0.057364	0.032891
500	0.057572	0.057749	0.033924
501	0.057993	0.058171	0.03511
502	0.058447	0.058642	0.036438
503	0.059015	0.059241	0.038039
504	0.05971	0.059965	0.039969
505	0.060413	0.060681	0.042002
506	0.061138	0.061412	0.044176
507	0.061907	0.062195	0.046589
508	0.062741	0.063049	0.04927
509	0.063652	0.063975	0.052225
510	0.064612	0.064934	0.055374
511	0.065642	0.065947	0.058791
512	0.066757	0.067039	0.062547
513	0.067993	0.068257	0.06668
514	0.069272	0.069527	0.071044
515	0.070611	0.070869	0.075676
516	0.072067	0.072336	0.080632
517	0.073713	0.073994	0.086021
518	0.075464	0.075752	0.091705
519	0.077251	0.077546	0.097531
520	0.07912	0.079426	0.10353
521	0.081072	0.081395	0.10969
522	0.083102	0.083437	0.11597
523	0.085155	0.085487	0.12223
524	0.087217	0.087531	0.12842
525	0.089308	0.089593	0.13459
526	0.091376	0.091629	0.1406
527	0.093402	0.093627	0.14642
528	0.095312	0.095514	0.1519
529	0.097143	0.097327	0.15707
530	0.098903	0.099074	0.16195
531	0.10058	0.10074	0.16655
532	0.10212	0.10227	0.17076
533	0.10349	0.10363	0.17453
534	0.10477	0.1049	0.17797
535	0.10592	0.10605	0.18105
536	0.10692	0.10706	0.18375
537	0.10776	0.10792	0.18608
538	0.10851	0.10867	0.18814
539	0.10914	0.10932	0.1899
540	0.10962	0.10983	0.19134
541	0.11002	0.11026	0.19257
542	0.11039	0.11066	0.19368
543	0.11072	0.11102	0.19464
544	0.11101	0.11134	0.19551
545	0.11132	0.11167	0.19638
546	0.11161	0.11198	0.1972
547	0.1119	0.11229	0.19801
548	0.11219	0.1126	0.19881
549	0.11247	0.1129	0.1996
550	0.11272	0.11317	0.20032
551	0.11292	0.11341	0.20098
552	0.11308	0.1136	0.20154
553	0.11317	0.11372	0.20195
554	0.11318	0.11377	0.20219
555	0.11313	0.11375	0.20227
556	0.11299	0.11364	0.20211
557	0.11272	0.11341	0.20165
558	0.11237	0.11308	0.20095
559	0.11192	0.11264	0.19998
560	0.11131	0.11207	0.19867
561	0.11062	0.11139	0.1971
562	0.10983	0.11063	0.19527
563	0.10895	0.10976	0.1932
564	0.10798	0.10879	0.19087
565	0.10691	0.10772	0.1883
566	0.10576	0.10658	0.18552
567	0.10455	0.10537	0.18254
568	0.10327	0.1041	0.17936
569	0.10194	0.10277	0.17601
570	0.10056	0.10138	0.17249
571	0.09917	0.099989	0.1689
572	0.097761	0.09858	0.16523
573	0.096339	0.097161	0.1615
574	0.094941	0.095768	0.15781
575	0.093607	0.094434	0.15421
576	0.092346	0.093164	0.15074
577	0.091155	0.091963	0.14743
578	0.09003	0.090824	0.14428
579	0.088947	0.089728	0.14126
580	0.087927	0.088704	0.13841
581	0.087009	0.087784	0.13578
582	0.086132	0.086901	0.13327
583	0.085304	0.086059	0.13091
584	0.084543	0.085282	0.12871
585	0.083825	0.084555	0.12664
586	0.083129	0.083856	0.12466
587	0.082482	0.083202	0.1228
588	0.081862	0.082573	0.12105
589	0.081317	0.082018	0.11945
590	0.080845	0.081537	0.11803
591	0.080425	0.081108	0.11677
592	0.080034	0.080712	0.11561
593	0.079661	0.080342	0.11453
594	0.079338	0.08002	0.11358
595	0.079081	0.079758	0.11277
596	0.078816	0.079488	0.11199
597	0.078561	0.079229	0.11126
598	0.078323	0.078984	0.11057
599	0.078077	0.078735	0.10988
600	0.077827	0.07848	0.10917
601	0.077565	0.078216	0.10843
602	0.077285	0.077935	0.10765
603	0.07703	0.077676	0.10688
604	0.076766	0.077406	0.10606
605	0.076485	0.077118	0.10519
606	0.076183	0.07681	0.10425
607	0.07585	0.076468	0.10321
608	0.075493	0.076101	0.10208
609	0.075127	0.075727	0.1009
610	0.074748	0.075345	0.099662
611	0.074315	0.074906	0.098311
612	0.073874	0.074454	0.096903
613	0.073443	0.074015	0.095479
614	0.072977	0.073546	0.093985
615	0.072494	0.073061	0.092453
616	0.072017	0.072577	0.090923
617	0.071572	0.072122	0.089452
618	0.071125	0.07167	0.088002
619	0.070694	0.071239	0.086609
620	0.070279	0.070819	0.085271
621	0.069875	0.070403	0.083984
622	0.069511	0.070031	0.082812
623	0.069215	0.069735	0.081809
624	0.068972	0.069489	0.080952
625	0.068747	0.069263	0.080187
626	0.068577	0.069097	0.079565
627	0.068445	0.068967	0.079067
628	0.068312	0.068836	0.078629
629	0.068221	0.068745	0.078298
630	0.068197	0.068715	0.078101
631	0.068197	0.068711	0.077973
632	0.068153	0.068672	0.07779
633	0.068067	0.068588	0.077524
634	0.067951	0.068464	0.07716
635	0.067791	0.068292	0.076658
636	0.067589	0.068083	0.076015
637	0.067325	0.067813	0.075184
638	0.066994	0.067466	0.074135
639	0.066601	0.06706	0.072876
640	0.066125	0.066575	0.071382
641	0.065614	0.066052	0.069733
642	0.065091	0.065515	0.067966
643	0.064555	0.064959	0.066093
644	0.064022	0.064403	0.064161
645	0.063454	0.06382	0.062154
646	0.062861	0.063212	0.060108
647	0.062298	0.062632	0.05812
648	0.061782	0.062098	0.056239
649	0.061301	0.061599	0.054474
650	0.06086	0.061144	0.052858
651	0.060448	0.060715	0.051377
652	0.060082	0.060329	0.050053
653	0.059801	0.06003	0.048946
654	0.059558	0.059771	0.047967
655	0.05938	0.059571	0.047129
656	0.059264	0.059428	0.046413
657	0.059144	0.059279	0.045698
658	0.059018	0.059129	0.044959
659	0.058887	0.058972	0.044176
660	0.058724	0.058778	0.043303
661	0.058554	0.058573	0.042353
662	0.058358	0.058337	0.041295
663	0.05813	0.058068	0.040153
664	0.057882	0.057777	0.038952
665	0.057621	0.057462	0.037702
666	0.057366	0.05714	0.036443
667	0.057171	0.056877	0.035277
668	0.057011	0.056643	0.034164
669	0.056906	0.056455	0.033141
670	0.056887	0.056345	0.032274
671	0.056913	0.056275	0.031496
672	0.056992	0.056255	0.030805
673	0.057141	0.0563	0.030229
674	0.057331	0.056376	0.029717
675	0.057572	0.056492	0.029261
676	0.057907	0.056695	0.028926
677	0.058304	0.056951	0.028672
678	0.05875	0.057247	0.028466
679	0.059255	0.057589	0.028323
680	0.05982	0.057984	0.028256
681	0.060464	0.058461	0.028322
682	0.061174	0.059005	0.02852
683	0.061967	0.059627	0.028891
684	0.062843	0.060341	0.029523
685	0.063771	0.061132	0.030445
686	0.064745	0.061998	0.031694
687	0.065792	0.062965	0.033422
688	0.066921	0.064044	0.035739
689	0.068146	0.065258	0.038738
690	0.069532	0.066668	0.04262
691	0.071084	0.068278	0.047468
692	0.072851	0.070131	0.053399
693	0.074898	0.072284	0.060528
694	0.077291	0.074798	0.068934
695	0.080084	0.077721	0.078641
696	0.083295	0.081066	0.089582
697	0.086981	0.084882	0.10171
698	0.091149	0.08918	0.11492
699	0.095824	0.093982	0.1291
700	0.10098	0.099252	0.14403
701	0.10658	0.10495	0.15953
702	0.11256	0.11102	0.17542
703	0.11885	0.1174	0.19146
704	0.12541	0.12404	0.20754
705	0.13217	0.13087	0.22353
706	0.13905	0.13781	0.23928
707	0.14604	0.14485	0.25476
708	0.1531	0.15195	0.26994
709	0.16021	0.15908	0.28479
710	0.16732	0.1662	0.29926
711	0.17446	0.17333	0.31341
712	0.18162	0.18047	0.32726
713	0.18882	0.18763	0.34089
714	0.19605	0.1948	0.35424
715	0.20329	0.20195	0.36733
716	0.21053	0.2091	0.38019
717	0.21777	0.21623	0.3928
718	0.22498	0.22332	0.40517
719	0.23215	0.23036	0.41729
720	0.23926	0.23734	0.42914
721	0.24631	0.24424	0.44071
722	0.25328	0.25105	0.45202
723	0.26013	0.25774	0.46299
724	0.26685	0.26429	0.47361
725	0.27342	0.27068	0.48388
726	0.27982	0.27691	0.49379
727	0.28605	0.28295	0.50332
728	0.29208	0.28879	0.51243
729	0.29788	0.29441	0.52113
730	0.30345	0.29979	0.5294
731	0.30879	0.30494	0.53725
732	0.3139	0.30987	0.54471
733	0.31877	0.31455	0.55174
734	0.32337	0.31899	0.55836
735	0.32773	0.32318	0.56457
736	0.33185	0.32713	0.5704
737	0.33571	0.33084	0.57582
738	0.33932	0.33431	0.58087
739	0.3427	0.33756	0.58559
740	0.34585	0.34059	0.58996
741	0.34876	0.3434	0.59399
742	0.35143	0.34599	0.59768
743	0.35387	0.34836	0.60107
744	0.35609	0.35053	0.60417
745	0.35812	0.35252	0.60699
746	0.35996	0.35434	0.60955
747	0.36159	0.35597	0.61185
748	0.36304	0.35744	0.61391
749	0.36432	0.35876	0.61575
750	0.36545	0.35994	0.61738
751	0.36642	0.36096	0.61881
752	0.36725	0.36187	0.62007
753	0.36797	0.36266	0.62116
754	0.36858	0.36335	0.6221
755	0.36909	0.36395	0.62291
756	0.36953	0.36446	0.6236
757	0.36989	0.3649	0.6242
758	0.37019	0.36529	0.6247
759	0.37045	0.36563	0.62511
760	0.37066	0.36593	0.62545
761	0.37083	0.36618	0.62573
762	0.37095	0.36639	0.62596
763	0.37104	0.36656	0.62614
764	0.37108	0.36669	0.62626
765	0.37108	0.36677	0.62632
766	0.37104	0.36682	0.62635
767	0.37098	0.36684	0.62634
768	0.37089	0.36683	0.6263
769	0.37079	0.36682	0.62623
770	0.37067	0.36678	0.62613
771	0.37053	0.36672	0.626
772	0.3704	0.36666	0.62587
773	0.37028	0.36661	0.62576
774	0.37015	0.36655	0.62564
775	0.37004	0.3665	0.62554
776	0.36992	0.36646	0.62542
777	0.36982	0.36641	0.62532
778	0.36973	0.36638	0.62522
779	0.36964	0.36634	0.62513
780	0.36955	0.36631	0.62504
781	0.36948	0.36628	0.62495
782	0.36942	0.36626	0.62487
783	0.36938	0.36624	0.62478
784	0.36932	0.36621	0.62469
785	0.36926	0.36617	0.62459
786	0.36922	0.36616	0.62453
787	0.36919	0.36615	0.62448
788	0.36916	0.36615	0.62444
789	0.36916	0.36617	0.62442
790	0.36917	0.3662	0.62441
791	0.36919	0.36624	0.62442
792	0.36922	0.36628	0.62445
793	0.36924	0.36632	0.62448
794	0.36927	0.36636	0.62452
795	0.36932	0.36642	0.62456
796	0.36937	0.36648	0.62461
797	0.36941	0.36653	0.62465
798	0.36945	0.36658	0.62467
799	0.3695	0.36663	0.62468
800	0.36954	0.36669	0.6247
801	0.36959	0.36675	0.62471
802	0.36963	0.36679	0.62469
803	0.36969	0.36685	0.62471
804	0.36976	0.36692	0.62475
805	0.36983	0.367	0.6248
806	0.3699	0.36706	0.62485
807	0.36996	0.36713	0.62491
808	0.37003	0.3672	0.62498
809	0.37008	0.36726	0.62502
810	0.37013	0.36731	0.62507
811	0.37019	0.36738	0.62512
812	0.37026	0.36744	0.62516
813	0.37032	0.3675	0.62519
814	0.37037	0.36756	0.6252
815	0.37042	0.36761	0.6252
816	0.37048	0.36767	0.6252
817	0.37056	0.36776	0.62523
818	0.37065	0.36786	0.62528
819	0.37074	0.36796	0.62533
820	0.37083	0.36806	0.62536
821	0.37091	0.36814	0.62539
822	0.37099	0.36823	0.62542
823	0.37106	0.3683	0.62545
824	0.37113	0.36837	0.62548
825	0.3712	0.36843	0.62549
826	0.37126	0.36849	0.62549
827	0.3713	0.36854	0.62549
828	0.37135	0.36859	0.62549
829	0.3714	0.36865	0.62546
830	0.37146	0.36872	0.62545
831	0.37153	0.3688	0.62545
832	0.37161	0.36887	0.62545
833	0.3717	0.36896	0.62545
834	0.37177	0.36904	0.62544
835	0.37186	0.36912	0.62544
836	0.37195	0.36922	0.62549
837	0.37204	0.36931	0.62551
838	0.3721	0.36937	0.6255
839	0.37215	0.36942	0.62545
840	0.37218	0.36946	0.62542
841	0.37222	0.3695	0.62539
842	0.37226	0.36956	0.62535
843	0.37229	0.36959	0.62527
844	0.37233	0.36964	0.62522
845	0.37238	0.36969	0.62518
846	0.37244	0.36976	0.62514
847	0.3725	0.36983	0.6251
848	0.37256	0.36989	0.62507
849	0.37263	0.36996	0.62504
850	0.37269	0.37003	0.62503
851	0.37272	0.37006	0.62496
852	0.37274	0.37008	0.6249
853	0.37277	0.37012	0.62486
854	0.37281	0.37016	0.62483
855	0.37285	0.37019	0.62479
856	0.37286	0.3702	0.6247
857	0.37286	0.37021	0.6246
858	0.37288	0.37024	0.62451
859	0.37291	0.37029	0.62443
860	0.37295	0.37034	0.62436
861	0.37297	0.37038	0.62427
862	0.37298	0.3704	0.62418
863	0.37299	0.37042	0.6241
864	0.37298	0.37042	0.624
865	0.37299	0.37043	0.62392
866	0.37301	0.37045	0.62387
867	0.37303	0.37047	0.62382
868	0.37304	0.37047	0.62377
869	0.37304	0.37045	0.62368
870	0.37304	0.37045	0.62358
871	0.37306	0.37048	0.62351
872	0.37308	0.3705	0.62342
873	0.37309	0.37053	0.62334
874	0.37311	0.37057	0.62326
875	0.3731	0.37058	0.62314
876	0.3731	0.37058	0.62302
877	0.37309	0.37059	0.62291
878	0.3731	0.37061	0.6228
879	0.37312	0.37063	0.6227
880	0.37313	0.37065	0.62261
881	0.37311	0.37063	0.62251
882	0.37311	0.37062	0.6224
883	0.37311	0.37063	0.62229
884	0.37312	0.37064	0.62219
885	0.37311	0.37064	0.62208
886	0.3731	0.37062	0.62197
887	0.37309	0.37061	0.62188
888	0.37309	0.37062	0.62179
889	0.3731	0.37064	0.6217
890	0.37312	0.37066	0.62162
891	0.37314	0.37068	0.62152
892	0.37317	0.3707	0.62141
893	0.37319	0.37072	0.6213
894	0.3732	0.37074	0.62117
895	0.37323	0.37076	0.62104
896	0.37327	0.37079	0.62091
897	0.3733	0.37081	0.62078
898	0.37331	0.37081	0.62064
899	0.37329	0.37078	0.62049
900	0.37329	0.37077	0.62037
901	0.3733	0.37077	0.62027
902	0.3733	0.37077	0.62015
903	0.37329	0.37077	0.62001
904	0.37328	0.37076	0.61986
905	0.37327	0.37075	0.61972
906	0.37325	0.37074	0.61957
907	0.37328	0.37076	0.61945
908	0.3733	0.37078	0.61933
909	0.3733	0.37079	0.61919
910	0.37336	0.37086	0.61913
911	0.3734	0.37092	0.6191
912	0.37341	0.37094	0.61905
913	0.37339	0.37093	0.61895
914	0.37339	0.37094	0.61884
915	0.37338	0.37095	0.61872
916	0.37338	0.37094	0.6186
917	0.37334	0.37091	0.61845
918	0.37331	0.37088	0.61833
919	0.37331	0.37089	0.61825
920	0.37335	0.37091	0.61818
921	0.37337	0.37092	0.61807
922	0.37335	0.37089	0.61791
923	0.37331	0.37085	0.61774
924	0.37327	0.37083	0.61761
925	0.37322	0.37078	0.6175
926	0.37315	0.37071	0.61734
927	0.37305	0.37061	0.61711
928	0.37303	0.37059	0.61697
929	0.37301	0.37056	0.61682
930	0.37297	0.37052	0.61666
931	0.37294	0.37049	0.61652
932	0.37297	0.37053	0.61642
933	0.37302	0.3706	0.61634
934	0.37308	0.37065	0.61625
935	0.37307	0.37065	0.61607
936	0.37301	0.37058	0.61585
937	0.37293	0.3705	0.61564
938	0.37286	0.37042	0.61545
939	0.3728	0.37037	0.61529
940	0.3727	0.37026	0.61507
941	0.37261	0.37014	0.61483
942	0.37256	0.37006	0.6146
943	0.37246	0.36995	0.61434
944	0.37235	0.36982	0.61407
945	0.37226	0.36972	0.61382
946	0.37218	0.36962	0.61355
947	0.3721	0.36955	0.61331
948	0.37203	0.36947	0.61308
949	0.37193	0.36938	0.61283
950	0.37178	0.36925	0.61259
951	0.37167	0.36915	0.6124
952	0.37155	0.36904	0.6122
953	0.37136	0.36888	0.61191
954	0.37119	0.36871	0.61158
955	0.37108	0.36858	0.61129
956	0.37098	0.36848	0.61105
957	0.37083	0.36834	0.61082
958	0.37071	0.36821	0.61058
959	0.37058	0.36809	0.61031
960	0.37047	0.36798	0.61006
961	0.3704	0.36792	0.60986
962	0.37028	0.3678	0.60965
963	0.37015	0.36769	0.60947
964	0.37004	0.36759	0.60933
965	0.36991	0.36744	0.60916
966	0.3698	0.36731	0.60896
967	0.3697	0.36721	0.6087
968	0.36965	0.36717	0.60845
969	0.36966	0.36718	0.60832
970	0.36973	0.36725	0.60827
971	0.36979	0.36731	0.60819
972	0.36986	0.36735	0.60804
973	0.36989	0.3674	0.60791
974	0.36989	0.36742	0.6078
975	0.36985	0.36741	0.6077
976	0.36975	0.36733	0.60754
977	0.36961	0.36726	0.6074
978	0.36951	0.36722	0.60733
979	0.36944	0.36716	0.60729
980	0.36941	0.36715	0.60729
981	0.36939	0.36713	0.60722
982	0.36934	0.36709	0.60711
983	0.36931	0.36706	0.60707
984	0.36935	0.36707	0.6071
985	0.36939	0.36704	0.60711
986	0.36944	0.36704	0.60714
987	0.36953	0.36711	0.60727
988	0.3696	0.36715	0.60736
989	0.36967	0.36721	0.60739
990	0.36978	0.36731	0.6074
991	0.36991	0.36746	0.60744
992	0.37008	0.36762	0.60757
993	0.37034	0.36787	0.6077
994	0.37058	0.3681	0.60776
995	0.37077	0.36826	0.60772
996	0.37087	0.3684	0.6077
997	0.37096	0.36851	0.60764
998	0.3711	0.36864	0.60762
999	0.37125	0.36875	0.6076
1000	0.37141	0.36886	0.6075
1001	0.37153	0.36894	0.60736
1002	0.37164	0.36896	0.60723
1003	0.37182	0.36902	0.60718
1004	0.37204	0.36912	0.60722
1005	0.37223	0.36919	0.60735
1006	0.37238	0.36921	0.60756
1007	0.37253	0.36928	0.60781
1008	0.37255	0.36927	0.60804
1009	0.37248	0.3692	0.60819
1010	0.37236	0.36918	0.60831
1011	0.3723	0.36922	0.60837
1012	0.37231	0.36937	0.60842
1013	0.3723	0.36951	0.60832
1014	0.37226	0.36964	0.60809
1015	0.37217	0.36972	0.60791
1016	0.3721	0.36981	0.60784
1017	0.37213	0.36998	0.60784
1018	0.37218	0.37016	0.60786
1019	0.37222	0.37027	0.60783
1020	0.37228	0.37032	0.60778
1021	0.37229	0.37027	0.60775
1022	0.37227	0.37018	0.60772
1023	0.37225	0.37005	0.60769
1024	0.3723	0.36996	0.6077
1025	0.37246	0.36998	0.60776
1026	0.37268	0.37009	0.60775
1027	0.37289	0.37023	0.60767
1028	0.37309	0.37041	0.60766
1029	0.37329	0.37064	0.6078
1030	0.37351	0.37092	0.60798
1031	0.37377	0.37122	0.60814
1032	0.37399	0.37146	0.60822
1033	0.37416	0.37163	0.60819
1034	0.37422	0.37169	0.60816
1035	0.37415	0.37163	0.60824
1036	0.374	0.37151	0.60837
1037	0.37381	0.37136	0.6084
1038	0.3736	0.37119	0.60832
1039	0.37343	0.37101	0.60812
1040	0.37332	0.37088	0.60784
1041	0.37329	0.37084	0.60761
1042	0.37333	0.37087	0.6075
1043	0.37338	0.37093	0.60752
1044	0.37345	0.37098	0.6076
1045	0.37349	0.37097	0.60767
1046	0.37353	0.37092	0.60771
1047	0.37359	0.37088	0.60776
1048	0.37363	0.37085	0.6079
1049	0.37369	0.37086	0.60818
1050	0.3738	0.37093	0.60846
1051	0.37392	0.37105	0.60862
1052	0.37402	0.37119	0.60866
1053	0.37412	0.37137	0.60863
1054	0.37426	0.37163	0.60867
1055	0.37441	0.37196	0.60874
1056	0.37453	0.37226	0.60877
1057	0.37456	0.37247	0.60875
1058	0.37448	0.37253	0.60863
1059	0.37432	0.37242	0.60841
1060	0.37415	0.37224	0.60813
1061	0.37406	0.37206	0.60786
1062	0.37405	0.37191	0.60768
1063	0.37411	0.37178	0.60754
1064	0.37423	0.37171	0.60739
1065	0.37433	0.3717	0.60719
1066	0.37441	0.37176	0.60696
1067	0.37448	0.37187	0.60679
1068	0.37455	0.37201	0.60675
1069	0.37461	0.37211	0.60676
1070	0.37464	0.37216	0.60677
1071	0.37458	0.37215	0.60681
1072	0.37443	0.37206	0.60687
1073	0.37428	0.37194	0.60693
1074	0.37418	0.37184	0.60697
1075	0.37412	0.37181	0.60701
1076	0.3741	0.37181	0.60705
1077	0.37408	0.37178	0.60704
1078	0.37404	0.37173	0.60699
1079	0.37402	0.37171	0.60689
1080	0.37405	0.37169	0.60673
1081	0.37406	0.37166	0.60657
1082	0.37403	0.37159	0.60645
1083	0.37399	0.37148	0.60636
1084	0.37393	0.37139	0.6063
1085	0.37388	0.37132	0.60628
1086	0.37386	0.37129	0.60633
1087	0.37391	0.37132	0.60641
1088	0.37401	0.3714	0.60643
1089	0.37411	0.37152	0.6064
1090	0.37417	0.37161	0.60637
1091	0.37419	0.37164	0.60634
1092	0.3742	0.37164	0.60629
1093	0.37423	0.37165	0.60618
1094	0.37431	0.37171	0.60609
1095	0.37436	0.37177	0.60603
1096	0.37434	0.37178	0.60598
1097	0.37428	0.37175	0.60596
1098	0.37422	0.37168	0.60599
1099	0.37417	0.37161	0.60602
1100	0.37411	0.37153	0.60607
1101	0.37403	0.37146	0.6061
1102	0.37395	0.3714	0.60604
1103	0.37382	0.37129	0.60592
1104	0.37364	0.37115	0.60575
1105	0.37346	0.371	0.60556
1106	0.37331	0.37086	0.60535
1107	0.3732	0.37078	0.60514
1108	0.37316	0.37078	0.60498
1109	0.37314	0.3708	0.60488
1110	0.37309	0.37079	0.60482
1111	0.37307	0.3708	0.60476
1112	0.37312	0.37085	0.60469
1113	0.37321	0.37092	0.60461
1114	0.37328	0.37099	0.60455
1115	0.37331	0.37104	0.60452
1116	0.37332	0.37108	0.60448
1117	0.37329	0.37106	0.6044
1118	0.37324	0.37099	0.60431
1119	0.37316	0.37087	0.60423
1120	0.37304	0.37071	0.60416
1121	0.37291	0.37054	0.60406
1122	0.37281	0.37041	0.60392
1123	0.37271	0.37028	0.60376
1124	0.37264	0.37017	0.60354
1125	0.37258	0.37007	0.60324
1126	0.37247	0.36994	0.60288
1127	0.3723	0.36976	0.60252
1128	0.37208	0.36955	0.60216
1129	0.37183	0.36931	0.60183
1130	0.37157	0.36904	0.60152
1131	0.37127	0.36872	0.60123
1132	0.37096	0.36836	0.60094
1133	0.37066	0.36801	0.60066
1134	0.37037	0.36766	0.60039
1135	0.37008	0.36734	0.60007
1136	0.36983	0.36709	0.59968
1137	0.3696	0.36688	0.59924
1138	0.36936	0.36666	0.59874
1139	0.36909	0.36642	0.59818
1140	0.36874	0.36613	0.5976
1141	0.36839	0.36581	0.59704
1142	0.36804	0.36547	0.59652
1143	0.36767	0.36506	0.59601
1144	0.36728	0.3646	0.59548
1145	0.36684	0.36412	0.59494
1146	0.36637	0.36367	0.59443
1147	0.3659	0.36325	0.59393
1148	0.36541	0.36282	0.59345
1149	0.36492	0.36241	0.59291
1150	0.36446	0.36203	0.59231
1151	0.36404	0.3617	0.59167
1152	0.36366	0.36137	0.59102
1153	0.36332	0.36105	0.5904
1154	0.36305	0.36075	0.58985
1155	0.36283	0.36046	0.58937
1156	0.36264	0.36019	0.58893
1157	0.36247	0.35992	0.58853
1158	0.36227	0.35966	0.58824
1159	0.36204	0.35943	0.58807
1160	0.36182	0.35924	0.58801
1161	0.36164	0.35906	0.58802
1162	0.36148	0.35891	0.58799
1163	0.36135	0.35878	0.58787
1164	0.36121	0.35865	0.5877
1165	0.36105	0.3585	0.58751
1166	0.36091	0.35836	0.5873
1167	0.36082	0.35826	0.58706
1168	0.36075	0.35818	0.58683
1169	0.36067	0.35812	0.58665
1170	0.36059	0.35806	0.58649
1171	0.36048	0.35799	0.58636
1172	0.36036	0.35791	0.58631
1173	0.36025	0.35784	0.58631
1174	0.36018	0.3578	0.58634
1175	0.36014	0.35777	0.58638
1176	0.36014	0.35774	0.58638
1177	0.36015	0.35772	0.58634
1178	0.36017	0.3577	0.58627
1179	0.36018	0.35764	0.58617
1180	0.36022	0.35759	0.58603
1181	0.36022	0.35753	0.58589
1182	0.36015	0.35745	0.58581
1183	0.36003	0.35735	0.58576
1184	0.3599	0.35724	0.58567
1185	0.35974	0.35714	0.58559
1186	0.35959	0.35705	0.58555
1187	0.35946	0.35699	0.58553
1188	0.35935	0.35697	0.5855
1189	0.35929	0.35699	0.58547
1190	0.3593	0.35709	0.58548
1191	0.35935	0.35724	0.58547
1192	0.3594	0.35736	0.58543
1193	0.35944	0.35741	0.58534
1194	0.35945	0.35742	0.58523
1195	0.35941	0.35739	0.58511
1196	0.35938	0.35733	0.58501
1197	0.35936	0.35724	0.58491
1198	0.35937	0.35716	0.58485
1199	0.35937	0.35707	0.58484
1200	0.35936	0.35699	0.58482
1201	0.35936	0.35694	0.58478
1202	0.35938	0.35696	0.58473
1203	0.35944	0.35704	0.58474
1204	0.35953	0.35717	0.5848
1205	0.35961	0.35726	0.58484
1206	0.35965	0.35729	0.58484
1207	0.35965	0.3573	0.58482
1208	0.35962	0.35728	0.58479
1209	0.35957	0.35721	0.58479
1210	0.35952	0.35713	0.58483
1211	0.35948	0.35707	0.58489
1212	0.35947	0.35707	0.58496
1213	0.35953	0.35713	0.58506
1214	0.35962	0.35723	0.58514
1215	0.35972	0.35737	0.58516
1216	0.35984	0.35755	0.58517
1217	0.35996	0.35773	0.5852
1218	0.36009	0.3579	0.58526
1219	0.36021	0.35805	0.58529
1220	0.3603	0.35819	0.5853
1221	0.36035	0.3583	0.58533
1222	0.36036	0.35837	0.58541
1223	0.36035	0.35839	0.58554
1224	0.36037	0.35838	0.58568
1225	0.36039	0.35837	0.58582
1226	0.36042	0.35835	0.58599
1227	0.36049	0.35835	0.58618
1228	0.36058	0.35838	0.58635
1229	0.36066	0.35842	0.58645
1230	0.36072	0.35843	0.58654
1231	0.36078	0.35844	0.58662
1232	0.36082	0.35847	0.58669
1233	0.36086	0.35853	0.5867
1234	0.36087	0.35862	0.58663
1235	0.36088	0.35872	0.58657
1236	0.36094	0.35884	0.58659
1237	0.36106	0.35895	0.58666
1238	0.36119	0.35905	0.58676
1239	0.36132	0.35913	0.58687
1240	0.36143	0.35921	0.58693
1241	0.36154	0.35929	0.58695
1242	0.36167	0.35939	0.58698
1243	0.36176	0.35945	0.58702
1244	0.36182	0.35947	0.58705
1245	0.36184	0.35949	0.58707
1246	0.36182	0.3595	0.58704
1247	0.36175	0.35946	0.58691
1248	0.36165	0.3594	0.5867
1249	0.36155	0.35931	0.58654
1250	0.36151	0.35923	0.58649
1251	0.36152	0.35919	0.58652
1252	0.36156	0.35918	0.58659
1253	0.36159	0.35922	0.58666
1254	0.36164	0.35928	0.58673
1255	0.36169	0.35938	0.58679
1256	0.36177	0.3595	0.5869
1257	0.36189	0.35965	0.58705
1258	0.36201	0.3598	0.58718
1259	0.36212	0.35994	0.58729
1260	0.36219	0.36003	0.58733
1261	0.36219	0.36004	0.58727
1262	0.36215	0.35998	0.58716
1263	0.3621	0.3599	0.58704
1264	0.36206	0.35984	0.58694
1265	0.36202	0.35981	0.58686
1266	0.36197	0.35976	0.58676
1267	0.36189	0.35971	0.58665
1268	0.36181	0.35967	0.58653
1269	0.36174	0.35961	0.58642
1270	0.36168	0.35953	0.58637
1271	0.36165	0.35945	0.58639
1272	0.36164	0.35941	0.58644
1273	0.36164	0.35939	0.58652
1274	0.36166	0.35939	0.5866
1275	0.36167	0.35938	0.58667
1276	0.36169	0.35936	0.5867
1277	0.36173	0.35936	0.58673
1278	0.36178	0.3594	0.58675
1279	0.3618	0.35943	0.58674
1280	0.36177	0.3594	0.58673
1281	0.3617	0.35931	0.5867
1282	0.3616	0.35919	0.58663
1283	0.36146	0.35903	0.58652
1284	0.36132	0.35889	0.58639
1285	0.36119	0.35879	0.58624
1286	0.36107	0.35871	0.58606
1287	0.36093	0.35863	0.58587
1288	0.36082	0.35854	0.58566
1289	0.36071	0.35844	0.58542
1290	0.36061	0.35832	0.58515
1291	0.3605	0.35823	0.58491
1292	0.36039	0.35815	0.58471
1293	0.36028	0.35801	0.58455
1294	0.36016	0.35781	0.58444
1295	0.36005	0.35764	0.58438
1296	0.35995	0.35751	0.58431
1297	0.35983	0.35738	0.58417
1298	0.35972	0.35728	0.584
1299	0.35962	0.35719	0.58382
1300	0.35951	0.35709	0.5836
1301	0.35936	0.35694	0.58336
1302	0.3592	0.35677	0.58308
1303	0.359	0.35658	0.58275
1304	0.35875	0.35636	0.58239
1305	0.3585	0.35614	0.58204
1306	0.35828	0.35589	0.58171
1307	0.35805	0.35561	0.5814
1308	0.35779	0.35534	0.58113
1309	0.35755	0.35512	0.58088
1310	0.35732	0.35492	0.58061
1311	0.35705	0.35468	0.5803
1312	0.35677	0.35446	0.58003
1313	0.35648	0.35422	0.57978
1314	0.35615	0.35394	0.57952
1315	0.35577	0.35358	0.57923
1316	0.35536	0.35317	0.57885
1317	0.35493	0.35272	0.57839
1318	0.35453	0.3523	0.57789
1319	0.35417	0.35191	0.57739
1320	0.35383	0.35153	0.5769
1321	0.35348	0.35117	0.57639
1322	0.35313	0.35082	0.57589
1323	0.35281	0.35052	0.57538
1324	0.3525	0.35023	0.57487
1325	0.35217	0.34993	0.57438
1326	0.35181	0.34961	0.5739
1327	0.35139	0.34926	0.5734
1328	0.35096	0.34888	0.57292
1329	0.35052	0.34846	0.57242
1330	0.35006	0.34801	0.57185
1331	0.34958	0.34755	0.57122
1332	0.34913	0.34708	0.57058
1333	0.34871	0.34658	0.56996
1334	0.3483	0.3461	0.56939
1335	0.34789	0.34567	0.56883
1336	0.34746	0.34523	0.56827
1337	0.34701	0.34475	0.5677
1338	0.34656	0.34422	0.56709
1339	0.34609	0.34368	0.56645
1340	0.34561	0.34315	0.56581
1341	0.34514	0.34265	0.56516
1342	0.34468	0.34218	0.56456
1343	0.34423	0.34172	0.56401
1344	0.34375	0.34126	0.56342
1345	0.34324	0.34077	0.56276
1346	0.34274	0.34024	0.5621
1347	0.3422	0.33972	0.56153
1348	0.34167	0.33926	0.56102
1349	0.34118	0.33886	0.56055
1350	0.34074	0.33846	0.56012
1351	0.34035	0.33809	0.55972
1352	0.34	0.33773	0.55933
1353	0.33968	0.3374	0.5589
1354	0.3394	0.3371	0.55845
1355	0.33913	0.3368	0.55798
1356	0.33886	0.33651	0.55752
1357	0.33862	0.33624	0.55713
1358	0.33835	0.33595	0.55669
1359	0.33803	0.33561	0.5561
1360	0.33764	0.33521	0.55545
1361	0.33713	0.33472	0.55478
1362	0.33658	0.33417	0.5541
1363	0.33601	0.33361	0.55338
1364	0.33542	0.33304	0.55262
1365	0.33478	0.33244	0.55181
1366	0.3341	0.33176	0.55088
1367	0.33335	0.33101	0.54984
1368	0.33258	0.33022	0.54874
1369	0.33179	0.3294	0.54762
1370	0.33101	0.32858	0.54649
1371	0.33023	0.32775	0.54538
1372	0.32938	0.32685	0.54417
1373	0.32843	0.32587	0.54281
1374	0.32733	0.32479	0.54138
1375	0.32609	0.32357	0.53987
1376	0.32476	0.32224	0.53827
1377	0.32335	0.32082	0.53652
1378	0.32184	0.31931	0.53466
1379	0.3202	0.31767	0.53261
1380	0.31842	0.31594	0.53037
1381	0.31651	0.31409	0.52789
1382	0.3145	0.31212	0.52523
1383	0.31239	0.31001	0.52235
1384	0.31017	0.30778	0.51928
1385	0.30782	0.3054	0.51598
1386	0.30531	0.30292	0.51249
1387	0.30266	0.30033	0.50883
1388	0.29988	0.29761	0.50499
1389	0.29695	0.2947	0.50091
1390	0.29396	0.29165	0.49665
1391	0.29088	0.28848	0.49226
1392	0.28772	0.28523	0.48776
1393	0.28445	0.28191	0.48313
1394	0.28108	0.27855	0.47838
1395	0.27765	0.2751	0.47348
1396	0.27419	0.27158	0.46852
1397	0.27069	0.26801	0.4635
1398	0.26718	0.26446	0.45848
1399	0.26367	0.26097	0.45347
1400	0.2602	0.25754	0.44849
1401	0.25677	0.25418	0.44355
1402	0.25339	0.25084	0.43861
1403	0.25003	0.24752	0.43369
1404	0.24677	0.24428	0.42889
1405	0.24357	0.24113	0.42417
1406	0.24046	0.23811	0.41956
1407	0.23751	0.23527	0.41517
1408	0.23471	0.23256	0.41096
1409	0.23201	0.22992	0.40692
1410	0.22941	0.22737	0.40305
1411	0.2269	0.22488	0.39931
1412	0.2245	0.2225	0.39571
1413	0.22222	0.22026	0.39229
1414	0.22006	0.21814	0.38904
1415	0.21803	0.21613	0.38596
1416	0.2161	0.21419	0.38303
1417	0.2142	0.21233	0.38022
1418	0.2124	0.21059	0.37758
1419	0.21072	0.20898	0.37508
1420	0.20919	0.20753	0.37279
1421	0.20784	0.20623	0.37074
1422	0.20659	0.20498	0.36884
1423	0.2054	0.20377	0.36703
1424	0.20429	0.20261	0.3653
1425	0.20323	0.20151	0.36365
1426	0.20224	0.20053	0.36214
1427	0.20132	0.19963	0.36076
1428	0.20046	0.19878	0.35947
1429	0.19967	0.19798	0.35825
1430	0.19892	0.19724	0.35709
1431	0.19817	0.19654	0.35598
1432	0.19748	0.19588	0.35496
1433	0.19686	0.19527	0.35403
1434	0.1963	0.19472	0.35318
1435	0.1958	0.19423	0.35243
1436	0.19535	0.19379	0.35175
1437	0.19494	0.1934	0.35111
1438	0.19455	0.19304	0.35052
1439	0.19417	0.19273	0.35001
1440	0.19383	0.19248	0.34959
1441	0.19353	0.19228	0.34924
1442	0.19329	0.19213	0.34897
1443	0.19309	0.19203	0.34876
1444	0.19291	0.19193	0.34857
1445	0.19274	0.1918	0.34841
1446	0.19254	0.19163	0.34822
1447	0.19234	0.19144	0.34803
1448	0.19217	0.19126	0.34789
1449	0.19204	0.19112	0.34779
1450	0.19197	0.19101	0.34776
1451	0.19199	0.19097	0.34771
1452	0.19199	0.19097	0.34778
1453	0.19201	0.19099	0.34788
1454	0.19206	0.19104	0.348
1455	0.19213	0.19111	0.34817
1456	0.19223	0.19119	0.34839
1457	0.19234	0.19129	0.34865
1458	0.1925	0.19143	0.34896
1459	0.19269	0.19161	0.34932
1460	0.19293	0.19184	0.34973
1461	0.1932	0.19211	0.35019
1462	0.1935	0.19243	0.35071
1463	0.19384	0.19278	0.35128
1464	0.19421	0.19317	0.35191
1465	0.19462	0.19359	0.35261
1466	0.19506	0.19404	0.35337
1467	0.19554	0.19452	0.3542
1468	0.19603	0.19504	0.35507
1469	0.19654	0.19558	0.35598
1470	0.19707	0.19613	0.35691
1471	0.19762	0.1967	0.35788
1472	0.19822	0.19731	0.35892
1473	0.19887	0.19795	0.36001
1474	0.19955	0.19864	0.36117
1475	0.20027	0.19935	0.36237
1476	0.20103	0.20009	0.36361
1477	0.20182	0.20087	0.36488
1478	0.20262	0.20167	0.3662
1479	0.20343	0.20247	0.36756
1480	0.20425	0.20331	0.36896
1481	0.2051	0.20417	0.37039
1482	0.20597	0.20505	0.37184
1483	0.20686	0.20595	0.3733
1484	0.20776	0.20685	0.37477
1485	0.20868	0.20776	0.37626
1486	0.20961	0.20868	0.37777
1487	0.21054	0.20962	0.37928
1488	0.21149	0.21056	0.3808
1489	0.21245	0.21152	0.38233
1490	0.21342	0.21247	0.38388
1491	0.21438	0.21343	0.38546
1492	0.21534	0.2144	0.38704
1493	0.21631	0.21539	0.38861
1494	0.21728	0.21638	0.39018
1495	0.21826	0.21738	0.39176
1496	0.21923	0.21838	0.39335
1497	0.2202	0.21937	0.39492
1498	0.22117	0.22035	0.39649
1499	0.22215	0.22133	0.39806
1500	0.22311	0.22229	0.39961
1501	0.22406	0.22325	0.40113
1502	0.225	0.22419	0.40265
1503	0.22593	0.22514	0.40415
1504	0.22686	0.22609	0.40565
1505	0.22781	0.22704	0.40716
1506	0.22877	0.22799	0.40867
1507	0.22974	0.22896	0.41018
1508	0.2307	0.22992	0.41167
1509	0.23167	0.23087	0.41313
1510	0.23264	0.23183	0.41458
1511	0.23362	0.23279	0.41603
1512	0.23461	0.23376	0.41748
1513	0.23558	0.23473	0.41893
1514	0.23654	0.2357	0.42038
1515	0.2375	0.23665	0.42181
1516	0.23845	0.23759	0.42322
1517	0.23939	0.23853	0.42461
1518	0.24033	0.23946	0.42598
1519	0.24128	0.24037	0.42735
1520	0.24221	0.24127	0.4287
1521	0.24313	0.24216	0.43004
1522	0.24404	0.24304	0.43137
1523	0.24495	0.24392	0.43269
1524	0.24584	0.24479	0.43399
1525	0.24672	0.24565	0.43529
1526	0.24758	0.2465	0.4366
1527	0.24842	0.24735	0.43788
1528	0.24925	0.24818	0.43914
1529	0.25005	0.249	0.44039
1530	0.25086	0.24981	0.44163
1531	0.25166	0.2506	0.44287
1532	0.25246	0.25139	0.44408
1533	0.25324	0.25217	0.44529
1534	0.25402	0.25295	0.44649
1535	0.25479	0.25372	0.44767
1536	0.25555	0.25447	0.44883
1537	0.25629	0.25522	0.44997
1538	0.25702	0.25595	0.4511
1539	0.25774	0.25669	0.45221
1540	0.25847	0.25742	0.45332
1541	0.25919	0.25815	0.45441
1542	0.25989	0.25886	0.45547
1543	0.26059	0.25956	0.45651
1544	0.26128	0.26025	0.45752
1545	0.26197	0.26094	0.45855
1546	0.26266	0.26164	0.4596
1547	0.26336	0.26235	0.46064
1548	0.26406	0.26305	0.46165
1549	0.26474	0.26373	0.46264
1550	0.26542	0.26439	0.46362
1551	0.26608	0.26504	0.46458
1552	0.26673	0.26568	0.46552
1553	0.26739	0.26633	0.46645
1554	0.26804	0.26696	0.46736
1555	0.26867	0.26758	0.46825
1556	0.26929	0.26819	0.46913
1557	0.2699	0.26878	0.46999
1558	0.2705	0.26935	0.47084
1559	0.27109	0.26992	0.47169
1560	0.27165	0.27049	0.47254
1561	0.27222	0.27106	0.47338
1562	0.27278	0.27161	0.47419
1563	0.27334	0.27217	0.475
1564	0.27388	0.27271	0.47581
1565	0.27442	0.27323	0.4766
1566	0.27494	0.27374	0.47737
1567	0.27547	0.27425	0.47815
1568	0.27599	0.27476	0.47892
1569	0.27648	0.27527	0.47967
1570	0.27697	0.27576	0.48041
1571	0.27745	0.27624	0.48112
1572	0.27792	0.2767	0.48179
1573	0.27838	0.27716	0.48244
1574	0.27884	0.27761	0.48308
1575	0.2793	0.27804	0.4837
1576	0.27975	0.27847	0.48433
1577	0.2802	0.27889	0.48497
1578	0.28064	0.27932	0.48561
1579	0.28108	0.27974	0.48626
1580	0.28152	0.28017	0.48693
1581	0.28195	0.2806	0.48759
1582	0.28238	0.28101	0.48824
1583	0.28283	0.28143	0.48887
1584	0.28328	0.28184	0.48948
1585	0.28371	0.28224	0.49008
1586	0.28413	0.28264	0.49067
1587	0.28457	0.28307	0.49126
1588	0.28501	0.28352	0.49187
1589	0.28544	0.28395	0.49246
1590	0.28584	0.28434	0.49305
1591	0.28623	0.28472	0.49363
1592	0.28662	0.2851	0.49421
1593	0.28701	0.28547	0.49479
1594	0.2874	0.28586	0.49537
1595	0.28777	0.28625	0.49594
1596	0.28813	0.28663	0.4965
1597	0.2885	0.28701	0.49703
1598	0.28886	0.28738	0.49755
1599	0.28923	0.28778	0.4981
1600	0.28959	0.28818	0.49866
1601	0.28994	0.28856	0.4992
1602	0.29027	0.28895	0.49974
1603	0.29061	0.28934	0.50027
1604	0.29094	0.28972	0.50078
1605	0.29127	0.29009	0.5013
1606	0.29161	0.29045	0.50181
1607	0.29195	0.2908	0.5023
1608	0.29228	0.29114	0.50277
1609	0.29263	0.29149	0.50322
1610	0.29298	0.29183	0.50368
1611	0.29332	0.29216	0.50415
1612	0.29365	0.29249	0.50462
1613	0.29398	0.29281	0.50511
1614	0.29431	0.29313	0.5056
1615	0.29463	0.29345	0.50608
1616	0.29493	0.29375	0.50654
1617	0.29525	0.29405	0.50697
1618	0.29558	0.29435	0.50736
1619	0.29589	0.29465	0.50775
1620	0.29618	0.29493	0.50813
1621	0.29646	0.2952	0.50851
1622	0.29675	0.29547	0.5089
1623	0.29703	0.29575	0.50928
1624	0.29729	0.29598	0.50963
1625	0.29753	0.2962	0.50995
1626	0.29776	0.29641	0.51027
1627	0.29799	0.29662	0.51058
1628	0.2982	0.2968	0.51088
1629	0.2984	0.29699	0.5112
1630	0.29861	0.29719	0.51154
1631	0.29882	0.29738	0.51186
1632	0.29902	0.29758	0.51217
1633	0.29923	0.29779	0.51248
1634	0.29944	0.29801	0.51281
1635	0.29965	0.29823	0.51315
1636	0.29986	0.29842	0.5135
1637	0.30005	0.2986	0.51382
1638	0.30026	0.29879	0.51412
1639	0.30048	0.29897	0.51442
1640	0.30069	0.29914	0.51472
1641	0.30091	0.29932	0.51504
1642	0.30112	0.2995	0.51535
1643	0.30133	0.29967	0.51562
1644	0.30153	0.29986	0.51589
1645	0.30174	0.30005	0.51615
1646	0.30194	0.30022	0.51643
1647	0.30213	0.30041	0.51671
1648	0.30233	0.30062	0.517
1649	0.30252	0.30084	0.51727
1650	0.3027	0.30104	0.51753
1651	0.30286	0.30123	0.51777
1652	0.303	0.30141	0.51798
1653	0.30312	0.30154	0.51816
1654	0.30322	0.30164	0.51832
1655	0.3033	0.30173	0.5185
1656	0.30338	0.30181	0.51867
1657	0.30346	0.30188	0.51883
1658	0.30352	0.30195	0.51898
1659	0.30356	0.30202	0.51912
1660	0.30358	0.30208	0.51927
1661	0.3036	0.30213	0.51942
1662	0.30361	0.30216	0.51956
1663	0.3036	0.30217	0.51971
1664	0.30362	0.30218	0.51988
1665	0.30366	0.30223	0.52006
1666	0.30371	0.30228	0.52024
1667	0.30373	0.3023	0.52037
1668	0.30373	0.30231	0.52049
1669	0.30372	0.3023	0.5206
1670	0.30372	0.30229	0.5207
1671	0.30373	0.30227	0.52079
1672	0.30374	0.30225	0.52087
1673	0.30375	0.30223	0.52093
1674	0.30375	0.30219	0.52098
1675	0.30373	0.30213	0.52102
1676	0.30371	0.30207	0.52105
1677	0.30369	0.30202	0.52108
1678	0.30367	0.30196	0.52109
1679	0.30365	0.30192	0.5211
1680	0.30361	0.30188	0.52112
1681	0.30357	0.30182	0.52112
1682	0.30352	0.30176	0.52112
1683	0.30347	0.3017	0.52111
1684	0.3034	0.30162	0.52108
1685	0.30331	0.30151	0.52103
1686	0.30318	0.30137	0.52096
1687	0.30302	0.30121	0.52087
1688	0.30284	0.30103	0.52074
1689	0.30266	0.30084	0.5206
1690	0.30248	0.30067	0.52048
1691	0.3023	0.30049	0.52038
1692	0.30211	0.3003	0.52028
1693	0.30192	0.30014	0.52019
1694	0.30173	0.29996	0.52008
1695	0.30155	0.29977	0.51994
1696	0.30136	0.29958	0.51976
1697	0.30117	0.2994	0.51956
1698	0.30097	0.29921	0.51934
1699	0.30077	0.29902	0.51912
1700	0.30058	0.29883	0.51889
1701	0.30037	0.29864	0.51865
1702	0.30016	0.29842	0.51839
1703	0.29992	0.29818	0.51811
1704	0.2997	0.29796	0.51783
1705	0.29949	0.29776	0.51755
1706	0.29929	0.29758	0.51727
1707	0.29909	0.2974	0.51701
1708	0.2989	0.29722	0.51671
1709	0.2987	0.29703	0.51638
1710	0.29849	0.29681	0.51606
1711	0.29828	0.29657	0.51577
1712	0.29807	0.29636	0.51549
1713	0.29787	0.29617	0.5152
1714	0.29766	0.29598	0.51493
1715	0.29743	0.29578	0.51466
1716	0.29718	0.29554	0.51437
1717	0.29691	0.29526	0.51407
1718	0.29665	0.29501	0.51378
1719	0.29638	0.29479	0.51352
1720	0.29609	0.29454	0.51327
1721	0.29577	0.29427	0.51304
1722	0.29544	0.294	0.51278
1723	0.29512	0.29373	0.51252
1724	0.29482	0.29348	0.51228
1725	0.29453	0.29323	0.51204
1726	0.29423	0.29297	0.51181
1727	0.29392	0.2927	0.51157
1728	0.29365	0.29245	0.51129
1729	0.29339	0.2922	0.51098
1730	0.29313	0.29193	0.51066
1731	0.29286	0.29166	0.51033
1732	0.29261	0.2914	0.51
1733	0.29236	0.29115	0.50966
1734	0.2921	0.29089	0.50928
1735	0.29182	0.29061	0.50887
1736	0.29156	0.2903	0.50848
1737	0.2913	0.28998	0.50811
1738	0.29104	0.28966	0.50773
1739	0.29079	0.28937	0.50734
1740	0.29053	0.2891	0.50694
1741	0.29026	0.28883	0.50651
1742	0.29	0.28856	0.50606
1743	0.28975	0.2883	0.50562
1744	0.2895	0.28802	0.50516
1745	0.28925	0.28772	0.5047
1746	0.28897	0.2874	0.50429
1747	0.28868	0.28708	0.50385
1748	0.28838	0.28677	0.50337
1749	0.28806	0.28643	0.50289
1750	0.2877	0.28604	0.50241
1751	0.28734	0.28564	0.50193
1752	0.28697	0.28523	0.50145
1753	0.28658	0.28485	0.50098
1754	0.28618	0.2845	0.50052
1755	0.28577	0.28414	0.50005
1756	0.28535	0.28376	0.49957
1757	0.28496	0.2834	0.49906
1758	0.2846	0.28306	0.49855
1759	0.28424	0.28272	0.49807
1760	0.28389	0.28239	0.49763
1761	0.28355	0.28205	0.49721
1762	0.2832	0.28172	0.49679
1763	0.28288	0.28137	0.49632
1764	0.28258	0.28103	0.49583
1765	0.28229	0.28071	0.49541
1766	0.282	0.2804	0.49503
1767	0.2817	0.28009	0.49461
1768	0.28138	0.27979	0.49417
1769	0.28108	0.2795	0.49374
1770	0.28076	0.2792	0.49333
1771	0.28046	0.27888	0.49293
1772	0.28017	0.27857	0.49256
1773	0.2799	0.27832	0.49221
1774	0.27963	0.27808	0.49186
1775	0.27936	0.27784	0.49152
1776	0.2791	0.27761	0.49118
1777	0.27886	0.27739	0.49086
1778	0.27867	0.27721	0.4906
1779	0.27851	0.27706	0.49038
1780	0.27835	0.27691	0.49018
1781	0.27816	0.27674	0.48998
1782	0.27797	0.27657	0.4898
1783	0.2778	0.2764	0.48962
1784	0.27764	0.27624	0.48946
1785	0.27741	0.27595	0.4892
1786	0.2773	0.27579	0.48902
1787	0.27728	0.27572	0.48891
1788	0.27716	0.27563	0.48878
1789	0.27695	0.27555	0.48866
1790	0.2768	0.27548	0.4886
1791	0.27675	0.27545	0.48862
1792	0.27677	0.27546	0.48871
1793	0.27687	0.27551	0.48888
1794	0.277	0.27558	0.48907
1795	0.27705	0.27564	0.4892
1796	0.27705	0.27571	0.48928
1797	0.27711	0.27585	0.48947
1798	0.27721	0.27603	0.48973
1799	0.27734	0.27619	0.48994
1800	0.27749	0.27636	0.49015
1801	0.27763	0.27654	0.49039
1802	0.27774	0.27672	0.49061
1803	0.27786	0.27692	0.49082
1804	0.2781	0.2772	0.49114
1805	0.27845	0.27755	0.49153
1806	0.27877	0.27792	0.49185
1807	0.27909	0.27833	0.49209
1808	0.27938	0.27871	0.4923
1809	0.27962	0.27904	0.49246
1810	0.27983	0.27931	0.4926
1811	0.28006	0.27956	0.49278
1812	0.28031	0.27981	0.49297
1813	0.28049	0.27999	0.49302
1814	0.2806	0.28008	0.49297
1815	0.2807	0.28017	0.49299
1816	0.28079	0.28022	0.49304
1817	0.28085	0.28021	0.49305
1818	0.28091	0.28016	0.49304
1819	0.28094	0.2801	0.49298
1820	0.28092	0.28006	0.49281
1821	0.28085	0.27997	0.49257
1822	0.28088	0.28001	0.49258
1823	0.2808	0.27996	0.49261
1824	0.28058	0.27983	0.4926
1825	0.28042	0.27972	0.4926
1826	0.28036	0.27966	0.49263
1827	0.28032	0.2796	0.49265
1828	0.28031	0.27958	0.49263
1829	0.28032	0.27959	0.49261
1830	0.28023	0.27952	0.49252
1831	0.27991	0.27926	0.49232
1832	0.27953	0.2789	0.49211
1833	0.27931	0.27874	0.49205
1834	0.27913	0.27868	0.49195
1835	0.27897	0.27857	0.49171
1836	0.27881	0.27843	0.49143
1837	0.27864	0.27829	0.49116
1838	0.27847	0.27815	0.4909
1839	0.27835	0.27803	0.49061
1840	0.27826	0.27793	0.49028
1841	0.27809	0.27775	0.4898
1842	0.27778	0.27747	0.48924
1843	0.27738	0.27705	0.48864
1844	0.27689	0.27654	0.48787
1845	0.27633	0.27598	0.48697
1846	0.27574	0.27536	0.48606
1847	0.27509	0.27464	0.48514
1848	0.27433	0.27379	0.48405
1849	0.27348	0.27284	0.48275
1850	0.27262	0.27186	0.4814
1851	0.27176	0.27086	0.48012
1852	0.27083	0.26974	0.47869
1853	0.26979	0.2686	0.47715
1854	0.26865	0.26747	0.47554
1855	0.26741	0.2663	0.47379
1856	0.26608	0.26503	0.47191
1857	0.26467	0.26362	0.46994
1858	0.26316	0.26208	0.46784
1859	0.26152	0.26043	0.46547
1860	0.25978	0.25869	0.4629
1861	0.25794	0.25681	0.46014
1862	0.256	0.25481	0.45713
1863	0.25392	0.25267	0.45384
1864	0.25166	0.25038	0.45036
1865	0.24917	0.24789	0.44663
1866	0.2464	0.24517	0.44254
1867	0.24341	0.24227	0.43807
1868	0.2404	0.23939	0.43338
1869	0.2374	0.23654	0.42857
1870	0.2342	0.23343	0.42345
1871	0.23075	0.22996	0.41784
1872	0.22705	0.22625	0.41185
1873	0.22313	0.22234	0.40555
1874	0.21903	0.21825	0.39894
1875	0.21482	0.21404	0.39207
1876	0.2105	0.20971	0.38498
1877	0.20607	0.20522	0.37764
1878	0.20151	0.20057	0.37003
1879	0.19687	0.19584	0.3621
1880	0.19211	0.19113	0.35387
1881	0.18729	0.18639	0.34549
1882	0.18241	0.18152	0.33703
1883	0.17752	0.17661	0.32844
1884	0.17266	0.1717	0.31963
1885	0.16787	0.16681	0.31068
1886	0.16314	0.16202	0.30181
1887	0.15846	0.1574	0.29314
1888	0.15383	0.15293	0.28454
1889	0.14926	0.14855	0.27593
1890	0.1448	0.14421	0.26731
1891	0.14051	0.13996	0.25878
1892	0.13638	0.13584	0.25037
1893	0.13242	0.1319	0.24219
1894	0.12865	0.12814	0.23429
1895	0.12499	0.12449	0.22651
1896	0.12143	0.12094	0.21883
1897	0.11802	0.11757	0.21134
1898	0.1148	0.11444	0.20418
1899	0.11177	0.11153	0.19741
1900	0.1089	0.10882	0.19106
1901	0.10624	0.10632	0.18504
1902	0.10376	0.10394	0.17923
1903	0.10146	0.1017	0.17369
1904	0.099374	0.099644	0.16862
1905	0.097478	0.097765	0.16397
1906	0.095725	0.096019	0.15954
1907	0.094089	0.094378	0.15528
1908	0.0926	0.092877	0.15136
1909	0.091223	0.091486	0.14778
1910	0.089997	0.090228	0.14455
1911	0.08902	0.08913	0.14172
1912	0.08822	0.088144	0.1392
1913	0.087415	0.087218	0.13681
1914	0.086607	0.086376	0.13458
1915	0.085783	0.085618	0.13251
1916	0.084957	0.084927	0.13061
1917	0.084252	0.084308	0.12892
1918	0.083695	0.083772	0.12748
1919	0.083245	0.083343	0.12624
1920	0.082839	0.082966	0.12514
1921	0.082451	0.082668	0.12424
1922	0.082074	0.082459	0.12357
1923	0.081724	0.082272	0.12302
1924	0.081454	0.082043	0.12249
1925	0.081262	0.081801	0.122
1926	0.081122	0.081608	0.1217
1927	0.081019	0.081454	0.12155
1928	0.080921	0.081321	0.12149
1929	0.080824	0.081231	0.1215
1930	0.080731	0.081175	0.12151
1931	0.080648	0.08115	0.12151
1932	0.080645	0.081215	0.12169
1933	0.080698	0.081296	0.12206
1934	0.080785	0.081378	0.12256
1935	0.080936	0.081518	0.12313
1936	0.081156	0.081716	0.12374
1937	0.081376	0.081912	0.12437
1938	0.081575	0.082082	0.12499
1939	0.081839	0.08235	0.12576
1940	0.082217	0.082765	0.12674
1941	0.082628	0.083223	0.12779
1942	0.083017	0.083638	0.12882
1943	0.083389	0.084012	0.12989
1944	0.083769	0.084367	0.13099
1945	0.084181	0.084724	0.13213
1946	0.084693	0.08517	0.13341
1947	0.085272	0.085683	0.13478
1948	0.085724	0.086148	0.13608
1949	0.086006	0.086552	0.13727
1950	0.086335	0.086996	0.1385
1951	0.086762	0.087515	0.13979
1952	0.087247	0.088084	0.14113
1953	0.087708	0.088636	0.14245
1954	0.088123	0.089148	0.14374
1955	0.088568	0.089673	0.1451
1956	0.089052	0.090217	0.14654
1957	0.089532	0.090745	0.14802
1958	0.090014	0.091256	0.14953
1959	0.090479	0.09175	0.15102
1960	0.090933	0.092227	0.15249
1961	0.091409	0.092706	0.154
1962	0.09193	0.093186	0.15558
1963	0.092472	0.093675	0.15718
1964	0.092992	0.094185	0.15876
1965	0.093524	0.094733	0.16036
1966	0.094122	0.095336	0.16205
1967	0.094756	0.095954	0.16378
1968	0.095404	0.096555	0.16548
1969	0.096054	0.097135	0.16713
1970	0.096703	0.097687	0.16877
1971	0.097357	0.098238	0.17043
1972	0.097985	0.098807	0.17208
1973	0.098572	0.099412	0.17369
1974	0.09917	0.10005	0.17534
1975	0.09983	0.10072	0.17714
1976	0.10056	0.10143	0.17905
1977	0.10136	0.10219	0.18096
1978	0.10221	0.103	0.18285
1979	0.10301	0.10374	0.18469
1980	0.10378	0.10446	0.1865
1981	0.10463	0.10527	0.18841
1982	0.10554	0.10618	0.19041
1983	0.10636	0.10703	0.19236
1984	0.10707	0.10776	0.19421
1985	0.10778	0.10847	0.19603
1986	0.10854	0.10924	0.19786
1987	0.10929	0.11001	0.19969
1988	0.11	0.11075	0.20155
1989	0.11068	0.11148	0.20345
1990	0.11138	0.11224	0.20534
1991	0.1121	0.11303	0.20723
1992	0.11282	0.11379	0.2091
1993	0.11352	0.11451	0.21095
1994	0.11419	0.11519	0.21272
1995	0.11483	0.11583	0.21435
1996	0.11556	0.11653	0.21601
1997	0.11646	0.11736	0.21784
1998	0.11736	0.11822	0.21968
1999	0.11811	0.119	0.22138
2000	0.11887	0.11979	0.22306
2001	0.11989	0.12074	0.22495
2002	0.12107	0.1218	0.22696
2003	0.12212	0.12279	0.22876
2004	0.12306	0.1237	0.23038
2005	0.12408	0.1246	0.23209
2006	0.12514	0.12546	0.23386
2007	0.12622	0.12642	0.23564
2008	0.1273	0.12749	0.23743
2009	0.12834	0.1285	0.23931
2010	0.12934	0.12943	0.24131
2011	0.13034	0.13038	0.24334
2012	0.13133	0.13139	0.24527
2013	0.13233	0.13244	0.24713
2014	0.13342	0.13352	0.24906
2015	0.13453	0.13456	0.25102
2016	0.13549	0.13553	0.25288
2017	0.13634	0.13648	0.25469
2018	0.1372	0.1374	0.25654
2019	0.13803	0.13826	0.25843
2020	0.1388	0.13907	0.26026
2021	0.13949	0.13986	0.26204
2022	0.14017	0.14068	0.26382
2023	0.1409	0.14157	0.26568
2024	0.14165	0.14251	0.26757
2025	0.14237	0.14338	0.26927
2026	0.14297	0.14412	0.27076
2027	0.14351	0.1448	0.27224
2028	0.14406	0.14547	0.2738
2029	0.14457	0.14609	0.2753
2030	0.145	0.14665	0.27667
2031	0.14543	0.14722	0.27791
2032	0.14594	0.14788	0.27919
2033	0.14644	0.14853	0.28053
2034	0.14683	0.14911	0.28179
2035	0.14725	0.14966	0.28294
2036	0.14789	0.15032	0.28421
2037	0.14867	0.15104	0.28555
2038	0.14932	0.1517	0.28673
2039	0.14988	0.1523	0.28775
2040	0.15069	0.15301	0.289
2041	0.15173	0.15381	0.29049
2042	0.15259	0.15448	0.29193
2043	0.15325	0.15507	0.29328
2044	0.154	0.15571	0.29468
2045	0.15489	0.15641	0.29616
2046	0.1558	0.15708	0.29762
2047	0.15665	0.15776	0.29904
2048	0.15754	0.15855	0.30044
2049	0.15862	0.15948	0.30187
2050	0.15975	0.16036	0.30331
2051	0.16062	0.16103	0.30462
2052	0.16121	0.16154	0.30582
2053	0.16187	0.16218	0.30716
2054	0.16272	0.16298	0.30862
2055	0.16352	0.16365	0.30993
2056	0.16414	0.16415	0.3111
2057	0.16457	0.16464	0.31222
2058	0.16494	0.16518	0.31334
2059	0.16543	0.16578	0.3145
2060	0.16597	0.16633	0.31567
2061	0.16636	0.16676	0.3168
2062	0.16656	0.16713	0.31786
2063	0.16679	0.16757	0.31899
2064	0.1672	0.1681	0.32024
2065	0.16766	0.16859	0.32147
2066	0.16807	0.16905	0.32258
2067	0.16845	0.16955	0.32367
2068	0.16888	0.17013	0.32497
2069	0.16934	0.17071	0.32635
2070	0.1698	0.17118	0.32754
2071	0.17033	0.17165	0.32866
2072	0.17106	0.17238	0.33006
2073	0.17189	0.17331	0.33169
2074	0.1727	0.17411	0.33316
2075	0.1735	0.17476	0.33445
2076	0.17435	0.17549	0.3359
2077	0.17521	0.17626	0.33752
2078	0.17596	0.17693	0.33907
2079	0.17674	0.1776	0.34043
2080	0.1776	0.17835	0.34171
2081	0.17843	0.17907	0.34305
2082	0.17918	0.1797	0.34439
2083	0.17985	0.18043	0.3456
2084	0.18053	0.18127	0.34667
2085	0.18111	0.1819	0.3477
2086	0.18151	0.18226	0.34872
2087	0.18184	0.18265	0.34961
2088	0.18223	0.18323	0.35041
2089	0.1827	0.18384	0.3513
2090	0.18316	0.18426	0.35225
2091	0.1835	0.18458	0.35318
2092	0.18379	0.18508	0.35411
2093	0.18418	0.18575	0.35508
2094	0.18475	0.18642	0.35615
2095	0.18534	0.18699	0.35728
2096	0.18572	0.18742	0.35834
2097	0.18604	0.18782	0.35931
2098	0.18654	0.18828	0.36036
2099	0.1872	0.18884	0.36165
2100	0.18792	0.18954	0.36308
2101	0.18863	0.19028	0.36441
2102	0.18926	0.19093	0.36546
2103	0.18983	0.19148	0.3665
2104	0.19037	0.19199	0.36776
2105	0.19098	0.1925	0.36901
2106	0.1919	0.19322	0.37015
2107	0.19305	0.19418	0.37145
2108	0.19411	0.1952	0.37299
2109	0.19506	0.19602	0.3745
2110	0.19608	0.19662	0.37585
2111	0.19717	0.19728	0.37732
2112	0.19823	0.19809	0.37902
2113	0.19916	0.1988	0.38043
2114	0.1999	0.19928	0.38137
2115	0.20046	0.19966	0.38236
2116	0.20089	0.20002	0.38355
2117	0.20139	0.20054	0.38474
2118	0.2019	0.20115	0.38578
2119	0.20218	0.20172	0.38687
2120	0.20226	0.20215	0.38807
2121	0.20245	0.20236	0.38917
2122	0.20285	0.20255	0.39009
2123	0.2032	0.20284	0.3909
2124	0.20333	0.2031	0.39178
2125	0.20349	0.20332	0.39274
2126	0.20376	0.20366	0.39355
2127	0.20409	0.20415	0.39421
2128	0.20452	0.20468	0.39488
2129	0.20496	0.20514	0.3956
2130	0.20512	0.20532	0.39621
2131	0.20503	0.20528	0.39659
2132	0.20495	0.20531	0.39666
2133	0.20506	0.20561	0.39671
2134	0.20521	0.20615	0.39708
2135	0.20525	0.20677	0.39761
2136	0.2053	0.20728	0.39799
2137	0.20546	0.20762	0.39822
2138	0.20577	0.20801	0.39863
2139	0.20619	0.20856	0.3994
2140	0.20659	0.20912	0.40017
2141	0.20711	0.2097	0.40068
2142	0.20803	0.21048	0.40125
2143	0.209	0.21125	0.40213
2144	0.20954	0.21173	0.40306
2145	0.20987	0.21208	0.4038
2146	0.21039	0.21242	0.40439
2147	0.21095	0.21269	0.40483
2148	0.21126	0.21289	0.40522
2149	0.21136	0.21295	0.40571
2150	0.21138	0.21285	0.40635
2151	0.21137	0.21267	0.407
2152	0.21137	0.2126	0.4075
2153	0.21139	0.21262	0.40812
2154	0.21132	0.21251	0.40889
2155	0.21125	0.21228	0.40944
2156	0.21138	0.2121	0.40957
2157	0.21171	0.21186	0.40967
2158	0.21192	0.21152	0.40998
2159	0.21187	0.21128	0.41022
2160	0.21196	0.21135	0.41029
2161	0.21237	0.21156	0.41032
2162	0.21268	0.21159	0.41039
2163	0.21271	0.21144	0.41049
2164	0.21262	0.21128	0.41059
2165	0.21242	0.2111	0.41053
2166	0.21211	0.21086	0.41025
2167	0.21183	0.21078	0.40992
2168	0.21171	0.21101	0.40972
2169	0.21167	0.21127	0.40977
2170	0.21152	0.21136	0.40995
2171	0.21135	0.21134	0.41011
2172	0.21151	0.21146	0.4104
2173	0.21197	0.21184	0.41084
2174	0.21233	0.21224	0.41122
2175	0.21231	0.2124	0.41134
2176	0.21218	0.21246	0.41141
2177	0.21237	0.21272	0.41174
2178	0.2129	0.2132	0.41229
2179	0.21324	0.21355	0.41275
2180	0.21312	0.21355	0.41288
2181	0.21308	0.21352	0.41289
2182	0.21342	0.21368	0.41313
2183	0.21368	0.21385	0.41351
2184	0.21363	0.21393	0.41398
2185	0.2136	0.21395	0.41448
2186	0.21382	0.21401	0.41486
2187	0.21409	0.21412	0.4151
2188	0.21419	0.21423	0.41532
2189	0.21414	0.2142	0.4156
2190	0.21419	0.2141	0.41581
2191	0.21444	0.21411	0.41592
2192	0.21464	0.21413	0.41619
2193	0.21461	0.21403	0.41674
2194	0.21451	0.21397	0.41721
2195	0.21453	0.21408	0.41742
2196	0.21464	0.21425	0.41762
2197	0.21454	0.21424	0.41795
2198	0.21413	0.21406	0.41825
2199	0.21376	0.21395	0.41857
2200	0.2136	0.214	0.41903
2201	0.21355	0.2141	0.41939
2202	0.21358	0.21422	0.41962
2203	0.21368	0.21437	0.41994
2204	0.21378	0.21444	0.42028
2205	0.21375	0.21433	0.42041
2206	0.21364	0.21422	0.42036
2207	0.21362	0.21431	0.42046
2208	0.21369	0.21446	0.42074
2209	0.21359	0.21444	0.42094
2210	0.21331	0.21425	0.42104
2211	0.21305	0.21408	0.42128
2212	0.21298	0.21406	0.42162
2213	0.2131	0.21416	0.42185
2214	0.21329	0.21427	0.42199
2215	0.21335	0.21425	0.42209
2216	0.2132	0.21407	0.42212
2217	0.2131	0.21395	0.42224
2218	0.2132	0.21411	0.42247
2219	0.21335	0.21433	0.42254
2220	0.21338	0.21437	0.42249
2221	0.2134	0.21431	0.42262
2222	0.21353	0.21441	0.42287
2223	0.2136	0.21454	0.42292
2224	0.21349	0.21441	0.42279
2225	0.21326	0.21405	0.42283
2226	0.2131	0.21372	0.42308
2227	0.21311	0.21352	0.42331
2228	0.2131	0.21341	0.42346
2229	0.21297	0.21334	0.42368
2230	0.21277	0.21331	0.42393
2231	0.21264	0.21333	0.42413
2232	0.2125	0.21337	0.42425
2233	0.21217	0.2133	0.42429
2234	0.21184	0.21315	0.42431
2235	0.21175	0.21304	0.42444
2236	0.21172	0.213	0.42444
2237	0.21162	0.21291	0.42409
2238	0.21155	0.21276	0.42374
2239	0.2115	0.21259	0.42355
2240	0.21134	0.21239	0.42324
2241	0.21113	0.21217	0.42267
2242	0.21091	0.21203	0.42221
2243	0.21073	0.21205	0.42218
2244	0.21057	0.21206	0.42233
2245	0.21035	0.21194	0.4223
2246	0.21008	0.21178	0.42213
2247	0.20974	0.21172	0.42198
2248	0.20951	0.21172	0.42186
2249	0.20939	0.21162	0.42162
2250	0.20914	0.21132	0.42122
2251	0.20872	0.21092	0.42075
2252	0.20837	0.21053	0.42028
2253	0.20816	0.21022	0.41971
2254	0.20785	0.20996	0.41894
2255	0.20735	0.20965	0.41818
2256	0.20687	0.20933	0.41771
2257	0.20659	0.20905	0.41736
2258	0.20626	0.20867	0.41673
2259	0.20571	0.20801	0.41589
2260	0.20504	0.20713	0.41526
2261	0.20446	0.20632	0.41494
2262	0.20398	0.20564	0.41456
2263	0.20331	0.205	0.41402
2264	0.20246	0.20434	0.41351
2265	0.20175	0.20371	0.41296
2266	0.20131	0.20319	0.41226
2267	0.20089	0.20265	0.41146
2268	0.20018	0.20182	0.41062
2269	0.19925	0.20078	0.4097
2270	0.19851	0.19989	0.40882
2271	0.19794	0.19922	0.40795
2272	0.19715	0.19849	0.40689
2273	0.19624	0.19769	0.40582
2274	0.19554	0.19702	0.40504
2275	0.19492	0.19651	0.40434
2276	0.1942	0.19606	0.40347
2277	0.19354	0.19568	0.40262
2278	0.19309	0.19553	0.40205
2279	0.19265	0.19546	0.40161
2280	0.192	0.19523	0.40081
2281	0.1913	0.19493	0.39973
2282	0.19065	0.19466	0.39892
2283	0.19009	0.19433	0.39832
2284	0.18966	0.19402	0.39743
2285	0.18929	0.19379	0.3963
2286	0.18889	0.19365	0.39547
2287	0.18848	0.19344	0.39494
2288	0.1882	0.19323	0.39425
2289	0.1881	0.1932	0.3935
2290	0.18806	0.19318	0.393
2291	0.18805	0.19292	0.39258
2292	0.18808	0.19263	0.3922
2293	0.18795	0.19241	0.39192
2294	0.1877	0.19207	0.39162
2295	0.1876	0.19163	0.39136
2296	0.18753	0.19106	0.3911
2297	0.18738	0.1906	0.39094
2298	0.18707	0.1903	0.39088
2299	0.18671	0.18989	0.39073
2300	0.18667	0.18947	0.39046
2301	0.18653	0.18896	0.39002
2302	0.1859	0.18829	0.38953
2303	0.18507	0.18745	0.38899
2304	0.18426	0.18641	0.38816
2305	0.18349	0.18542	0.38705
2306	0.18272	0.18461	0.3858
2307	0.18209	0.18406	0.38443
2308	0.18167	0.1837	0.38302
2309	0.18139	0.18329	0.38183
2310	0.18109	0.18273	0.38086
2311	0.18068	0.1821	0.37983
2312	0.18043	0.18167	0.37877
2313	0.18043	0.18152	0.37809
2314	0.18022	0.18132	0.37772
2315	0.17946	0.18071	0.37727
2316	0.17853	0.17995	0.37663
2317	0.17783	0.17941	0.37606
2318	0.17714	0.17892	0.37542
2319	0.17622	0.17832	0.37434
2320	0.17539	0.17793	0.37305
2321	0.175	0.17779	0.37194
2322	0.17469	0.17749	0.37086
2323	0.17396	0.17696	0.36976
2324	0.17318	0.17675	0.36879
2325	0.17265	0.17678	0.36774
2326	0.17195	0.17638	0.36657
2327	0.17083	0.17572	0.36562
2328	0.16946	0.17533	0.3649
2329	0.16814	0.17501	0.36401
2330	0.16715	0.17448	0.36303
2331	0.16634	0.17403	0.36242
2332	0.16543	0.17379	0.36212
2333	0.16479	0.17369	0.36182
2334	0.1644	0.17356	0.36132
2335	0.16391	0.17321	0.36061
2336	0.16333	0.1726	0.36013
2337	0.1628	0.17162	0.35982
2338	0.16267	0.17073	0.35917
2339	0.1628	0.17008	0.35801
2340	0.16295	0.16954	0.35708
2341	0.16336	0.16931	0.35669
2342	0.16408	0.16928	0.35622
2343	0.16484	0.16925	0.35546
2344	0.16522	0.16904	0.35472
2345	0.16549	0.16868	0.35428
2346	0.16593	0.1682	0.35405
2347	0.16639	0.16765	0.35371
2348	0.1666	0.16727	0.35304
2349	0.16662	0.16709	0.35262
2350	0.16683	0.16682	0.35289
2351	0.16713	0.16604	0.35291
2352	0.16727	0.16515	0.35206
2353	0.16739	0.16484	0.35107
2354	0.16748	0.16489	0.35066
2355	0.16733	0.16493	0.3504
2356	0.16741	0.16511	0.34983
2357	0.16775	0.16534	0.34889
2358	0.16734	0.16519	0.34767
2359	0.1661	0.1648	0.34665
2360	0.16476	0.16438	0.34573
2361	0.1635	0.16393	0.34438
2362	0.16209	0.16335	0.34275
2363	0.16065	0.16282	0.34128
2364	0.15926	0.16234	0.3397
2365	0.15803	0.1617	0.33794
2366	0.15725	0.16104	0.33642
2367	0.15661	0.16032	0.33522
2368	0.15568	0.15921	0.33378
2369	0.15472	0.15785	0.33201
2370	0.15399	0.15688	0.33072
2371	0.15317	0.15615	0.33014
2372	0.15189	0.15499	0.32955
2373	0.15048	0.15379	0.32856
2374	0.14927	0.15295	0.32747
2375	0.14816	0.15226	0.32657
2376	0.14751	0.15198	0.32603
2377	0.14714	0.15193	0.32549
2378	0.14604	0.15117	0.32429
2379	0.14432	0.14998	0.32279
2380	0.14303	0.14898	0.32187
2381	0.14252	0.1478	0.32145
2382	0.14265	0.14693	0.32122
2383	0.14304	0.14701	0.32105
2384	0.14284	0.14707	0.3206
2385	0.14255	0.14653	0.32029
2386	0.14294	0.14584	0.32039
2387	0.14329	0.14541	0.32025
2388	0.14298	0.1454	0.31972
2389	0.14259	0.14562	0.31924
2390	0.14225	0.14557	0.31824
2391	0.14174	0.14519	0.31635
2392	0.14162	0.14467	0.31469
2393	0.14132	0.14377	0.31337
2394	0.13986	0.14272	0.31195
2395	0.13829	0.14209	0.31044
2396	0.13793	0.14187	0.30893
2397	0.13817	0.14174	0.30737
2398	0.13744	0.14091	0.30486
2399	0.136	0.13942	0.30145
2400	0.13486	0.13792	0.29831
2401	0.1341	0.13648	0.29564
2402	0.13343	0.13503	0.29281
2403	0.13234	0.13361	0.28985
2404	0.13075	0.1324	0.28714
2405	0.12931	0.13153	0.2848
2406	0.12901	0.13158	0.28339
2407	0.12892	0.13206	0.28252
2408	0.12716	0.13131	0.28031
2409	0.1249	0.12997	0.27707
2410	0.12386	0.12956	0.27428
2411	0.12369	0.13021	0.27249
2412	0.12317	0.13105	0.27135
2413	0.12207	0.13107	0.27046
2414	0.12049	0.12996	0.26966
2415	0.11909	0.12866	0.269
2416	0.11857	0.12769	0.26864
2417	0.11863	0.12722	0.26843
2418	0.11896	0.127	0.26766
2419	0.11846	0.1258	0.26604
2420	0.1162	0.12361	0.26419
2421	0.11406	0.12161	0.26279
2422	0.11381	0.12031	0.26259
2423	0.11371	0.11909	0.2628
2424	0.11189	0.11682	0.26106
2425	0.1098	0.11399	0.25806
2426	0.10897	0.11178	0.25701
2427	0.10888	0.11023	0.25821
2428	0.10781	0.10838	0.25796
2429	0.10563	0.10625	0.25512
2430	0.10358	0.10481	0.25177
2431	0.10243	0.10419	0.24894
2432	0.10217	0.10444	0.24696
2433	0.10136	0.10445	0.2444
2434	0.099816	0.10327	0.23948
2435	0.099356	0.10264	0.23485
2436	0.099865	0.1035	0.23274
2437	0.099971	0.10416	0.23088
2438	0.099733	0.10393	0.22736
2439	0.099929	0.10436	0.22423
2440	0.10101	0.10666	0.22319
2441	0.10241	0.10938	0.22228
2442	0.10309	0.11155	0.22024
2443	0.10266	0.11341	0.21781
2444	0.10252	0.11542	0.21608
2445	0.10396	0.11829	0.21535
2446	0.10599	0.12138	0.21497
2447	0.10743	0.12359	0.21534
2448	0.1081	0.12442	0.21599
2449	0.10829	0.12371	0.21554
2450	0.1078	0.12188	0.2139
2451	0.10761	0.12052	0.21216
2452	0.10899	0.12081	0.21285
2453	0.11022	0.12117	0.21439
2454	0.10899	0.11929	0.21174
2455	0.10693	0.11697	0.20789
2456	0.10594	0.1159	0.2066
2457	0.10488	0.11414	0.20583
2458	0.10187	0.11075	0.20302
2459	0.098339	0.10731	0.19875
2460	0.096841	0.10461	0.19425
2461	0.095943	0.10142	0.19084
2462	0.093632	0.097454	0.18933
2463	0.091312	0.095571	0.18708
2464	0.089874	0.096175	0.18226
2465	0.088101	0.095774	0.17711
2466	0.085562	0.093461	0.17299
2467	0.084761	0.09283	0.17165
2468	0.086627	0.094839	0.17307
2469	0.087173	0.095037	0.17236
2470	0.085695	0.093587	0.16928
2471	0.08317	0.092529	0.16761
2472	0.079521	0.090967	0.16691
2473	0.076377	0.089053	0.16349
2474	0.075027	0.088178	0.15678
2475	0.075471	0.090505	0.15364
2476	0.076658	0.094981	0.15464
2477	0.078868	0.098656	0.15518
2478	0.081915	0.10136	0.15528
2479	0.081849	0.10146	0.15546
2480	0.079639	0.099433	0.1553
