*Name: Elm top
Type: Leaf Spectrum

Origin: Remote Sensing Laboratories, University of Zurich

Description: abaxial reflectance, adaxial reflectance, and adaxial transmittance

Measurement: Hemispherical Conical Reflectance Factor HCRF measured by ASD Integrating Sphere

Wavelength [nm]	abaxial Reflectance [0 1]	adaxial Reflectance [0 1]	adaxial Transmittance [0 1]
370	0.013775	0.013663	-0.0012126
371	0.019075	0.018961	-0.0013349
372	0.023252	0.023099	-0.0033559
373	0.028154	0.028073	-0.0031636
374	0.03303	0.032952	-0.0018919
375	0.036995	0.036773	-0.00071243
376	0.038815	0.038525	-0.00082285
377	0.039731	0.039381	0.00056987
378	0.039209	0.038787	0.0030431
379	0.040668	0.040026	0.0048672
380	0.041597	0.041033	0.0066834
381	0.042102	0.041579	0.0069782
382	0.042198	0.041641	0.0060134
383	0.042017	0.041431	0.0045094
384	0.042349	0.041769	0.0044468
385	0.041973	0.041435	0.0033383
386	0.041002	0.040583	0.0012953
387	0.041819	0.041423	0.0028071
388	0.042591	0.041991	0.0039966
389	0.042696	0.041909	0.0037223
390	0.042783	0.041997	0.0036581
391	0.043881	0.043121	0.0055583
392	0.044625	0.043923	0.0069798
393	0.045126	0.044422	0.0080548
394	0.045834	0.045178	0.0092725
395	0.046396	0.045735	0.0099369
396	0.04701	0.046312	0.010568
397	0.047457	0.046679	0.011015
398	0.047871	0.047013	0.011488
399	0.048376	0.047446	0.012091
400	0.048238	0.047362	0.01179
401	0.048129	0.047181	0.01149
402	0.047831	0.046878	0.010592
403	0.047363	0.046585	0.0094755
404	0.047128	0.046533	0.00886
405	0.046678	0.046286	0.0080233
406	0.046401	0.046216	0.0076557
407	0.046711	0.046594	0.0083921
408	0.0466	0.046489	0.0081575
409	0.046455	0.046281	0.0078395
410	0.046759	0.046539	0.0083739
411	0.047197	0.046833	0.0092076
412	0.047841	0.047308	0.010262
413	0.048415	0.047791	0.011111
414	0.048371	0.047806	0.011083
415	0.048525	0.04799	0.011283
416	0.048793	0.048295	0.011698
417	0.048871	0.048471	0.012018
418	0.048887	0.048552	0.012053
419	0.049016	0.048774	0.012273
420	0.049216	0.04912	0.012723
421	0.049302	0.049263	0.013019
422	0.049214	0.04915	0.012992
423	0.049217	0.049104	0.013098
424	0.049485	0.049353	0.013603
425	0.049724	0.049529	0.014053
426	0.049864	0.049621	0.014353
427	0.04998	0.049726	0.014622
428	0.050093	0.049841	0.014977
429	0.05022	0.049979	0.01535
430	0.050221	0.050002	0.015445
431	0.050149	0.049968	0.015468
432	0.050256	0.050103	0.015771
433	0.050456	0.050347	0.01619
434	0.050635	0.050574	0.0166
435	0.050743	0.050702	0.016876
436	0.050903	0.050883	0.01726
437	0.051156	0.051132	0.017764
438	0.051444	0.051405	0.018346
439	0.051685	0.051648	0.018903
440	0.051819	0.051783	0.019251
441	0.05188	0.051865	0.019472
442	0.051886	0.051911	0.019627
443	0.051872	0.051932	0.019715
444	0.051767	0.051851	0.019583
445	0.051768	0.051857	0.019622
446	0.051858	0.051945	0.019787
447	0.051977	0.052074	0.019988
448	0.052139	0.052227	0.020313
449	0.052325	0.052416	0.02071
450	0.052541	0.052639	0.021123
451	0.052813	0.052896	0.021598
452	0.053186	0.053261	0.022323
453	0.053594	0.053661	0.023149
454	0.05387	0.053944	0.023749
455	0.053998	0.054112	0.024134
456	0.054065	0.054212	0.02439
457	0.054235	0.054405	0.024781
458	0.054366	0.054545	0.025084
459	0.054466	0.05464	0.025321
460	0.054539	0.054695	0.025473
461	0.054524	0.054686	0.025513
462	0.054482	0.054655	0.025537
463	0.054485	0.054659	0.025603
464	0.0545	0.054676	0.025656
465	0.054526	0.054702	0.025743
466	0.054557	0.05473	0.025847
467	0.054635	0.054817	0.026063
468	0.054638	0.054858	0.026196
469	0.054583	0.054839	0.026234
470	0.054515	0.054778	0.026188
471	0.054575	0.054854	0.026353
472	0.054636	0.054922	0.026517
473	0.05469	0.054959	0.026646
474	0.054687	0.054935	0.026669
475	0.054653	0.054902	0.026699
476	0.054686	0.05494	0.026853
477	0.054802	0.055037	0.02709
478	0.054859	0.055083	0.027228
479	0.054839	0.055058	0.02723
480	0.054793	0.055015	0.02719
481	0.054787	0.055033	0.027262
482	0.054745	0.055021	0.027297
483	0.054646	0.054929	0.027209
484	0.054596	0.054884	0.02714
485	0.054648	0.054961	0.027255
486	0.054734	0.055058	0.027438
487	0.054841	0.055161	0.027644
488	0.054924	0.055247	0.02781
489	0.055047	0.055377	0.028051
490	0.055324	0.055645	0.02855
491	0.055617	0.055917	0.029056
492	0.055832	0.056127	0.029455
493	0.056015	0.056315	0.02983
494	0.05623	0.056534	0.03028
495	0.056492	0.056798	0.03084
496	0.05677	0.057075	0.03145
497	0.057049	0.057352	0.03207
498	0.057414	0.057736	0.032848
499	0.057839	0.058172	0.033757
500	0.058271	0.058614	0.034715
501	0.058743	0.059095	0.035781
502	0.059245	0.059602	0.036971
503	0.059852	0.060221	0.038405
504	0.060605	0.060975	0.040143
505	0.061368	0.061743	0.041966
506	0.062148	0.062543	0.04391
507	0.062987	0.063402	0.046056
508	0.063898	0.064328	0.048425
509	0.064885	0.065327	0.051035
510	0.0659	0.066366	0.053835
511	0.066974	0.067465	0.056864
512	0.068144	0.068652	0.060187
513	0.069439	0.069958	0.063837
514	0.070775	0.071315	0.067693
515	0.072173	0.072733	0.071808
516	0.073684	0.074263	0.076237
517	0.075383	0.075988	0.081072
518	0.077206	0.077825	0.086193
519	0.079062	0.0797	0.091469
520	0.080989	0.081662	0.096925
521	0.083011	0.083714	0.10256
522	0.085118	0.08584	0.10831
523	0.087242	0.087991	0.11408
524	0.089363	0.090149	0.11981
525	0.091517	0.092333	0.12554
526	0.09365	0.09449	0.13115
527	0.095745	0.096615	0.13659
528	0.097735	0.098645	0.14174
529	0.099649	0.1006	0.14664
530	0.1015	0.10247	0.1513
531	0.10328	0.10428	0.1557
532	0.10491	0.10595	0.15977
533	0.10638	0.10745	0.16345
534	0.10775	0.10887	0.16684
535	0.109	0.11015	0.16991
536	0.11011	0.1113	0.17262
537	0.11105	0.1123	0.175
538	0.1119	0.11319	0.17712
539	0.11262	0.11395	0.17895
540	0.1132	0.11457	0.18049
541	0.11369	0.11511	0.18181
542	0.11414	0.11561	0.18301
543	0.11454	0.11605	0.18409
544	0.1149	0.11646	0.18507
545	0.11527	0.11687	0.18604
546	0.11562	0.11728	0.18697
547	0.11595	0.11767	0.18788
548	0.11629	0.11806	0.18878
549	0.11661	0.11844	0.18966
550	0.1169	0.11878	0.19046
551	0.11715	0.11909	0.19119
552	0.11735	0.11934	0.19183
553	0.11747	0.11951	0.19231
554	0.11752	0.1196	0.19261
555	0.11749	0.11962	0.19274
556	0.11735	0.11952	0.19262
557	0.11707	0.11928	0.19222
558	0.11671	0.11894	0.19158
559	0.11623	0.11849	0.19068
560	0.1156	0.11788	0.18947
561	0.11486	0.11716	0.18802
562	0.11405	0.11636	0.18635
563	0.11314	0.11546	0.18445
564	0.11215	0.11447	0.18233
565	0.11106	0.11338	0.17999
566	0.10989	0.11222	0.17748
567	0.10867	0.11098	0.17478
568	0.10739	0.10968	0.17191
569	0.10604	0.1083	0.16888
570	0.10463	0.10687	0.16567
571	0.1032	0.10541	0.16239
572	0.10175	0.10392	0.15902
573	0.10027	0.10241	0.15558
574	0.098822	0.10092	0.15216
575	0.097422	0.099483	0.14882
576	0.096089	0.09812	0.14558
577	0.094824	0.096825	0.14248
578	0.093627	0.095595	0.13952
579	0.092471	0.094411	0.13667
580	0.091386	0.093301	0.13399
581	0.090405	0.092297	0.13152
582	0.089472	0.091335	0.12917
583	0.088586	0.09042	0.12694
584	0.087766	0.08958	0.12488
585	0.086999	0.088793	0.12295
586	0.086266	0.088036	0.12111
587	0.085585	0.087339	0.11941
588	0.084937	0.08667	0.11779
589	0.084362	0.086079	0.11633
590	0.083863	0.085571	0.11504
591	0.083422	0.085116	0.11389
592	0.08302	0.084702	0.11285
593	0.082639	0.084316	0.11191
594	0.082307	0.083975	0.11108
595	0.082037	0.083697	0.11039
596	0.081763	0.08341	0.10972
597	0.081501	0.083139	0.10908
598	0.081257	0.082887	0.10848
599	0.081004	0.082631	0.10787
600	0.080737	0.082367	0.10724
601	0.080461	0.082082	0.10657
602	0.080167	0.081769	0.10585
603	0.079888	0.08148	0.10513
604	0.079594	0.081176	0.10439
605	0.07928	0.080847	0.10357
606	0.07894	0.080494	0.10267
607	0.078562	0.080098	0.10168
608	0.078149	0.079657	0.10059
609	0.07772	0.079205	0.099435
610	0.077283	0.078744	0.098213
611	0.076788	0.07823	0.096869
612	0.076279	0.077704	0.095469
613	0.075772	0.077184	0.09404
614	0.075236	0.076629	0.092532
615	0.07469	0.076055	0.090995
616	0.074141	0.075485	0.089469
617	0.073624	0.074954	0.088017
618	0.073116	0.074429	0.086597
619	0.07263	0.073925	0.085224
620	0.072157	0.073433	0.083908
621	0.071696	0.072952	0.082649
622	0.071282	0.072514	0.081509
623	0.070947	0.072152	0.080541
624	0.070671	0.071857	0.079712
625	0.070412	0.071587	0.078976
626	0.070209	0.071375	0.078382
627	0.070044	0.071205	0.07789
628	0.069885	0.071043	0.07745
629	0.069764	0.070922	0.07712
630	0.069706	0.070871	0.076929
631	0.069683	0.070854	0.076809
632	0.069629	0.0708	0.076635
633	0.069533	0.070703	0.076391
634	0.069404	0.070575	0.076068
635	0.069236	0.070402	0.075631
636	0.069031	0.070184	0.075086
637	0.068768	0.069906	0.07438
638	0.068437	0.069561	0.073477
639	0.068044	0.069147	0.072391
640	0.067563	0.068643	0.071093
641	0.067038	0.068096	0.069645
642	0.066495	0.06753	0.068101
643	0.065934	0.066943	0.066466
644	0.065369	0.066347	0.064774
645	0.064772	0.065714	0.063001
646	0.064146	0.065049	0.061178
647	0.063535	0.064406	0.059397
648	0.062966	0.063804	0.057701
649	0.06243	0.063234	0.056096
650	0.061932	0.062704	0.054613
651	0.061464	0.062204	0.053229
652	0.061041	0.061746	0.051968
653	0.060698	0.06137	0.050899
654	0.060389	0.061029	0.049942
655	0.060139	0.060749	0.04911
656	0.059942	0.060525	0.048373
657	0.059742	0.060296	0.047626
658	0.059534	0.060057	0.046846
659	0.059317	0.059803	0.046021
660	0.059064	0.059506	0.045101
661	0.05879	0.059188	0.044108
662	0.05848	0.05883	0.043015
663	0.058142	0.05844	0.041845
664	0.057784	0.058024	0.040624
665	0.057413	0.057586	0.039363
666	0.057051	0.057147	0.038097
667	0.05675	0.056768	0.036931
668	0.056488	0.056423	0.035828
669	0.05628	0.05613	0.034825
670	0.056167	0.055923	0.03397
671	0.056112	0.055765	0.033205
672	0.056115	0.055658	0.032528
673	0.056196	0.055618	0.031959
674	0.056325	0.055614	0.031449
675	0.056506	0.055654	0.031
676	0.056784	0.055789	0.030676
677	0.057135	0.055984	0.03043
678	0.057539	0.056217	0.03023
679	0.057999	0.056502	0.030089
680	0.058523	0.056849	0.030015
681	0.059133	0.057285	0.03007
682	0.059812	0.057792	0.030257
683	0.060577	0.058391	0.030617
684	0.061439	0.059099	0.031221
685	0.062367	0.059898	0.0321
686	0.06335	0.060786	0.033284
687	0.064423	0.061795	0.034912
688	0.065595	0.062941	0.037087
689	0.066892	0.064249	0.039897
690	0.06837	0.065781	0.043533
691	0.070032	0.067535	0.04807
692	0.071923	0.069558	0.053616
693	0.074108	0.071912	0.060279
694	0.076655	0.074653	0.068135
695	0.079606	0.077821	0.077212
696	0.08298	0.081427	0.087447
697	0.086832	0.085527	0.098798
698	0.091166	0.090125	0.11117
699	0.09601	0.095237	0.12445
700	0.10133	0.10082	0.13843
701	0.10709	0.10684	0.15296
702	0.11322	0.11323	0.16784
703	0.11969	0.11993	0.18287
704	0.12643	0.1269	0.19795
705	0.13338	0.13406	0.21294
706	0.14047	0.14133	0.22771
707	0.14767	0.14868	0.24221
708	0.15497	0.1561	0.25643
709	0.16231	0.16354	0.27034
710	0.16966	0.17097	0.28389
711	0.17703	0.1784	0.29712
712	0.18443	0.18583	0.31006
713	0.19188	0.19328	0.32277
714	0.19935	0.20073	0.33522
715	0.20682	0.20816	0.34742
716	0.2143	0.21557	0.35938
717	0.22178	0.22296	0.37109
718	0.22924	0.23031	0.38256
719	0.23667	0.23759	0.39379
720	0.24404	0.24481	0.40473
721	0.25134	0.25194	0.4154
722	0.25857	0.25898	0.4258
723	0.26566	0.26588	0.4359
724	0.2726	0.27262	0.44566
725	0.27939	0.2792	0.45507
726	0.286	0.2856	0.46413
727	0.29242	0.29181	0.47282
728	0.29864	0.29781	0.48112
729	0.30462	0.30356	0.48903
730	0.31036	0.30908	0.49653
731	0.31586	0.31434	0.50363
732	0.32112	0.31937	0.51036
733	0.32613	0.32414	0.5167
734	0.33087	0.32866	0.52264
735	0.33535	0.33292	0.52821
736	0.33957	0.33693	0.53344
737	0.34354	0.34069	0.53832
738	0.34724	0.3442	0.54284
739	0.35071	0.34749	0.54705
740	0.35394	0.35055	0.55095
741	0.35693	0.3534	0.55454
742	0.35968	0.35602	0.55784
743	0.36219	0.35842	0.56087
744	0.36449	0.36063	0.56364
745	0.36659	0.36265	0.56616
746	0.36849	0.3645	0.56846
747	0.3702	0.36617	0.57052
748	0.37171	0.36767	0.57237
749	0.37307	0.36902	0.57403
750	0.37427	0.37023	0.57552
751	0.37532	0.37129	0.57682
752	0.37622	0.37223	0.57798
753	0.37702	0.37307	0.579
754	0.3777	0.3738	0.57989
755	0.37828	0.37444	0.58065
756	0.37876	0.37499	0.58131
757	0.37918	0.37547	0.58189
758	0.37954	0.3759	0.58238
759	0.37984	0.37628	0.58282
760	0.3801	0.37661	0.58319
761	0.38031	0.37689	0.5835
762	0.38048	0.37713	0.58377
763	0.38061	0.37733	0.584
764	0.38069	0.37749	0.58417
765	0.38072	0.3776	0.58429
766	0.38073	0.37768	0.58439
767	0.38071	0.37774	0.58444
768	0.38066	0.37777	0.58445
769	0.3806	0.37778	0.58443
770	0.38052	0.37778	0.5844
771	0.38042	0.37775	0.58434
772	0.38034	0.37774	0.58429
773	0.38026	0.37774	0.58425
774	0.38018	0.37773	0.5842
775	0.3801	0.37772	0.58415
776	0.38002	0.37771	0.5841
777	0.37995	0.37769	0.58405
778	0.37988	0.37767	0.584
779	0.37981	0.37764	0.58394
780	0.37975	0.37763	0.5839
781	0.3797	0.37761	0.58385
782	0.37965	0.3776	0.5838
783	0.37961	0.37759	0.58376
784	0.37956	0.37758	0.58372
785	0.37951	0.37755	0.58366
786	0.3795	0.37757	0.58364
787	0.3795	0.37758	0.58363
788	0.3795	0.37761	0.58362
789	0.37951	0.37764	0.58363
790	0.37954	0.37768	0.58365
791	0.37959	0.37774	0.58368
792	0.37963	0.37779	0.58371
793	0.37967	0.37784	0.58375
794	0.37972	0.3779	0.58381
795	0.37977	0.37796	0.58385
796	0.37983	0.37803	0.5839
797	0.37988	0.37809	0.58396
798	0.37992	0.37815	0.584
799	0.37997	0.37821	0.58404
800	0.38002	0.37828	0.58409
801	0.38008	0.37835	0.58414
802	0.38014	0.37842	0.58417
803	0.38021	0.37849	0.58422
804	0.38028	0.37857	0.58428
805	0.38036	0.37865	0.58434
806	0.38043	0.37872	0.58442
807	0.3805	0.3788	0.58449
808	0.38058	0.37888	0.58457
809	0.38063	0.37893	0.58461
810	0.38069	0.37899	0.58467
811	0.38075	0.37905	0.58472
812	0.38082	0.37912	0.58479
813	0.38088	0.3792	0.58485
814	0.38095	0.37927	0.58488
815	0.38102	0.37933	0.5849
816	0.38108	0.37941	0.58492
817	0.38117	0.3795	0.58497
818	0.38127	0.37961	0.58503
819	0.38138	0.37972	0.58508
820	0.38148	0.37983	0.58513
821	0.38157	0.37992	0.58516
822	0.38166	0.38001	0.58518
823	0.38173	0.38008	0.5852
824	0.3818	0.38015	0.58522
825	0.38187	0.38022	0.58523
826	0.38194	0.38028	0.58525
827	0.38199	0.38034	0.58525
828	0.38204	0.38038	0.58523
829	0.38208	0.38044	0.58521
830	0.38215	0.38051	0.58522
831	0.38223	0.38059	0.58524
832	0.38231	0.38068	0.58526
833	0.38239	0.38077	0.58528
834	0.38247	0.38086	0.5853
835	0.38255	0.38095	0.58532
836	0.38267	0.38106	0.58538
837	0.38275	0.38114	0.58543
838	0.3828	0.38121	0.58544
839	0.38284	0.38126	0.58542
840	0.38288	0.38131	0.5854
841	0.38292	0.38136	0.58538
842	0.38295	0.3814	0.58535
843	0.383	0.38145	0.58528
844	0.38305	0.3815	0.58525
845	0.3831	0.38156	0.58524
846	0.38315	0.38162	0.58521
847	0.38321	0.38169	0.58517
848	0.38327	0.38176	0.58515
849	0.38334	0.38183	0.58515
850	0.38341	0.3819	0.58517
851	0.38343	0.38193	0.58514
852	0.38344	0.38195	0.58508
853	0.38346	0.38199	0.58503
854	0.3835	0.38203	0.58501
855	0.38353	0.38207	0.58497
856	0.38355	0.38208	0.5849
857	0.38356	0.3821	0.5848
858	0.38358	0.38212	0.58475
859	0.38361	0.38215	0.58471
860	0.38365	0.38219	0.58468
861	0.38368	0.38223	0.58462
862	0.3837	0.38226	0.58456
863	0.38371	0.38228	0.58453
864	0.38372	0.3823	0.58451
865	0.38373	0.38232	0.58447
866	0.38376	0.38236	0.58443
867	0.38378	0.38239	0.58437
868	0.38379	0.38241	0.5843
869	0.38379	0.38243	0.58423
870	0.38378	0.38244	0.58414
871	0.38378	0.38246	0.58408
872	0.38379	0.38248	0.58404
873	0.3838	0.3825	0.58401
874	0.38383	0.38253	0.58398
875	0.38383	0.38252	0.58389
876	0.38383	0.38252	0.58382
877	0.38383	0.38253	0.58377
878	0.38386	0.38254	0.58371
879	0.38388	0.38257	0.58363
880	0.38389	0.38258	0.58354
881	0.38388	0.38256	0.58343
882	0.38387	0.38255	0.58331
883	0.38386	0.38255	0.58318
884	0.38386	0.38256	0.58307
885	0.38384	0.38254	0.58296
886	0.38382	0.38253	0.58285
887	0.38382	0.38253	0.58276
888	0.38384	0.38255	0.58266
889	0.38388	0.38256	0.58257
890	0.38392	0.38259	0.58249
891	0.38395	0.38262	0.58239
892	0.38399	0.38264	0.5823
893	0.38401	0.38265	0.58221
894	0.38402	0.38267	0.58212
895	0.38403	0.38268	0.58204
896	0.38405	0.38271	0.58194
897	0.38407	0.38273	0.58185
898	0.38406	0.38273	0.58175
899	0.38401	0.38271	0.58162
900	0.38401	0.38271	0.58154
901	0.38401	0.38272	0.58145
902	0.384	0.3827	0.58131
903	0.38398	0.38268	0.58117
904	0.38396	0.38267	0.58101
905	0.38396	0.38267	0.58087
906	0.38395	0.38266	0.58076
907	0.38397	0.38268	0.58067
908	0.38399	0.38271	0.58059
909	0.38401	0.38272	0.5805
910	0.38408	0.3828	0.58045
911	0.38416	0.38288	0.5804
912	0.3842	0.38292	0.58032
913	0.38418	0.3829	0.58021
914	0.38417	0.38289	0.58011
915	0.38415	0.38285	0.58
916	0.38413	0.38281	0.57988
917	0.38409	0.38278	0.57974
918	0.38406	0.38276	0.57961
919	0.38406	0.38277	0.57951
920	0.38409	0.3828	0.57948
921	0.38409	0.38279	0.57938
922	0.38405	0.38276	0.57924
923	0.384	0.38272	0.57909
924	0.38396	0.3827	0.57892
925	0.38394	0.38267	0.57876
926	0.38387	0.3826	0.57856
927	0.38375	0.38248	0.57834
928	0.38369	0.38244	0.57821
929	0.38364	0.3824	0.57806
930	0.3836	0.38238	0.57792
931	0.38357	0.38236	0.57779
932	0.38358	0.38238	0.57771
933	0.38362	0.38242	0.57769
934	0.38365	0.38244	0.57766
935	0.38361	0.3824	0.57753
936	0.38355	0.38233	0.57733
937	0.38345	0.38222	0.57709
938	0.38335	0.38209	0.57685
939	0.3833	0.382	0.5767
940	0.38318	0.38187	0.57646
941	0.38303	0.38173	0.57619
942	0.38292	0.38164	0.57597
943	0.38279	0.38151	0.57565
944	0.38266	0.38139	0.57535
945	0.38255	0.38128	0.57508
946	0.38242	0.38117	0.57484
947	0.38227	0.38102	0.5746
948	0.3821	0.38088	0.57434
949	0.38194	0.38073	0.57404
950	0.38174	0.38054	0.5737
951	0.38154	0.38036	0.57341
952	0.38134	0.38016	0.57315
953	0.3811	0.37992	0.57288
954	0.38083	0.37967	0.57254
955	0.38063	0.37948	0.57227
956	0.38047	0.37932	0.57201
957	0.38031	0.37915	0.57167
958	0.38018	0.379	0.57134
959	0.38002	0.37883	0.57103
960	0.37985	0.37866	0.57074
961	0.37972	0.37853	0.57046
962	0.37956	0.37838	0.57011
963	0.37941	0.37825	0.56979
964	0.37929	0.37815	0.56953
965	0.37913	0.37798	0.56927
966	0.37901	0.37784	0.56902
967	0.37891	0.37772	0.56878
968	0.37884	0.37763	0.56859
969	0.37883	0.37761	0.56849
970	0.37886	0.37765	0.56843
971	0.37888	0.3777	0.56838
972	0.37887	0.37771	0.56835
973	0.37886	0.37772	0.56835
974	0.37884	0.37772	0.56832
975	0.3788	0.37769	0.56825
976	0.37869	0.37761	0.56811
977	0.37863	0.37756	0.56801
978	0.37861	0.37753	0.56792
979	0.37859	0.37747	0.56781
980	0.37861	0.37748	0.56775
981	0.37863	0.37748	0.56764
982	0.37861	0.37745	0.56753
983	0.37857	0.37742	0.56746
984	0.37852	0.37742	0.56744
985	0.37848	0.37745	0.56741
986	0.37848	0.37748	0.56741
987	0.37855	0.37754	0.56747
988	0.37859	0.3776	0.5676
989	0.37864	0.37766	0.56771
990	0.37875	0.37777	0.56778
991	0.37893	0.37793	0.56781
992	0.3792	0.37812	0.56792
993	0.37954	0.37841	0.56808
994	0.37985	0.37869	0.56822
995	0.38009	0.37891	0.56828
996	0.38038	0.37911	0.56837
997	0.38049	0.37923	0.56843
998	0.38054	0.37933	0.56843
999	0.38055	0.37942	0.56833
1000	0.38054	0.37945	0.56825
1001	0.38051	0.37947	0.56822
1002	0.38047	0.37951	0.56826
1003	0.38044	0.37956	0.56833
1004	0.3804	0.37959	0.56842
1005	0.38041	0.37966	0.56856
1006	0.38053	0.37982	0.56873
1007	0.38078	0.38007	0.5688
1008	0.38099	0.38026	0.56881
1009	0.38116	0.3804	0.56883
1010	0.38136	0.38054	0.56893
1011	0.3814	0.38062	0.56905
1012	0.38145	0.38072	0.56912
1013	0.38148	0.3808	0.56911
1014	0.38151	0.38089	0.5691
1015	0.38155	0.38097	0.56907
1016	0.38158	0.38098	0.56907
1017	0.38157	0.38094	0.5691
1018	0.38154	0.38091	0.5691
1019	0.38157	0.38095	0.56905
1020	0.38172	0.38104	0.56892
1021	0.38189	0.3811	0.56872
1022	0.38202	0.38115	0.56858
1023	0.38214	0.38121	0.56854
1024	0.38228	0.38128	0.56867
1025	0.38245	0.3814	0.56894
1026	0.38262	0.38156	0.56924
1027	0.38278	0.38175	0.56947
1028	0.38292	0.38196	0.56961
1029	0.38303	0.38211	0.56968
1030	0.38314	0.38224	0.56969
1031	0.3832	0.3824	0.56962
1032	0.38322	0.38254	0.56953
1033	0.38322	0.38263	0.56947
1034	0.38322	0.38269	0.56944
1035	0.38318	0.38272	0.56944
1036	0.38312	0.38273	0.5695
1037	0.38306	0.38271	0.56959
1038	0.38296	0.38263	0.56971
1039	0.38286	0.38251	0.5698
1040	0.38281	0.38242	0.56985
1041	0.38287	0.38244	0.56989
1042	0.38299	0.38252	0.56992
1043	0.38318	0.38261	0.56995
1044	0.38344	0.38271	0.57
1045	0.38365	0.38276	0.57004
1046	0.38381	0.38276	0.57013
1047	0.38399	0.38274	0.57022
1048	0.38418	0.38273	0.57026
1049	0.38436	0.38277	0.5703
1050	0.38453	0.38284	0.57033
1051	0.38465	0.38294	0.57029
1052	0.38472	0.38306	0.57013
1053	0.38476	0.38318	0.56992
1054	0.38484	0.38335	0.56978
1055	0.38495	0.38357	0.56971
1056	0.38502	0.38375	0.56961
1057	0.38504	0.38383	0.56952
1058	0.38501	0.38385	0.56946
1059	0.38488	0.38377	0.56947
1060	0.38468	0.38361	0.56949
1061	0.38446	0.3834	0.56951
1062	0.38433	0.38323	0.56962
1063	0.38429	0.38318	0.56983
1064	0.38431	0.38322	0.57012
1065	0.38434	0.38335	0.57039
1066	0.38439	0.38351	0.57058
1067	0.38445	0.3837	0.57076
1068	0.38455	0.38388	0.57091
1069	0.38466	0.38402	0.57096
1070	0.38474	0.3841	0.57089
1071	0.3848	0.38413	0.57079
1072	0.38485	0.38412	0.57068
1073	0.38485	0.38407	0.57052
1074	0.38479	0.38398	0.57028
1075	0.38474	0.38387	0.57007
1076	0.38476	0.3838	0.56995
1077	0.38479	0.38378	0.56986
1078	0.38477	0.38377	0.56977
1079	0.38473	0.38376	0.56968
1080	0.38472	0.38376	0.56961
1081	0.38473	0.38378	0.56957
1082	0.38474	0.38377	0.56952
1083	0.38473	0.38372	0.56944
1084	0.38471	0.38368	0.56939
1085	0.38469	0.38367	0.56936
1086	0.38468	0.38364	0.56928
1087	0.38466	0.38362	0.56915
1088	0.38463	0.38361	0.56901
1089	0.38459	0.38361	0.56889
1090	0.38455	0.38363	0.56879
1091	0.38449	0.38364	0.56866
1092	0.38443	0.38358	0.56855
1093	0.38436	0.38347	0.56848
1094	0.38432	0.38336	0.56843
1095	0.38429	0.38328	0.56839
1096	0.38426	0.3832	0.56834
1097	0.38426	0.38314	0.56828
1098	0.38429	0.38311	0.56822
1099	0.38431	0.38309	0.56812
1100	0.38431	0.38305	0.56801
1101	0.3843	0.38305	0.56797
1102	0.38426	0.38309	0.56793
1103	0.38419	0.38314	0.56788
1104	0.38411	0.38321	0.56782
1105	0.38406	0.38326	0.56774
1106	0.38398	0.38323	0.56764
1107	0.38388	0.38316	0.56753
1108	0.38378	0.38307	0.56739
1109	0.38367	0.38297	0.56726
1110	0.38359	0.38287	0.56714
1111	0.38354	0.38275	0.56704
1112	0.38352	0.38265	0.56695
1113	0.38351	0.38255	0.56688
1114	0.38354	0.38246	0.56686
1115	0.38354	0.3824	0.56687
1116	0.38348	0.38234	0.56688
1117	0.38338	0.38229	0.56684
1118	0.38328	0.38227	0.56678
1119	0.38321	0.38224	0.56666
1120	0.38311	0.38214	0.5665
1121	0.38297	0.38196	0.56629
1122	0.38281	0.38179	0.56606
1123	0.38264	0.38162	0.56582
1124	0.38248	0.38147	0.5656
1125	0.38232	0.38132	0.56539
1126	0.38217	0.38116	0.56512
1127	0.38202	0.38098	0.5648
1128	0.38182	0.38079	0.5645
1129	0.38155	0.3806	0.56424
1130	0.38125	0.38039	0.56394
1131	0.38094	0.38014	0.56357
1132	0.38063	0.37984	0.56315
1133	0.38029	0.37947	0.56271
1134	0.37992	0.37899	0.56223
1135	0.37949	0.37844	0.5617
1136	0.37904	0.37788	0.56112
1137	0.3786	0.37735	0.56054
1138	0.37815	0.37685	0.55993
1139	0.37767	0.37632	0.55921
1140	0.37714	0.37577	0.55839
1141	0.37662	0.37525	0.55762
1142	0.37609	0.37477	0.55692
1143	0.37555	0.37431	0.55626
1144	0.37501	0.37385	0.55559
1145	0.37443	0.37336	0.55494
1146	0.37381	0.37285	0.55433
1147	0.37314	0.3723	0.55376
1148	0.37245	0.37168	0.55318
1149	0.37176	0.37104	0.55257
1150	0.37111	0.37045	0.55196
1151	0.37053	0.36991	0.55136
1152	0.36998	0.36938	0.55075
1153	0.36948	0.36886	0.55011
1154	0.36906	0.3684	0.54949
1155	0.36872	0.36802	0.54893
1156	0.36841	0.36769	0.54842
1157	0.3681	0.36741	0.54795
1158	0.36781	0.36713	0.54753
1159	0.36753	0.36686	0.54715
1160	0.36729	0.36661	0.54683
1161	0.36708	0.36638	0.54655
1162	0.3669	0.36614	0.5463
1163	0.36673	0.36592	0.54607
1164	0.36655	0.36571	0.54585
1165	0.36635	0.3655	0.54567
1166	0.36615	0.3653	0.54551
1167	0.36598	0.36516	0.54534
1168	0.36584	0.36506	0.54516
1169	0.3657	0.365	0.54497
1170	0.36554	0.36494	0.54477
1171	0.36538	0.36484	0.54454
1172	0.36525	0.36471	0.54431
1173	0.36513	0.36461	0.54412
1174	0.36504	0.36454	0.54397
1175	0.36499	0.36443	0.54386
1176	0.36494	0.36429	0.54378
1177	0.36492	0.36416	0.54372
1178	0.36488	0.36407	0.54368
1179	0.36483	0.36401	0.54364
1180	0.36478	0.36399	0.5436
1181	0.36473	0.36398	0.54352
1182	0.36467	0.36398	0.54342
1183	0.3646	0.36396	0.54329
1184	0.36451	0.36391	0.54312
1185	0.36442	0.36382	0.54295
1186	0.36435	0.36374	0.54283
1187	0.36428	0.36369	0.54277
1188	0.36424	0.36362	0.54276
1189	0.36422	0.36353	0.54279
1190	0.36419	0.36346	0.54288
1191	0.36415	0.36342	0.54298
1192	0.36409	0.36339	0.54308
1193	0.36403	0.36335	0.54315
1194	0.36397	0.36329	0.54316
1195	0.36392	0.36321	0.54311
1196	0.36386	0.36313	0.543
1197	0.36381	0.36306	0.54285
1198	0.36376	0.36299	0.54272
1199	0.36375	0.36295	0.54262
1200	0.36379	0.36294	0.54254
1201	0.36389	0.36299	0.54245
1202	0.364	0.36306	0.54238
1203	0.36409	0.36316	0.54235
1204	0.36416	0.36326	0.54236
1205	0.36425	0.36337	0.54237
1206	0.36433	0.36345	0.54236
1207	0.36442	0.36353	0.54236
1208	0.36449	0.36359	0.54236
1209	0.36453	0.3636	0.5424
1210	0.36452	0.36358	0.54246
1211	0.36451	0.36358	0.54256
1212	0.36449	0.36358	0.54271
1213	0.3645	0.36361	0.54285
1214	0.36456	0.36369	0.54298
1215	0.36464	0.36378	0.54311
1216	0.36473	0.36387	0.54325
1217	0.36484	0.364	0.54342
1218	0.36498	0.36416	0.54359
1219	0.36511	0.3643	0.54372
1220	0.3652	0.36441	0.5438
1221	0.36529	0.36453	0.5439
1222	0.36536	0.36464	0.54402
1223	0.36543	0.36474	0.54415
1224	0.36549	0.36487	0.54424
1225	0.36556	0.365	0.54432
1226	0.3656	0.3651	0.5444
1227	0.36565	0.36518	0.54448
1228	0.36573	0.36525	0.54455
1229	0.36584	0.3653	0.54463
1230	0.36596	0.36532	0.54472
1231	0.36607	0.36536	0.54483
1232	0.36615	0.3654	0.54487
1233	0.36619	0.36542	0.54485
1234	0.36622	0.36546	0.54482
1235	0.36625	0.36554	0.54482
1236	0.36635	0.3657	0.54486
1237	0.36649	0.36591	0.54491
1238	0.36663	0.3661	0.54496
1239	0.36674	0.36623	0.54505
1240	0.36683	0.36633	0.54513
1241	0.36693	0.36641	0.54518
1242	0.36706	0.36648	0.54524
1243	0.3672	0.3665	0.54536
1244	0.36731	0.36649	0.54549
1245	0.36737	0.36648	0.5456
1246	0.36739	0.36646	0.54568
1247	0.36737	0.36642	0.54574
1248	0.36735	0.36638	0.54581
1249	0.36738	0.36639	0.54589
1250	0.36747	0.36645	0.54598
1251	0.36754	0.36652	0.54605
1252	0.36758	0.36657	0.5461
1253	0.36766	0.36668	0.54618
1254	0.36774	0.36682	0.54625
1255	0.36782	0.36693	0.54631
1256	0.36791	0.36702	0.54639
1257	0.36799	0.36711	0.54647
1258	0.36803	0.3672	0.54652
1259	0.36807	0.36729	0.54658
1260	0.3681	0.36734	0.54665
1261	0.36812	0.36733	0.54669
1262	0.36816	0.36729	0.54667
1263	0.3682	0.36726	0.54665
1264	0.36822	0.36724	0.54664
1265	0.36819	0.36723	0.54664
1266	0.36816	0.36723	0.54669
1267	0.36814	0.36725	0.54678
1268	0.36808	0.36723	0.54684
1269	0.36799	0.36714	0.54685
1270	0.36787	0.36703	0.5468
1271	0.36776	0.36694	0.54673
1272	0.36769	0.36688	0.54667
1273	0.36768	0.36687	0.54664
1274	0.3677	0.36689	0.54657
1275	0.36775	0.36691	0.54646
1276	0.36778	0.36692	0.54631
1277	0.3678	0.36694	0.54619
1278	0.3678	0.36696	0.54612
1279	0.36776	0.36696	0.54607
1280	0.3677	0.36695	0.54599
1281	0.36761	0.36691	0.54586
1282	0.36749	0.3668	0.54571
1283	0.36734	0.36663	0.54553
1284	0.36718	0.36641	0.54534
1285	0.36704	0.36621	0.54517
1286	0.36692	0.36605	0.54503
1287	0.36681	0.36594	0.54488
1288	0.3667	0.36586	0.54471
1289	0.36658	0.36576	0.54453
1290	0.3664	0.36561	0.54433
1291	0.36618	0.36543	0.54415
1292	0.36595	0.36524	0.54399
1293	0.36576	0.36507	0.54379
1294	0.36559	0.36493	0.54353
1295	0.3654	0.36477	0.54323
1296	0.36521	0.36457	0.54293
1297	0.36503	0.36434	0.54272
1298	0.36487	0.36411	0.54257
1299	0.36473	0.3639	0.54243
1300	0.36461	0.36372	0.5423
1301	0.36445	0.36355	0.54215
1302	0.36424	0.36335	0.54196
1303	0.36398	0.36313	0.5417
1304	0.36367	0.36285	0.54138
1305	0.36333	0.36256	0.541
1306	0.36301	0.36227	0.54057
1307	0.36272	0.362	0.54009
1308	0.36243	0.3617	0.53956
1309	0.36211	0.3614	0.53903
1310	0.36179	0.36108	0.53855
1311	0.36147	0.36074	0.53816
1312	0.36115	0.36037	0.53777
1313	0.36084	0.35999	0.53738
1314	0.36049	0.35958	0.53698
1315	0.36005	0.35914	0.53657
1316	0.35952	0.35865	0.5361
1317	0.35891	0.35813	0.53557
1318	0.3583	0.35761	0.53503
1319	0.3577	0.3571	0.5345
1320	0.35716	0.35661	0.53396
1321	0.35666	0.35614	0.53339
1322	0.35614	0.35567	0.53277
1323	0.35561	0.3552	0.53213
1324	0.35505	0.3547	0.53145
1325	0.35447	0.35415	0.53073
1326	0.3539	0.35352	0.52997
1327	0.35334	0.35285	0.52921
1328	0.35277	0.35218	0.52848
1329	0.35215	0.35153	0.52778
1330	0.3515	0.35088	0.52704
1331	0.35085	0.35024	0.52629
1332	0.35023	0.34961	0.52555
1333	0.34964	0.34899	0.52482
1334	0.3491	0.34842	0.52412
1335	0.34854	0.34788	0.52345
1336	0.34792	0.34731	0.52274
1337	0.34723	0.34667	0.522
1338	0.34649	0.34598	0.52121
1339	0.34571	0.34525	0.52037
1340	0.34497	0.34449	0.51951
1341	0.3443	0.34379	0.51863
1342	0.34367	0.34315	0.51779
1343	0.34307	0.34255	0.51699
1344	0.34248	0.34194	0.51618
1345	0.34191	0.34132	0.51539
1346	0.34137	0.3407	0.51463
1347	0.34079	0.34006	0.5139
1348	0.3402	0.33947	0.51324
1349	0.33959	0.33893	0.51267
1350	0.33896	0.3384	0.51213
1351	0.33832	0.3379	0.51158
1352	0.3377	0.33741	0.51102
1353	0.33711	0.33692	0.51043
1354	0.33659	0.33643	0.50978
1355	0.33609	0.33594	0.50911
1356	0.33559	0.33543	0.50844
1357	0.33509	0.33491	0.50781
1358	0.33458	0.33437	0.50717
1359	0.33407	0.33381	0.50652
1360	0.3335	0.33321	0.50586
1361	0.33282	0.33252	0.50514
1362	0.33208	0.33179	0.50437
1363	0.3313	0.33107	0.50359
1364	0.33049	0.33029	0.50276
1365	0.32965	0.32949	0.50184
1366	0.32876	0.32861	0.50083
1367	0.32784	0.32765	0.49968
1368	0.32687	0.32665	0.49843
1369	0.32584	0.32559	0.49708
1370	0.32476	0.32448	0.49565
1371	0.32363	0.32333	0.49415
1372	0.32242	0.3221	0.49257
1373	0.3211	0.3208	0.49093
1374	0.31968	0.31941	0.48919
1375	0.31811	0.31787	0.48729
1376	0.31643	0.31622	0.48523
1377	0.31463	0.31444	0.483
1378	0.31273	0.31255	0.48068
1379	0.31069	0.31053	0.47819
1380	0.30849	0.3084	0.4755
1381	0.30612	0.30612	0.47258
1382	0.30362	0.30367	0.46945
1383	0.30095	0.30102	0.46607
1384	0.29812	0.29817	0.46249
1385	0.29513	0.29513	0.4587
1386	0.29197	0.29191	0.4547
1387	0.28867	0.28854	0.45047
1388	0.28523	0.28507	0.44602
1389	0.28163	0.28147	0.44128
1390	0.27793	0.27777	0.4363
1391	0.27415	0.27401	0.43112
1392	0.27029	0.27019	0.42584
1393	0.26633	0.26633	0.42045
1394	0.26233	0.26244	0.41497
1395	0.25827	0.25849	0.4094
1396	0.25419	0.25448	0.40378
1397	0.25006	0.25038	0.3981
1398	0.24594	0.24623	0.39243
1399	0.24181	0.24206	0.38678
1400	0.23771	0.23793	0.38116
1401	0.23369	0.23389	0.37563
1402	0.22973	0.22996	0.37018
1403	0.22584	0.22611	0.36477
1404	0.22207	0.2224	0.35946
1405	0.21841	0.21884	0.35427
1406	0.21488	0.21544	0.34927
1407	0.21155	0.21224	0.34451
1408	0.20843	0.20921	0.33995
1409	0.20545	0.20629	0.33558
1410	0.20261	0.20345	0.33139
1411	0.19985	0.20064	0.32734
1412	0.19722	0.19794	0.32346
1413	0.1947	0.19536	0.31978
1414	0.19232	0.19293	0.3163
1415	0.1901	0.19067	0.31303
1416	0.188	0.18853	0.30992
1417	0.18599	0.18647	0.3069
1418	0.18412	0.18456	0.30403
1419	0.18235	0.1828	0.3013
1420	0.18073	0.1812	0.29878
1421	0.17927	0.17974	0.29643
1422	0.17794	0.17837	0.29423
1423	0.17666	0.17705	0.29216
1424	0.17543	0.1758	0.29024
1425	0.17427	0.17463	0.28848
1426	0.1732	0.17357	0.28692
1427	0.1722	0.17259	0.28549
1428	0.17125	0.17166	0.28415
1429	0.17036	0.17079	0.28291
1430	0.16955	0.16998	0.28177
1431	0.16878	0.16919	0.28069
1432	0.16806	0.16843	0.27966
1433	0.1674	0.16776	0.27871
1434	0.16681	0.16717	0.27784
1435	0.16629	0.16664	0.27704
1436	0.16582	0.16617	0.27629
1437	0.16537	0.16576	0.2756
1438	0.16494	0.16538	0.27495
1439	0.16459	0.16505	0.27439
1440	0.1643	0.16479	0.27391
1441	0.16404	0.16456	0.27348
1442	0.16382	0.16437	0.27312
1443	0.16364	0.16423	0.27287
1444	0.16349	0.16411	0.27265
1445	0.16331	0.16396	0.27241
1446	0.16306	0.16375	0.27213
1447	0.16278	0.16353	0.27186
1448	0.16253	0.16336	0.27166
1449	0.16232	0.16323	0.27153
1450	0.16218	0.16311	0.27145
1451	0.16231	0.16307	0.27149
1452	0.1623	0.16307	0.27154
1453	0.16229	0.16309	0.27162
1454	0.16232	0.16314	0.27176
1455	0.16237	0.1632	0.27195
1456	0.16244	0.1633	0.27216
1457	0.16254	0.16341	0.27242
1458	0.16268	0.16357	0.27274
1459	0.16286	0.16377	0.27312
1460	0.16308	0.164	0.27356
1461	0.16334	0.16425	0.27404
1462	0.16364	0.16454	0.27458
1463	0.16397	0.16487	0.27519
1464	0.16435	0.16524	0.27585
1465	0.16477	0.16566	0.27656
1466	0.16523	0.16612	0.27735
1467	0.16572	0.16662	0.27818
1468	0.16623	0.16715	0.27905
1469	0.16676	0.1677	0.27996
1470	0.1673	0.16827	0.28091
1471	0.16786	0.16884	0.2819
1472	0.16847	0.16946	0.28295
1473	0.16912	0.17012	0.28407
1474	0.16982	0.17081	0.28525
1475	0.17056	0.17153	0.28649
1476	0.17133	0.17228	0.28778
1477	0.17213	0.17307	0.28912
1478	0.17295	0.17388	0.2905
1479	0.17378	0.1747	0.29189
1480	0.17464	0.17556	0.29331
1481	0.17552	0.17644	0.29475
1482	0.17642	0.17734	0.29622
1483	0.17734	0.17825	0.29771
1484	0.17827	0.17918	0.29923
1485	0.17923	0.18012	0.30079
1486	0.1802	0.18109	0.30236
1487	0.18117	0.18208	0.30394
1488	0.18216	0.18309	0.30554
1489	0.18315	0.18411	0.30715
1490	0.18416	0.18514	0.30878
1491	0.18519	0.18618	0.31042
1492	0.18623	0.18723	0.31206
1493	0.18726	0.18827	0.3137
1494	0.18831	0.18932	0.31536
1495	0.18937	0.19038	0.31702
1496	0.19043	0.19144	0.31868
1497	0.19149	0.19251	0.32035
1498	0.19257	0.19358	0.32202
1499	0.19364	0.19466	0.32368
1500	0.1947	0.19574	0.32533
1501	0.19576	0.19682	0.32698
1502	0.1968	0.19788	0.32862
1503	0.19783	0.19894	0.33023
1504	0.19888	0.2	0.33185
1505	0.19994	0.20106	0.33348
1506	0.20101	0.20212	0.33511
1507	0.20209	0.20318	0.33673
1508	0.20316	0.20423	0.33833
1509	0.20423	0.20527	0.33994
1510	0.20529	0.20631	0.34155
1511	0.20635	0.20735	0.34316
1512	0.20741	0.20839	0.34476
1513	0.20847	0.20943	0.34635
1514	0.20952	0.21045	0.34791
1515	0.21056	0.21146	0.34944
1516	0.21158	0.21246	0.35095
1517	0.21259	0.21344	0.35243
1518	0.2136	0.21443	0.3539
1519	0.21463	0.21542	0.35537
1520	0.21564	0.21641	0.35684
1521	0.21665	0.21741	0.35829
1522	0.21765	0.21841	0.35972
1523	0.21864	0.2194	0.36115
1524	0.21961	0.22038	0.36256
1525	0.22058	0.22135	0.36397
1526	0.22154	0.2223	0.36537
1527	0.22249	0.22325	0.36676
1528	0.22343	0.22419	0.36814
1529	0.22436	0.22511	0.36951
1530	0.22529	0.22602	0.37086
1531	0.22621	0.22694	0.37221
1532	0.22713	0.22784	0.37355
1533	0.22803	0.22874	0.37487
1534	0.22892	0.22964	0.37618
1535	0.22981	0.23053	0.37746
1536	0.23069	0.2314	0.37873
1537	0.23155	0.23225	0.37997
1538	0.23241	0.2331	0.38118
1539	0.23327	0.23394	0.3824
1540	0.23414	0.2348	0.38362
1541	0.23499	0.23564	0.38483
1542	0.23583	0.23646	0.38602
1543	0.23665	0.23727	0.3872
1544	0.23746	0.23806	0.38837
1545	0.23827	0.23885	0.38952
1546	0.23908	0.23964	0.39068
1547	0.23989	0.24044	0.39183
1548	0.24069	0.24123	0.39296
1549	0.24147	0.242	0.39404
1550	0.24223	0.24276	0.39508
1551	0.24296	0.2435	0.39608
1552	0.2437	0.24423	0.39706
1553	0.24445	0.24498	0.39804
1554	0.24522	0.24574	0.39902
1555	0.24597	0.24648	0.40001
1556	0.2467	0.24721	0.40099
1557	0.24741	0.24793	0.40196
1558	0.2481	0.24862	0.4029
1559	0.24877	0.24931	0.40384
1560	0.24943	0.24999	0.40477
1561	0.25009	0.25065	0.4057
1562	0.25073	0.25131	0.40661
1563	0.25137	0.25195	0.40751
1564	0.25201	0.25259	0.40841
1565	0.25265	0.2532	0.40927
1566	0.25327	0.2538	0.41013
1567	0.25389	0.25441	0.41099
1568	0.25449	0.25501	0.41185
1569	0.25509	0.25559	0.4127
1570	0.25569	0.25618	0.41354
1571	0.25628	0.25676	0.41438
1572	0.25687	0.25733	0.41523
1573	0.25743	0.25789	0.41605
1574	0.25797	0.25844	0.41686
1575	0.25852	0.25899	0.41766
1576	0.25906	0.25953	0.41846
1577	0.2596	0.26007	0.41926
1578	0.26015	0.26061	0.42006
1579	0.2607	0.26116	0.42085
1580	0.26126	0.26171	0.42162
1581	0.26183	0.26227	0.42237
1582	0.26237	0.26282	0.42313
1583	0.26291	0.26338	0.42387
1584	0.26344	0.26391	0.42458
1585	0.26397	0.26444	0.42527
1586	0.26449	0.26496	0.42594
1587	0.26504	0.2655	0.42662
1588	0.26559	0.26605	0.42732
1589	0.26615	0.26659	0.42801
1590	0.26668	0.26711	0.42869
1591	0.26719	0.26762	0.42936
1592	0.26769	0.26812	0.43
1593	0.26816	0.2686	0.43061
1594	0.26862	0.26907	0.43122
1595	0.26909	0.26955	0.43184
1596	0.26956	0.27001	0.43245
1597	0.27002	0.27046	0.43306
1598	0.27048	0.2709	0.43367
1599	0.27095	0.27135	0.4343
1600	0.27142	0.27179	0.43494
1601	0.27187	0.27221	0.43558
1602	0.2723	0.27263	0.43621
1603	0.27273	0.27304	0.43685
1604	0.27315	0.27345	0.43748
1605	0.27357	0.27387	0.43809
1606	0.27397	0.27429	0.4387
1607	0.27436	0.27469	0.43928
1608	0.27473	0.27505	0.43985
1609	0.27509	0.27541	0.4404
1610	0.27546	0.27578	0.44096
1611	0.27584	0.27614	0.44152
1612	0.27622	0.2765	0.44208
1613	0.2766	0.27687	0.44263
1614	0.27698	0.27724	0.44317
1615	0.27736	0.27761	0.44369
1616	0.27773	0.27798	0.44418
1617	0.2781	0.27833	0.44467
1618	0.27847	0.27868	0.44515
1619	0.27883	0.27902	0.44562
1620	0.27919	0.27936	0.44607
1621	0.27953	0.27969	0.44652
1622	0.27986	0.28003	0.44697
1623	0.2802	0.28036	0.44742
1624	0.28053	0.28067	0.44785
1625	0.28085	0.28097	0.44827
1626	0.28118	0.28127	0.44868
1627	0.28149	0.28158	0.44909
1628	0.2818	0.28189	0.4495
1629	0.28211	0.2822	0.44991
1630	0.28243	0.28252	0.45032
1631	0.28275	0.28284	0.45071
1632	0.28307	0.28314	0.45109
1633	0.28338	0.28344	0.45146
1634	0.28369	0.28375	0.45182
1635	0.28399	0.28406	0.4522
1636	0.28427	0.28436	0.45257
1637	0.28453	0.28464	0.45291
1638	0.28478	0.28492	0.45325
1639	0.28503	0.28519	0.45357
1640	0.28525	0.28544	0.45389
1641	0.28546	0.28568	0.45421
1642	0.28567	0.28592	0.45453
1643	0.28589	0.28614	0.45486
1644	0.28612	0.28636	0.4552
1645	0.28632	0.28657	0.45553
1646	0.28651	0.28676	0.45582
1647	0.28669	0.28695	0.45612
1648	0.28687	0.28715	0.45644
1649	0.28704	0.28733	0.45674
1650	0.28719	0.28749	0.45701
1651	0.28734	0.28764	0.45725
1652	0.28748	0.28778	0.45747
1653	0.28759	0.28789	0.45769
1654	0.28768	0.28798	0.45792
1655	0.28777	0.28807	0.45815
1656	0.28784	0.28815	0.45837
1657	0.28792	0.28821	0.45859
1658	0.28801	0.28827	0.4588
1659	0.28809	0.28831	0.45901
1660	0.28816	0.28835	0.4592
1661	0.28822	0.28839	0.45938
1662	0.28826	0.28842	0.45955
1663	0.28827	0.28844	0.45971
1664	0.28829	0.28846	0.45987
1665	0.28833	0.28849	0.46001
1666	0.28837	0.28852	0.46014
1667	0.28838	0.28853	0.46026
1668	0.28838	0.28853	0.46038
1669	0.28839	0.28851	0.46048
1670	0.2884	0.2885	0.46057
1671	0.28842	0.28849	0.46065
1672	0.28843	0.28849	0.46072
1673	0.28841	0.28846	0.46079
1674	0.28836	0.2884	0.46084
1675	0.28832	0.28835	0.46088
1676	0.28829	0.2883	0.46091
1677	0.28824	0.28827	0.46095
1678	0.28819	0.28822	0.46099
1679	0.28814	0.28817	0.46101
1680	0.28805	0.28808	0.46101
1681	0.28793	0.28797	0.46095
1682	0.28779	0.28786	0.46088
1683	0.28767	0.28776	0.46083
1684	0.28753	0.28766	0.46076
1685	0.28737	0.28754	0.46066
1686	0.28719	0.28741	0.46053
1687	0.28699	0.28723	0.46037
1688	0.28677	0.28703	0.46018
1689	0.28655	0.28683	0.46
1690	0.28634	0.28662	0.45982
1691	0.28612	0.28639	0.45961
1692	0.28591	0.28617	0.4594
1693	0.28571	0.28596	0.45922
1694	0.28549	0.28575	0.45904
1695	0.28525	0.28553	0.45887
1696	0.28501	0.28531	0.45868
1697	0.28477	0.28508	0.45848
1698	0.28451	0.28484	0.45826
1699	0.28424	0.2846	0.45804
1700	0.284	0.28437	0.45783
1701	0.28377	0.28414	0.45761
1702	0.28353	0.28391	0.4574
1703	0.28329	0.28367	0.4572
1704	0.28308	0.28343	0.45698
1705	0.28289	0.28321	0.45674
1706	0.28269	0.28302	0.4565
1707	0.2825	0.28284	0.45625
1708	0.28229	0.28266	0.45601
1709	0.28207	0.28246	0.45578
1710	0.28186	0.28226	0.45553
1711	0.28166	0.28207	0.45526
1712	0.28146	0.28187	0.45499
1713	0.28123	0.28164	0.45472
1714	0.281	0.28139	0.45443
1715	0.28076	0.28112	0.45411
1716	0.2805	0.28084	0.45377
1717	0.2802	0.28055	0.45341
1718	0.27991	0.28027	0.45307
1719	0.27961	0.27997	0.45273
1720	0.27927	0.27966	0.45234
1721	0.27889	0.27933	0.45192
1722	0.27852	0.27897	0.45148
1723	0.27817	0.27861	0.45104
1724	0.27782	0.27825	0.45064
1725	0.27748	0.2779	0.45024
1726	0.27712	0.27753	0.44981
1727	0.27676	0.27716	0.44937
1728	0.27643	0.27682	0.44896
1729	0.2761	0.27648	0.44854
1730	0.27574	0.27611	0.44808
1731	0.27537	0.27574	0.4476
1732	0.27501	0.27538	0.44713
1733	0.27465	0.27503	0.44667
1734	0.27428	0.27468	0.44622
1735	0.27393	0.27434	0.44576
1736	0.27359	0.27402	0.44532
1737	0.27324	0.2737	0.44488
1738	0.27288	0.27338	0.44444
1739	0.27253	0.27305	0.44399
1740	0.27218	0.27271	0.44356
1741	0.27184	0.27238	0.44313
1742	0.2715	0.27207	0.44271
1743	0.27118	0.27177	0.44228
1744	0.27088	0.27146	0.44187
1745	0.27056	0.27114	0.44144
1746	0.27023	0.2708	0.44097
1747	0.26989	0.27042	0.4405
1748	0.26953	0.27003	0.44001
1749	0.26913	0.26961	0.43951
1750	0.26871	0.26914	0.43897
1751	0.26828	0.26867	0.43841
1752	0.26785	0.26822	0.43784
1753	0.2674	0.26776	0.43727
1754	0.26697	0.2673	0.4367
1755	0.26651	0.26683	0.4361
1756	0.26604	0.26635	0.43548
1757	0.2656	0.26589	0.43488
1758	0.26518	0.26545	0.43431
1759	0.26475	0.26499	0.43372
1760	0.2643	0.26451	0.43311
1761	0.26386	0.26404	0.43249
1762	0.26344	0.26359	0.43186
1763	0.26302	0.26316	0.43123
1764	0.26262	0.26275	0.43062
1765	0.26224	0.2624	0.43006
1766	0.26188	0.26207	0.42953
1767	0.26149	0.26173	0.42902
1768	0.26109	0.26138	0.42852
1769	0.26071	0.26103	0.42803
1770	0.26035	0.26068	0.42754
1771	0.25998	0.26033	0.42711
1772	0.25963	0.26001	0.42671
1773	0.2593	0.25969	0.42632
1774	0.259	0.25939	0.42594
1775	0.25873	0.25913	0.42559
1776	0.25848	0.2589	0.4253
1777	0.25825	0.25869	0.42504
1778	0.25805	0.25851	0.4248
1779	0.25788	0.25834	0.42458
1780	0.2577	0.25816	0.42435
1781	0.2575	0.25795	0.4241
1782	0.2573	0.25773	0.42383
1783	0.25712	0.25753	0.42359
1784	0.25694	0.25733	0.42338
1785	0.25665	0.25706	0.42308
1786	0.25648	0.25688	0.42287
1787	0.2564	0.25678	0.42274
1788	0.25631	0.25661	0.42259
1789	0.2562	0.25638	0.42243
1790	0.25613	0.25619	0.4223
1791	0.25609	0.25605	0.42222
1792	0.2561	0.256	0.42224
1793	0.25617	0.25605	0.42238
1794	0.25626	0.25615	0.42261
1795	0.25633	0.25621	0.42282
1796	0.2564	0.25628	0.42303
1797	0.25653	0.2564	0.42326
1798	0.25669	0.25656	0.4235
1799	0.25687	0.25681	0.4238
1800	0.25707	0.25714	0.42419
1801	0.2573	0.25749	0.42458
1802	0.25753	0.25776	0.42483
1803	0.25775	0.25799	0.42502
1804	0.25806	0.25832	0.42533
1805	0.25844	0.25875	0.42575
1806	0.2588	0.25919	0.42622
1807	0.25913	0.25964	0.42671
1808	0.25941	0.26004	0.42715
1809	0.25962	0.26035	0.42751
1810	0.25979	0.26065	0.42785
1811	0.25998	0.26099	0.42821
1812	0.26017	0.26131	0.42857
1813	0.26026	0.26153	0.42886
1814	0.26028	0.26168	0.42905
1815	0.26036	0.26182	0.42921
1816	0.26046	0.26195	0.42933
1817	0.26055	0.26198	0.42939
1818	0.26063	0.26194	0.42942
1819	0.26064	0.26185	0.42938
1820	0.26054	0.26176	0.42924
1821	0.26037	0.26161	0.42904
1822	0.26035	0.26148	0.42902
1823	0.26029	0.26124	0.42901
1824	0.26019	0.26098	0.42888
1825	0.26013	0.26082	0.42875
1826	0.26007	0.26072	0.4287
1827	0.25997	0.26062	0.42868
1828	0.25987	0.26052	0.4287
1829	0.25983	0.26044	0.4287
1830	0.25976	0.26031	0.42862
1831	0.25956	0.26002	0.42841
1832	0.25929	0.25969	0.42816
1833	0.2591	0.25952	0.42794
1834	0.25892	0.25946	0.42773
1835	0.25873	0.25944	0.4275
1836	0.25855	0.25938	0.42721
1837	0.2584	0.25923	0.42682
1838	0.25827	0.25905	0.42642
1839	0.2581	0.2589	0.42611
1840	0.25783	0.25876	0.42582
1841	0.25741	0.25851	0.4254
1842	0.25692	0.25818	0.42484
1843	0.25637	0.25777	0.42416
1844	0.25569	0.25721	0.42332
1845	0.25494	0.25653	0.42237
1846	0.2542	0.25585	0.4214
1847	0.25348	0.25511	0.42039
1848	0.25263	0.25425	0.41925
1849	0.25162	0.25324	0.4179
1850	0.25056	0.25217	0.41641
1851	0.24955	0.25105	0.41486
1852	0.24843	0.24978	0.41318
1853	0.24721	0.24841	0.41135
1854	0.2459	0.24699	0.4094
1855	0.24443	0.24548	0.40731
1856	0.24281	0.24383	0.40509
1857	0.24114	0.24205	0.40277
1858	0.23945	0.2402	0.4003
1859	0.23766	0.23829	0.3976
1860	0.23572	0.23633	0.39471
1861	0.2336	0.2342	0.39169
1862	0.23126	0.23188	0.38844
1863	0.22877	0.22942	0.38491
1864	0.22622	0.22685	0.38112
1865	0.22353	0.22413	0.37706
1866	0.22059	0.22117	0.3727
1867	0.21739	0.21799	0.36804
1868	0.21412	0.21477	0.36312
1869	0.21082	0.2116	0.35797
1870	0.20737	0.20827	0.35252
1871	0.20368	0.20462	0.34674
1872	0.19981	0.20073	0.34063
1873	0.19571	0.19663	0.33418
1874	0.19138	0.19235	0.32737
1875	0.18689	0.18797	0.32026
1876	0.18232	0.18356	0.31288
1877	0.17773	0.17907	0.30529
1878	0.17309	0.17447	0.29747
1879	0.16835	0.16974	0.28946
1880	0.16353	0.16492	0.28129
1881	0.15872	0.16012	0.273
1882	0.15396	0.15533	0.26463
1883	0.14923	0.15056	0.25615
1884	0.14447	0.1458	0.24751
1885	0.13975	0.14109	0.2388
1886	0.1352	0.13651	0.23016
1887	0.13088	0.13212	0.22166
1888	0.12669	0.12787	0.21324
1889	0.12258	0.12369	0.2049
1890	0.11853	0.11956	0.19667
1891	0.1146	0.11556	0.18861
1892	0.11085	0.11175	0.18075
1893	0.10739	0.10823	0.17316
1894	0.10419	0.10495	0.16587
1895	0.10104	0.10176	0.15875
1896	0.097912	0.098646	0.15176
1897	0.094951	0.09569	0.14499
1898	0.092265	0.092962	0.13859
1899	0.089839	0.090447	0.13256
1900	0.087613	0.088108	0.12681
1901	0.085522	0.085923	0.12134
1902	0.083491	0.083874	0.1162
1903	0.081562	0.081999	0.11139
1904	0.079855	0.080332	0.10698
1905	0.078345	0.078825	0.10294
1906	0.076911	0.077396	0.099176
1907	0.075501	0.076029	0.095643
1908	0.074173	0.074785	0.092367
1909	0.072927	0.073615	0.089347
1910	0.071851	0.072592	0.086648
1911	0.071023	0.071822	0.084312
1912	0.07035	0.071197	0.082269
1913	0.069712	0.070561	0.080379
1914	0.069117	0.069939	0.078647
1915	0.068526	0.069328	0.077047
1916	0.067937	0.068725	0.075571
1917	0.067449	0.068213	0.074332
1918	0.067096	0.067824	0.07336
1919	0.066802	0.067505	0.072539
1920	0.066479	0.067146	0.071686
1921	0.066179	0.066806	0.0709
1922	0.06596	0.066594	0.07034
1923	0.065773	0.06643	0.069949
1924	0.06557	0.066156	0.069522
1925	0.065372	0.065816	0.069078
1926	0.065214	0.065565	0.068773
1927	0.06509	0.065411	0.068618
1928	0.065003	0.065276	0.068499
1929	0.064974	0.065147	0.068351
1930	0.064911	0.065011	0.068207
1931	0.064781	0.064892	0.068151
1932	0.064728	0.064867	0.068301
1933	0.064796	0.064912	0.06857
1934	0.064913	0.064991	0.068873
1935	0.065019	0.065104	0.069201
1936	0.065118	0.065256	0.069572
1937	0.06522	0.06543	0.069991
1938	0.065317	0.065607	0.070439
1939	0.065507	0.065828	0.071011
1940	0.065826	0.066128	0.071778
1941	0.066165	0.066478	0.072608
1942	0.066474	0.066837	0.073385
1943	0.06679	0.067182	0.07417
1944	0.06714	0.067532	0.07503
1945	0.067535	0.067916	0.075965
1946	0.068033	0.068392	0.077018
1947	0.068609	0.068931	0.078162
1948	0.069098	0.069369	0.079247
1949	0.069464	0.069677	0.080231
1950	0.069799	0.07	0.081254
1951	0.070124	0.070367	0.082351
1952	0.070475	0.070758	0.083515
1953	0.070828	0.071112	0.084677
1954	0.071134	0.071398	0.08577
1955	0.071416	0.071685	0.086843
1956	0.071702	0.072007	0.08794
1957	0.072038	0.07242	0.089106
1958	0.072418	0.072913	0.090336
1959	0.072759	0.07332	0.091474
1960	0.073055	0.073614	0.092499
1961	0.073361	0.073954	0.093613
1962	0.073686	0.07439	0.094861
1963	0.074012	0.074817	0.09612
1964	0.074319	0.075173	0.097331
1965	0.074633	0.075547	0.09858
1966	0.074983	0.07606	0.09994
1967	0.075355	0.076651	0.10135
1968	0.07576	0.077158	0.10271
1969	0.076191	0.077586	0.104
1970	0.076599	0.078011	0.10531
1971	0.076998	0.078451	0.10668
1972	0.0774	0.078881	0.108
1973	0.077805	0.079303	0.10922
1974	0.078247	0.079744	0.11052
1975	0.078775	0.080245	0.11202
1976	0.079379	0.080806	0.11363
1977	0.080036	0.081394	0.11519
1978	0.080713	0.081996	0.11673
1979	0.081338	0.082594	0.11833
1980	0.081932	0.083201	0.12
1981	0.082661	0.083873	0.12177
1982	0.083504	0.084585	0.12361
1983	0.084211	0.085213	0.12535
1984	0.084732	0.085742	0.12695
1985	0.085213	0.086252	0.12854
1986	0.085728	0.086785	0.13016
1987	0.08627	0.087317	0.13177
1988	0.086871	0.087861	0.13337
1989	0.087517	0.088451	0.13497
1990	0.088103	0.089057	0.13656
1991	0.088659	0.08969	0.13817
1992	0.089281	0.090335	0.13981
1993	0.089957	0.090983	0.14145
1994	0.090557	0.091569	0.14305
1995	0.091049	0.092046	0.14454
1996	0.091643	0.09257	0.14605
1997	0.092431	0.093249	0.14767
1998	0.093199	0.093953	0.14932
1999	0.093786	0.094543	0.15089
2000	0.094363	0.095162	0.15249
2001	0.095167	0.09602	0.1543
2002	0.096103	0.097001	0.15621
2003	0.09689	0.097761	0.15798
2004	0.097561	0.09833	0.15966
2005	0.098245	0.098947	0.16129
2006	0.098936	0.099621	0.16285
2007	0.0997	0.10034	0.16441
2008	0.10052	0.1011	0.16602
2009	0.1013	0.10192	0.16765
2010	0.10207	0.10281	0.16933
2011	0.10288	0.10376	0.17106
2012	0.1037	0.10466	0.17276
2013	0.1045	0.10555	0.1745
2014	0.10532	0.10657	0.17639
2015	0.10615	0.10767	0.17837
2016	0.10697	0.10866	0.18018
2017	0.10781	0.10956	0.18186
2018	0.10858	0.11042	0.18354
2019	0.10925	0.11125	0.18519
2020	0.10986	0.11207	0.18681
2021	0.11047	0.11285	0.18839
2022	0.11112	0.11362	0.18992
2023	0.11187	0.11445	0.19149
2024	0.11268	0.11534	0.19313
2025	0.11335	0.1162	0.19471
2026	0.11387	0.11691	0.19614
2027	0.11446	0.11754	0.1975
2028	0.11517	0.11819	0.1989
2029	0.11581	0.11882	0.20025
2030	0.11632	0.11936	0.20147
2031	0.11677	0.11977	0.20261
2032	0.11727	0.12013	0.20377
2033	0.11782	0.12057	0.20497
2034	0.1183	0.12104	0.20612
2035	0.11872	0.12152	0.20727
2036	0.11925	0.12205	0.20853
2037	0.11985	0.12256	0.20982
2038	0.12034	0.12292	0.21087
2039	0.12072	0.12315	0.21173
2040	0.12115	0.12352	0.21272
2041	0.12172	0.12405	0.21383
2042	0.12232	0.12454	0.21485
2043	0.12289	0.125	0.21582
2044	0.12346	0.12557	0.2169
2045	0.12405	0.12627	0.21809
2046	0.1247	0.12703	0.2193
2047	0.12537	0.1278	0.2205
2048	0.12608	0.12862	0.22184
2049	0.12687	0.12953	0.2234
2050	0.12769	0.13044	0.22497
2051	0.12841	0.13113	0.22624
2052	0.12904	0.1317	0.22729
2053	0.12986	0.13245	0.22859
2054	0.13082	0.13338	0.23015
2055	0.13155	0.13416	0.23156
2056	0.13207	0.13476	0.23273
2057	0.13262	0.13526	0.23386
2058	0.13326	0.13576	0.23505
2059	0.13392	0.1364	0.23629
2060	0.13453	0.13714	0.23747
2061	0.13508	0.13777	0.2385
2062	0.13558	0.13818	0.23945
2063	0.1361	0.13854	0.24048
2064	0.13662	0.13907	0.24164
2065	0.13706	0.13962	0.24278
2066	0.13744	0.13993	0.24382
2067	0.13784	0.14012	0.2448
2068	0.13831	0.14055	0.24568
2069	0.13882	0.14119	0.24648
2070	0.1393	0.14176	0.24734
2071	0.13977	0.14224	0.24832
2072	0.14039	0.14277	0.2494
2073	0.1411	0.14337	0.25047
2074	0.14165	0.14391	0.25133
2075	0.14204	0.14436	0.25214
2076	0.14254	0.14483	0.25315
2077	0.1432	0.14532	0.25421
2078	0.14382	0.14577	0.25514
2079	0.14435	0.14625	0.25608
2080	0.14485	0.14678	0.25709
2081	0.14541	0.14731	0.25806
2082	0.14601	0.14786	0.25899
2083	0.14654	0.14854	0.26004
2084	0.14706	0.14922	0.26123
2085	0.14752	0.14962	0.26227
2086	0.14791	0.14981	0.2631
2087	0.1484	0.15021	0.2641
2088	0.14906	0.15089	0.26543
2089	0.14976	0.15154	0.2667
2090	0.15025	0.15195	0.26766
2091	0.15059	0.15216	0.26852
2092	0.1511	0.15248	0.26966
2093	0.15184	0.15305	0.27095
2094	0.15261	0.15379	0.27215
2095	0.15325	0.15457	0.27326
2096	0.15373	0.15521	0.27434
2097	0.15412	0.15566	0.27545
2098	0.15454	0.15615	0.2767
2099	0.15506	0.1568	0.27802
2100	0.15567	0.15757	0.27932
2101	0.15629	0.15822	0.28057
2102	0.15685	0.15861	0.28168
2103	0.15741	0.159	0.28264
2104	0.15807	0.15968	0.28348
2105	0.15883	0.16041	0.28445
2106	0.15961	0.16108	0.28583
2107	0.16038	0.16178	0.28734
2108	0.16114	0.16248	0.28858
2109	0.16178	0.16307	0.28955
2110	0.16228	0.16357	0.29043
2111	0.16289	0.16413	0.2914
2112	0.16374	0.16478	0.29244
2113	0.16448	0.1653	0.29343
2114	0.16489	0.16566	0.29432
2115	0.16514	0.16597	0.29503
2116	0.16539	0.16628	0.29556
2117	0.1658	0.16665	0.29603
2118	0.16626	0.16711	0.29656
2119	0.16659	0.16764	0.29724
2120	0.16685	0.16807	0.29796
2121	0.16715	0.16834	0.29871
2122	0.16758	0.16873	0.29961
2123	0.16804	0.16935	0.3006
2124	0.16835	0.16996	0.30143
2125	0.1686	0.17037	0.30212
2126	0.16907	0.17071	0.30302
2127	0.1697	0.17117	0.30422
2128	0.17024	0.17186	0.30548
2129	0.17067	0.17262	0.30654
2130	0.17098	0.17304	0.30725
2131	0.17115	0.17311	0.3079
2132	0.1712	0.17311	0.30872
2133	0.17131	0.17326	0.30964
2134	0.17162	0.17372	0.31061
2135	0.17199	0.17427	0.31158
2136	0.17235	0.1747	0.31256
2137	0.1727	0.175	0.31346
2138	0.17321	0.17542	0.31435
2139	0.17393	0.17608	0.31535
2140	0.17457	0.17668	0.31638
2141	0.17502	0.17706	0.31734
2142	0.17564	0.17761	0.31841
2143	0.17649	0.17834	0.31948
2144	0.17711	0.17875	0.3201
2145	0.17745	0.17885	0.32029
2146	0.17778	0.17897	0.3205
2147	0.17817	0.17905	0.32096
2148	0.17856	0.17894	0.3215
2149	0.17882	0.17869	0.32178
2150	0.17888	0.17845	0.32174
2151	0.17882	0.17834	0.32164
2152	0.17887	0.17834	0.32174
2153	0.17909	0.17838	0.32187
2154	0.17924	0.17843	0.32201
2155	0.17918	0.17854	0.32246
2156	0.17915	0.1787	0.32312
2157	0.17932	0.17885	0.32365
2158	0.17954	0.17899	0.32393
2159	0.17954	0.17912	0.32417
2160	0.17949	0.17934	0.32459
2161	0.17966	0.17962	0.32518
2162	0.17988	0.17983	0.32568
2163	0.17981	0.17997	0.326
2164	0.17944	0.18002	0.32635
2165	0.17908	0.17991	0.32671
2166	0.17889	0.17968	0.32698
2167	0.17872	0.17964	0.3274
2168	0.1784	0.1798	0.32794
2169	0.1781	0.17998	0.32835
2170	0.17795	0.1802	0.32869
2171	0.17792	0.18044	0.32907
2172	0.178	0.18083	0.32946
2173	0.17821	0.18135	0.32986
2174	0.17853	0.18176	0.33032
2175	0.17882	0.18189	0.33073
2176	0.17905	0.18195	0.33098
2177	0.1794	0.1823	0.33122
2178	0.17996	0.18286	0.33167
2179	0.18034	0.18317	0.33215
2180	0.18037	0.18308	0.33213
2181	0.18041	0.18299	0.3319
2182	0.18068	0.18313	0.33207
2183	0.18099	0.18319	0.33245
2184	0.18129	0.18316	0.33263
2185	0.18166	0.18333	0.33268
2186	0.18202	0.18373	0.33295
2187	0.18231	0.18417	0.33336
2188	0.18263	0.18443	0.3336
2189	0.18293	0.18446	0.33368
2190	0.18316	0.18451	0.33392
2191	0.18346	0.18476	0.3345
2192	0.18386	0.18498	0.33505
2193	0.18418	0.185	0.33523
2194	0.18427	0.18495	0.33525
2195	0.18421	0.18501	0.33546
2196	0.18427	0.18518	0.3359
2197	0.18441	0.18526	0.33633
2198	0.18436	0.18512	0.33662
2199	0.18419	0.18499	0.33705
2200	0.18408	0.18498	0.33774
2201	0.18411	0.18493	0.33838
2202	0.18422	0.18484	0.33881
2203	0.18414	0.18489	0.33927
2204	0.18389	0.18495	0.3398
2205	0.18365	0.18484	0.34021
2206	0.18342	0.18472	0.34048
2207	0.18323	0.1848	0.34081
2208	0.18322	0.18503	0.34127
2209	0.18331	0.18509	0.34168
2210	0.18337	0.18503	0.34198
2211	0.18332	0.18515	0.34213
2212	0.18321	0.18541	0.34223
2213	0.18316	0.18558	0.34237
2214	0.18319	0.18566	0.34254
2215	0.18312	0.18572	0.3426
2216	0.18279	0.18566	0.34239
2217	0.18242	0.18551	0.34212
2218	0.18233	0.18552	0.34211
2219	0.18242	0.18571	0.34225
2220	0.18254	0.18596	0.34231
2221	0.18267	0.18623	0.3423
2222	0.18272	0.18644	0.3424
2223	0.18262	0.18651	0.34252
2224	0.18253	0.18639	0.34245
2225	0.18256	0.18616	0.34225
2226	0.18268	0.18593	0.34211
2227	0.18282	0.18575	0.34206
2228	0.18296	0.18565	0.34191
2229	0.18315	0.18564	0.34166
2230	0.18327	0.18566	0.34165
2231	0.18334	0.18583	0.34199
2232	0.1834	0.186	0.34229
2233	0.1835	0.18594	0.34227
2234	0.18365	0.18577	0.3422
2235	0.18379	0.18563	0.34235
2236	0.18383	0.18545	0.34251
2237	0.1837	0.18511	0.34249
2238	0.18353	0.18476	0.34247
2239	0.18332	0.18452	0.3426
2240	0.18304	0.18414	0.3426
2241	0.1826	0.18352	0.34231
2242	0.18215	0.183	0.34206
2243	0.18207	0.18283	0.34207
2244	0.18214	0.18268	0.34203
2245	0.18177	0.18223	0.34161
2246	0.1811	0.18168	0.34112
2247	0.18068	0.18122	0.34089
2248	0.18054	0.18079	0.34088
2249	0.18032	0.18034	0.34088
2250	0.17987	0.17991	0.34078
2251	0.17928	0.17947	0.34053
2252	0.17872	0.17898	0.34012
2253	0.17828	0.17844	0.33977
2254	0.17794	0.17799	0.33962
2255	0.17756	0.17769	0.33944
2256	0.17714	0.17737	0.33905
2257	0.17684	0.17701	0.33867
2258	0.17658	0.17665	0.33835
2259	0.17618	0.1762	0.33778
2260	0.17562	0.17561	0.33681
2261	0.17505	0.17506	0.33576
2262	0.17453	0.17467	0.33487
2263	0.17391	0.17432	0.33393
2264	0.17332	0.17402	0.33286
2265	0.17287	0.17378	0.33181
2266	0.17247	0.17357	0.33085
2267	0.17193	0.17319	0.32972
2268	0.17119	0.17241	0.32824
2269	0.17043	0.17146	0.32657
2270	0.16979	0.17068	0.32512
2271	0.16905	0.16993	0.32395
2272	0.16802	0.16908	0.32277
2273	0.16703	0.16829	0.32143
2274	0.16627	0.16766	0.32
2275	0.16545	0.16701	0.31849
2276	0.16432	0.16627	0.31707
2277	0.16318	0.16561	0.31595
2278	0.16248	0.16513	0.31507
2279	0.16203	0.16469	0.3142
2280	0.16125	0.16405	0.31331
2281	0.1603	0.16326	0.31256
2282	0.15973	0.16252	0.31203
2283	0.15949	0.16193	0.31174
2284	0.1591	0.16147	0.31151
2285	0.15856	0.16104	0.31106
2286	0.1582	0.1605	0.31046
2287	0.15792	0.15989	0.30993
2288	0.15749	0.15937	0.30959
2289	0.1572	0.15902	0.30951
2290	0.1573	0.15888	0.30964
2291	0.15743	0.15879	0.30962
2292	0.15753	0.15888	0.30935
2293	0.15778	0.15918	0.30929
2294	0.15795	0.15947	0.30951
2295	0.15788	0.15961	0.30953
2296	0.15771	0.15955	0.30908
2297	0.15794	0.15968	0.30871
2298	0.15839	0.15993	0.30869
2299	0.15838	0.15978	0.3083
2300	0.15823	0.15942	0.30735
2301	0.15806	0.15893	0.30623
2302	0.15765	0.15834	0.30533
2303	0.15696	0.15767	0.30449
2304	0.15615	0.1569	0.30331
2305	0.15558	0.15619	0.30196
2306	0.15514	0.15555	0.30091
2307	0.1546	0.15503	0.30021
2308	0.15397	0.1546	0.29932
2309	0.15305	0.154	0.29788
2310	0.15179	0.15308	0.29632
2311	0.15045	0.15213	0.29515
2312	0.14951	0.1515	0.29453
2313	0.1491	0.15108	0.29418
2314	0.14869	0.15044	0.29368
2315	0.14792	0.14948	0.29298
2316	0.14717	0.1485	0.29241
2317	0.14666	0.14771	0.29186
2318	0.14601	0.14692	0.29092
2319	0.14502	0.146	0.28964
2320	0.144	0.14511	0.28837
2321	0.1432	0.14422	0.28716
2322	0.14245	0.14308	0.28592
2323	0.14172	0.14206	0.2848
2324	0.14129	0.14158	0.28387
2325	0.14128	0.14138	0.28311
2326	0.14131	0.14102	0.2824
2327	0.141	0.1406	0.28149
2328	0.14052	0.14034	0.28056
2329	0.14002	0.14007	0.27997
2330	0.13955	0.13966	0.27943
2331	0.13935	0.13924	0.27856
2332	0.13939	0.13899	0.27761
2333	0.13948	0.13894	0.2771
2334	0.13924	0.1386	0.27634
2335	0.13865	0.13777	0.2748
2336	0.13829	0.1371	0.27347
2337	0.13808	0.13682	0.27283
2338	0.13775	0.1367	0.27225
2339	0.13737	0.13626	0.27124
2340	0.13728	0.13559	0.27017
2341	0.13743	0.13507	0.26917
2342	0.13716	0.13471	0.26818
2343	0.13649	0.13468	0.26753
2344	0.13586	0.13467	0.26698
2345	0.13541	0.1345	0.26664
2346	0.13515	0.13475	0.26677
2347	0.13513	0.13553	0.26705
2348	0.13536	0.13627	0.26727
2349	0.13542	0.13651	0.26722
2350	0.13499	0.13652	0.26685
2351	0.13442	0.1367	0.26644
2352	0.1341	0.13694	0.26634
2353	0.13373	0.13708	0.26635
2354	0.13317	0.13736	0.26592
2355	0.13288	0.13793	0.26524
2356	0.13325	0.13877	0.26526
2357	0.13391	0.13948	0.26568
2358	0.13417	0.13976	0.26525
2359	0.13418	0.14025	0.26402
2360	0.13421	0.14092	0.26319
2361	0.13416	0.141	0.26302
2362	0.13353	0.14047	0.26245
2363	0.13237	0.14023	0.26128
2364	0.13115	0.1401	0.26017
2365	0.13007	0.13926	0.25919
2366	0.12953	0.13784	0.25825
2367	0.12949	0.13653	0.25756
2368	0.12923	0.13548	0.2573
2369	0.12833	0.13419	0.2567
2370	0.12714	0.13267	0.25519
2371	0.12626	0.1313	0.2535
2372	0.12553	0.13023	0.25181
2373	0.12443	0.12892	0.24972
2374	0.12294	0.12668	0.24752
2375	0.12163	0.12426	0.24573
2376	0.12094	0.1229	0.24442
2377	0.12006	0.12202	0.24313
2378	0.11827	0.12045	0.24194
2379	0.11665	0.11872	0.24109
2380	0.11624	0.1177	0.23997
2381	0.11596	0.11699	0.23837
2382	0.11497	0.11652	0.23692
2383	0.11414	0.11642	0.23589
2384	0.11366	0.1159	0.23431
2385	0.11289	0.11488	0.23207
2386	0.11181	0.11418	0.23022
2387	0.11105	0.11403	0.22895
2388	0.1109	0.11398	0.22794
2389	0.11096	0.11394	0.22673
2390	0.11114	0.11398	0.22522
2391	0.11142	0.11379	0.22405
2392	0.11156	0.11283	0.22312
2393	0.1111	0.11127	0.2214
2394	0.11026	0.11049	0.21942
2395	0.10976	0.11083	0.2187
2396	0.1094	0.11119	0.21934
2397	0.10882	0.11122	0.21948
2398	0.10775	0.11108	0.2173
2399	0.10653	0.11086	0.21459
2400	0.10532	0.10984	0.21334
2401	0.10408	0.10806	0.21278
2402	0.10293	0.107	0.21247
2403	0.10168	0.10713	0.21249
2404	0.10025	0.10741	0.21232
2405	0.098865	0.10705	0.21143
2406	0.098344	0.10716	0.21066
2407	0.098689	0.10823	0.21053
2408	0.098417	0.10878	0.20993
2409	0.097333	0.10822	0.20932
2410	0.096594	0.10781	0.21002
2411	0.096835	0.10886	0.21124
2412	0.097264	0.1101	0.21121
2413	0.096926	0.10968	0.21004
2414	0.095495	0.10777	0.20847
2415	0.094076	0.10624	0.20652
2416	0.09407	0.10597	0.20405
2417	0.094514	0.10577	0.20173
2418	0.093802	0.10507	0.1999
2419	0.092652	0.10392	0.19735
2420	0.091831	0.10189	0.19402
2421	0.090915	0.09949	0.19147
2422	0.090591	0.098289	0.1908
2423	0.091262	0.097889	0.19046
2424	0.091468	0.096007	0.18814
2425	0.090789	0.09293	0.18517
2426	0.090409	0.091009	0.18412
2427	0.090616	0.090601	0.18425
2428	0.090389	0.089428	0.18298
2429	0.089522	0.087407	0.18094
2430	0.088576	0.086096	0.17908
2431	0.087663	0.085125	0.17665
2432	0.08702	0.084656	0.17355
2433	0.086246	0.084338	0.16973
2434	0.085004	0.083153	0.16598
2435	0.084122	0.082014	0.1644
2436	0.083723	0.082004	0.16422
2437	0.083273	0.082539	0.16357
2438	0.082351	0.082959	0.16348
2439	0.081843	0.083778	0.16452
2440	0.082704	0.085641	0.16576
2441	0.083369	0.087721	0.16651
2442	0.082657	0.089431	0.1661
2443	0.081564	0.090816	0.16464
2444	0.080812	0.091358	0.16312
2445	0.080318	0.092055	0.16239
2446	0.080132	0.0942	0.16292
2447	0.080639	0.096562	0.16295
2448	0.081594	0.097546	0.16041
2449	0.081409	0.097059	0.15663
2450	0.079139	0.096034	0.15298
2451	0.077871	0.096519	0.15065
2452	0.079847	0.099523	0.15089
2453	0.081762	0.10228	0.15189
2454	0.080668	0.10152	0.15066
2455	0.079962	0.099955	0.14886
2456	0.081218	0.10033	0.14832
2457	0.081627	0.10124	0.14741
2458	0.080585	0.1013	0.1456
2459	0.079784	0.10034	0.14322
2460	0.079524	0.098301	0.14098
2461	0.078805	0.096275	0.13958
2462	0.077906	0.09547	0.13871
2463	0.0784	0.09461	0.13762
2464	0.079931	0.092112	0.13584
2465	0.079037	0.089263	0.13282
2466	0.075705	0.087605	0.12851
2467	0.074838	0.088359	0.12655
2468	0.077934	0.091729	0.12884
2469	0.078911	0.09331	0.13088
2470	0.077295	0.092964	0.13144
2471	0.076124	0.092282	0.13026
2472	0.075108	0.090508	0.12715
2473	0.073603	0.087799	0.12554
2474	0.072066	0.085306	0.12628
2475	0.07197	0.085701	0.12723
2476	0.072578	0.088168	0.12729
2477	0.073364	0.090016	0.12808
2478	0.07488	0.090746	0.1306
2479	0.07476	0.088628	0.12824
2480	0.073543	0.08538	0.12326
