*Name: Linden mid
Type: Leaf Spectrum

Origin: Remote Sensing Laboratories, University of Zurich

Description: abaxial reflectance, adaxial reflectance, and adaxial transmittance

Measurement: Hemispherical Conical Reflectance Factor HCRF measured by ASD Integrating Sphere

Wavelength [nm]	abaxial Reflectance [0 1]	adaxial Reflectance [0 1]	adaxial Transmittance [0 1]
370	0.018348	0.018995	0.00021439
371	0.024521	0.025525	0.00048896
372	0.02999	0.031283	-0.00018522
373	0.035571	0.037145	-0.00025339
374	0.040504	0.042315	-0.00016526
375	0.044067	0.046041	-0.00026313
376	0.045696	0.047782	-0.00041314
377	0.045839	0.047948	-3.7558e-05
378	0.043856	0.045795	0.00063827
379	0.044083	0.045802	0.00055784
380	0.044075	0.045344	0.00035404
381	0.04422	0.045208	6.3215e-05
382	0.044546	0.04534	7.2683e-05
383	0.044926	0.045514	0.00087026
384	0.044352	0.04488	0.00098953
385	0.043302	0.043799	0.00033061
386	0.042396	0.042775	-0.00069986
387	0.042881	0.043272	-0.00023891
388	0.043307	0.043821	9.7032e-05
389	0.043031	0.043777	-0.00021952
390	0.043613	0.044619	0.00040408
391	0.044801	0.045995	0.0014554
392	0.045431	0.046653	0.0020124
393	0.045963	0.047076	0.0026898
394	0.046686	0.047774	0.0033103
395	0.047179	0.048207	0.0034826
396	0.047486	0.048417	0.0035153
397	0.047598	0.048405	0.0035544
398	0.047726	0.048468	0.0035975
399	0.048075	0.048788	0.0037829
400	0.048367	0.048914	0.0036275
401	0.048739	0.049209	0.0036455
402	0.048563	0.049053	0.003271
403	0.048096	0.048694	0.0027378
404	0.048431	0.049059	0.0029188
405	0.048291	0.048921	0.0026367
406	0.047976	0.048634	0.0022122
407	0.048409	0.049041	0.0025139
408	0.048472	0.049084	0.0023132
409	0.048308	0.048965	0.001993
410	0.048416	0.049087	0.002046
411	0.048698	0.049377	0.0022742
412	0.04923	0.049945	0.0027398
413	0.049882	0.050603	0.0033097
414	0.050293	0.050926	0.0034594
415	0.050705	0.051295	0.0036491
416	0.051182	0.051758	0.0038744
417	0.051509	0.052063	0.0040186
418	0.051894	0.052371	0.004143
419	0.052337	0.052771	0.0043214
420	0.052724	0.053124	0.0045069
421	0.053134	0.053477	0.0047608
422	0.053262	0.053616	0.0048001
423	0.05339	0.053748	0.0048338
424	0.053627	0.05396	0.0049519
425	0.053758	0.054094	0.0049943
426	0.053862	0.054193	0.0050329
427	0.054091	0.054411	0.0052219
428	0.05438	0.054695	0.0053991
429	0.05467	0.054967	0.005526
430	0.054853	0.05515	0.0055153
431	0.054837	0.055128	0.0054732
432	0.054984	0.055272	0.0056367
433	0.0552	0.055458	0.0058775
434	0.055376	0.055599	0.0061174
435	0.05552	0.05574	0.0063106
436	0.055711	0.055935	0.0065251
437	0.055898	0.056125	0.0067316
438	0.055997	0.056265	0.0068636
439	0.056124	0.056415	0.0069835
440	0.056252	0.056554	0.0071109
441	0.056364	0.056672	0.0072414
442	0.056411	0.056716	0.0073161
443	0.056464	0.056783	0.0073858
444	0.056433	0.056788	0.0073387
445	0.056392	0.056741	0.0073319
446	0.056395	0.056701	0.0073832
447	0.056454	0.05673	0.0075009
448	0.05658	0.056854	0.0077136
449	0.056702	0.05697	0.0079242
450	0.056772	0.057038	0.0080937
451	0.056854	0.057107	0.0082778
452	0.057074	0.057306	0.0085714
453	0.057368	0.057585	0.008925
454	0.057552	0.057763	0.0092171
455	0.057627	0.057838	0.0094025
456	0.057694	0.057926	0.009572
457	0.057843	0.058098	0.0098117
458	0.057906	0.058179	0.0099412
459	0.05793	0.058209	0.010022
460	0.057948	0.05822	0.010097
461	0.057919	0.058218	0.010146
462	0.057859	0.058176	0.010162
463	0.057825	0.058135	0.010181
464	0.057739	0.058041	0.010155
465	0.057709	0.057995	0.010157
466	0.057762	0.058029	0.010194
467	0.057915	0.058156	0.010333
468	0.058007	0.058222	0.010462
469	0.058043	0.058251	0.010568
470	0.058031	0.058256	0.010652
471	0.058069	0.058311	0.010814
472	0.058084	0.058347	0.010953
473	0.058093	0.058373	0.011058
474	0.058059	0.058351	0.011102
475	0.058013	0.058333	0.011155
476	0.058043	0.058382	0.011309
477	0.0581	0.058444	0.011451
478	0.058074	0.058423	0.011483
479	0.058042	0.058392	0.011457
480	0.058068	0.058416	0.011483
481	0.05811	0.058448	0.011567
482	0.058064	0.058401	0.011596
483	0.057959	0.058306	0.011584
484	0.057894	0.058267	0.011605
485	0.057928	0.058326	0.011702
486	0.057989	0.058403	0.011778
487	0.058078	0.058499	0.011867
488	0.058133	0.058558	0.011939
489	0.058217	0.058644	0.012083
490	0.058455	0.058864	0.012417
491	0.058634	0.059026	0.012672
492	0.058719	0.059097	0.012837
493	0.058808	0.059174	0.013037
494	0.058946	0.059303	0.013311
495	0.059093	0.059443	0.013615
496	0.059255	0.059602	0.013973
497	0.05943	0.059779	0.014339
498	0.059662	0.060021	0.014739
499	0.059933	0.060306	0.015154
500	0.060233	0.060623	0.015631
501	0.060568	0.060982	0.016193
502	0.060899	0.061343	0.016777
503	0.061309	0.061779	0.017478
504	0.06185	0.062331	0.01835
505	0.062337	0.062845	0.019207
506	0.062808	0.063357	0.020088
507	0.06338	0.063964	0.021095
508	0.064025	0.064643	0.022206
509	0.064723	0.065382	0.023457
510	0.065449	0.066145	0.024783
511	0.066218	0.066945	0.026166
512	0.067081	0.067839	0.027676
513	0.068059	0.068841	0.029355
514	0.069098	0.069906	0.031173
515	0.070175	0.071014	0.033072
516	0.071343	0.072208	0.035105
517	0.072663	0.073551	0.037351
518	0.074068	0.074979	0.03973
519	0.075482	0.076418	0.042146
520	0.076971	0.07794	0.044661
521	0.078562	0.079562	0.047293
522	0.080201	0.081239	0.05
523	0.081862	0.082937	0.052745
524	0.083537	0.084634	0.055463
525	0.085234	0.086349	0.058187
526	0.086926	0.088059	0.060888
527	0.088598	0.089739	0.063538
528	0.090209	0.091358	0.066079
529	0.091772	0.092932	0.068521
530	0.0933	0.094464	0.07088
531	0.094769	0.095942	0.073141
532	0.09613	0.097312	0.075237
533	0.097385	0.098571	0.077162
534	0.098601	0.099791	0.078988
535	0.099712	0.10091	0.08065
536	0.10069	0.10188	0.082118
537	0.10157	0.10275	0.083434
538	0.10234	0.10351	0.084617
539	0.103	0.10416	0.085652
540	0.10355	0.10471	0.086548
541	0.10403	0.10518	0.087342
542	0.10449	0.10562	0.088088
543	0.1049	0.10603	0.088778
544	0.10529	0.10642	0.089441
545	0.10568	0.10682	0.090107
546	0.10605	0.1072	0.090753
547	0.10643	0.10758	0.091392
548	0.10681	0.10795	0.092016
549	0.10719	0.10832	0.092631
550	0.10755	0.10867	0.093216
551	0.1079	0.10901	0.093773
552	0.10819	0.1093	0.094269
553	0.10839	0.1095	0.094664
554	0.10853	0.10963	0.094959
555	0.1086	0.10968	0.095169
556	0.10857	0.10965	0.095265
557	0.10842	0.1095	0.095202
558	0.10818	0.10926	0.095016
559	0.10783	0.1089	0.094681
560	0.10735	0.10841	0.094172
561	0.10678	0.10783	0.093534
562	0.10614	0.10718	0.092787
563	0.10544	0.10647	0.091943
564	0.10467	0.10569	0.090987
565	0.10381	0.10483	0.089893
566	0.10287	0.10389	0.088686
567	0.10187	0.10287	0.087374
568	0.1008	0.1018	0.085955
569	0.099681	0.10067	0.084455
570	0.098509	0.099491	0.08287
571	0.097309	0.098281	0.08123
572	0.096087	0.097047	0.079542
573	0.094843	0.095789	0.077821
574	0.09362	0.094556	0.076119
575	0.092444	0.093371	0.074472
576	0.091331	0.092249	0.072896
577	0.090292	0.091201	0.071396
578	0.089298	0.090198	0.069957
579	0.088332	0.089225	0.068567
580	0.087429	0.088307	0.067273
581	0.086623	0.087481	0.066092
582	0.085855	0.086699	0.064956
583	0.085125	0.085957	0.063883
584	0.084439	0.085262	0.062882
585	0.083797	0.08461	0.061953
586	0.083199	0.084003	0.061088
587	0.082652	0.083453	0.060296
588	0.082116	0.082916	0.059529
589	0.081631	0.082435	0.058834
590	0.081216	0.082026	0.058223
591	0.080854	0.081673	0.057682
592	0.08051	0.081334	0.057191
593	0.080194	0.08102	0.056757
594	0.079936	0.080762	0.056399
595	0.079736	0.080558	0.056116
596	0.079526	0.080346	0.055835
597	0.079327	0.080141	0.055572
598	0.079118	0.079923	0.055315
599	0.078915	0.079708	0.055066
600	0.078724	0.079506	0.054815
601	0.078506	0.079283	0.05453
602	0.078252	0.079025	0.054192
603	0.078018	0.078786	0.053863
604	0.077784	0.078545	0.053519
605	0.077545	0.078299	0.053145
606	0.077273	0.078018	0.052727
607	0.076955	0.077693	0.052254
608	0.076617	0.077351	0.051745
609	0.076266	0.076996	0.05121
610	0.075901	0.076626	0.050642
611	0.075486	0.076209	0.050003
612	0.075037	0.075763	0.04932
613	0.074602	0.075331	0.048637
614	0.07416	0.07489	0.047932
615	0.073701	0.074436	0.047205
616	0.07326	0.073994	0.046484
617	0.072849	0.073574	0.045783
618	0.07245	0.073164	0.045097
619	0.072075	0.07278	0.044443
620	0.071721	0.072416	0.043833
621	0.071363	0.072047	0.043241
622	0.071046	0.071718	0.042711
623	0.070783	0.071444	0.042265
624	0.070556	0.071213	0.041888
625	0.07035	0.071007	0.041559
626	0.070192	0.070848	0.041308
627	0.070056	0.070714	0.041104
628	0.069927	0.070583	0.04092
629	0.069823	0.070479	0.040778
630	0.069766	0.070421	0.040697
631	0.069748	0.070396	0.040655
632	0.069721	0.070365	0.040607
633	0.069657	0.070302	0.040521
634	0.069572	0.070211	0.040392
635	0.069435	0.070066	0.040184
636	0.069253	0.069882	0.039915
637	0.069044	0.069672	0.039576
638	0.068782	0.069411	0.039148
639	0.068469	0.069093	0.038634
640	0.068088	0.068704	0.037998
641	0.067659	0.068267	0.037266
642	0.067215	0.067808	0.036479
643	0.066759	0.067345	0.035661
644	0.066307	0.066883	0.034825
645	0.065836	0.0664	0.033954
646	0.065328	0.065878	0.033046
647	0.064812	0.065354	0.032128
648	0.06433	0.064862	0.031243
649	0.063874	0.064398	0.0304
650	0.063461	0.063975	0.029623
651	0.063094	0.063596	0.028906
652	0.062757	0.063248	0.028251
653	0.062478	0.062962	0.027682
654	0.062233	0.062709	0.027151
655	0.062038	0.062501	0.026683
656	0.061892	0.062345	0.026278
657	0.061743	0.062189	0.025875
658	0.061582	0.062015	0.025445
659	0.061404	0.061823	0.024985
660	0.061202	0.061607	0.024469
661	0.060983	0.061378	0.023896
662	0.060731	0.061108	0.023259
663	0.060454	0.060816	0.022581
664	0.06017	0.060514	0.021875
665	0.059878	0.060206	0.021142
666	0.05958	0.059893	0.020391
667	0.059333	0.059627	0.019681
668	0.05912	0.059387	0.019005
669	0.058952	0.059195	0.018386
670	0.058852	0.05907	0.017853
671	0.05879	0.058978	0.01737
672	0.058775	0.058933	0.016948
673	0.058816	0.058937	0.01659
674	0.058895	0.058978	0.016268
675	0.059005	0.059047	0.015977
676	0.059168	0.059171	0.015761
677	0.059367	0.059336	0.015587
678	0.059591	0.059522	0.015432
679	0.059853	0.059744	0.015314
680	0.060142	0.059992	0.015235
681	0.060492	0.0603	0.015244
682	0.060895	0.060664	0.015348
683	0.061371	0.061113	0.015591
684	0.061927	0.061647	0.016007
685	0.062547	0.062253	0.016606
686	0.063239	0.062943	0.017403
687	0.06402	0.06373	0.018465
688	0.064911	0.064638	0.019843
689	0.065934	0.065689	0.021571
690	0.067137	0.066933	0.023745
691	0.068534	0.068384	0.026386
692	0.070173	0.070089	0.029549
693	0.072116	0.072105	0.033295
694	0.074402	0.074466	0.037656
695	0.077075	0.077215	0.042652
696	0.080147	0.080364	0.048266
697	0.083663	0.083959	0.054506
698	0.087616	0.08799	0.061318
699	0.092021	0.092467	0.06865
700	0.096845	0.097358	0.076415
701	0.10204	0.10261	0.08454
702	0.10756	0.10819	0.092929
703	0.11336	0.11405	0.10149
704	0.1194	0.12015	0.11016
705	0.12562	0.12643	0.11887
706	0.13196	0.13283	0.12753
707	0.13841	0.13932	0.13611
708	0.14494	0.14589	0.14459
709	0.1515	0.15249	0.15295
710	0.15809	0.1591	0.16116
711	0.16472	0.16576	0.16927
712	0.17138	0.17242	0.17725
713	0.17809	0.17914	0.18513
714	0.18482	0.18587	0.19291
715	0.19159	0.19262	0.20059
716	0.19837	0.1994	0.20818
717	0.20517	0.20618	0.21567
718	0.21197	0.21296	0.22307
719	0.21875	0.21972	0.23035
720	0.22551	0.22645	0.23752
721	0.23224	0.23314	0.24456
722	0.23892	0.23977	0.25149
723	0.24552	0.24632	0.25826
724	0.25203	0.25276	0.26487
725	0.25842	0.25909	0.27131
726	0.26467	0.26527	0.27755
727	0.27078	0.27131	0.2836
728	0.27671	0.27718	0.28943
729	0.28246	0.28284	0.29503
730	0.28799	0.2883	0.30039
731	0.29331	0.29353	0.30553
732	0.29842	0.29857	0.31044
733	0.30332	0.30338	0.31512
734	0.30798	0.30796	0.31956
735	0.31242	0.31231	0.32376
736	0.31662	0.31644	0.32774
737	0.3206	0.32034	0.33149
738	0.32434	0.324	0.33499
739	0.32785	0.32744	0.33828
740	0.33114	0.33067	0.34136
741	0.3342	0.33367	0.34423
742	0.33705	0.33646	0.34689
743	0.33967	0.33904	0.34935
744	0.34209	0.34141	0.35163
745	0.34431	0.3436	0.35374
746	0.34635	0.34561	0.35569
747	0.34821	0.34746	0.35748
748	0.34991	0.34914	0.35912
749	0.35145	0.35067	0.36063
750	0.35284	0.35205	0.362
751	0.35408	0.35329	0.36324
752	0.35519	0.3544	0.36437
753	0.35617	0.35538	0.36538
754	0.35704	0.35625	0.36629
755	0.35781	0.35703	0.36711
756	0.35848	0.35773	0.36785
757	0.35907	0.35833	0.36851
758	0.35959	0.35887	0.3691
759	0.36004	0.35935	0.36964
760	0.36045	0.35978	0.37013
761	0.36081	0.36016	0.37058
762	0.36111	0.36049	0.37098
763	0.36137	0.36076	0.37133
764	0.36159	0.361	0.37165
765	0.36176	0.3612	0.37194
766	0.36191	0.36137	0.37219
767	0.36202	0.3615	0.37241
768	0.36209	0.36159	0.3726
769	0.36215	0.36168	0.37278
770	0.36219	0.36174	0.37295
771	0.36221	0.36177	0.37308
772	0.36223	0.36181	0.37322
773	0.36225	0.36184	0.37336
774	0.36226	0.36187	0.37348
775	0.36226	0.36188	0.3736
776	0.36224	0.36188	0.37369
777	0.36224	0.36189	0.3738
778	0.36224	0.36191	0.37391
779	0.36223	0.36193	0.37402
780	0.36223	0.36195	0.37413
781	0.36223	0.36196	0.37424
782	0.36223	0.36198	0.37436
783	0.36225	0.36201	0.37449
784	0.36227	0.36203	0.37462
785	0.36228	0.36205	0.37474
786	0.36231	0.36208	0.37488
787	0.36235	0.36212	0.37501
788	0.36238	0.36216	0.37515
789	0.36241	0.36219	0.37527
790	0.36246	0.36223	0.37541
791	0.36252	0.3623	0.37556
792	0.36256	0.36234	0.37568
793	0.3626	0.36238	0.37582
794	0.36266	0.36244	0.37597
795	0.36273	0.3625	0.37613
796	0.36279	0.36256	0.37629
797	0.36286	0.36263	0.37646
798	0.36292	0.3627	0.37662
799	0.36299	0.36276	0.37678
800	0.36306	0.36283	0.37694
801	0.36314	0.36291	0.3771
802	0.36322	0.363	0.37727
803	0.36331	0.36308	0.37744
804	0.36341	0.36318	0.37761
805	0.36351	0.36327	0.37778
806	0.36358	0.36333	0.37793
807	0.36367	0.36341	0.37809
808	0.36375	0.36349	0.37825
809	0.36383	0.36356	0.37841
810	0.3639	0.36363	0.37856
811	0.36397	0.3637	0.3787
812	0.36405	0.36377	0.37886
813	0.36413	0.36386	0.37901
814	0.36421	0.36395	0.37915
815	0.36429	0.36403	0.3793
816	0.36439	0.36412	0.37945
817	0.36449	0.36422	0.3796
818	0.36459	0.36432	0.37976
819	0.3647	0.36444	0.37993
820	0.36482	0.36455	0.38009
821	0.36493	0.36464	0.38024
822	0.36502	0.36473	0.38039
823	0.36513	0.36482	0.38054
824	0.36523	0.36491	0.38071
825	0.36533	0.36501	0.38086
826	0.36542	0.3651	0.38101
827	0.36551	0.36519	0.38116
828	0.36559	0.36527	0.38129
829	0.36566	0.36536	0.38141
830	0.36575	0.36545	0.38155
831	0.36583	0.36555	0.38168
832	0.36592	0.36564	0.38182
833	0.36601	0.36574	0.38196
834	0.3661	0.36582	0.38208
835	0.36618	0.36589	0.38221
836	0.36627	0.36598	0.38235
837	0.36635	0.36607	0.38249
838	0.36643	0.36615	0.38262
839	0.36649	0.36622	0.38273
840	0.36656	0.3663	0.38285
841	0.36664	0.36638	0.38296
842	0.36671	0.36646	0.38306
843	0.36678	0.36653	0.38316
844	0.36685	0.36661	0.38327
845	0.36694	0.3667	0.38338
846	0.36703	0.36679	0.3835
847	0.36711	0.36687	0.38362
848	0.36719	0.36695	0.38373
849	0.36727	0.36702	0.38384
850	0.36732	0.36708	0.38393
851	0.36736	0.36712	0.384
852	0.3674	0.36717	0.38408
853	0.36746	0.36725	0.38418
854	0.36753	0.36732	0.38427
855	0.36757	0.36736	0.38435
856	0.36759	0.36739	0.38439
857	0.36764	0.36743	0.38446
858	0.36772	0.3675	0.38455
859	0.36779	0.36757	0.38465
860	0.36786	0.36764	0.38476
861	0.36792	0.3677	0.38486
862	0.36795	0.36774	0.38493
863	0.36798	0.36776	0.38499
864	0.36799	0.36778	0.38503
865	0.36803	0.36781	0.3851
866	0.36807	0.36785	0.38519
867	0.3681	0.36788	0.38526
868	0.36811	0.36789	0.38532
869	0.36812	0.3679	0.38536
870	0.36814	0.36792	0.38541
871	0.36821	0.36799	0.3855
872	0.36827	0.36805	0.38556
873	0.36831	0.36809	0.38562
874	0.36835	0.36813	0.38568
875	0.36839	0.36817	0.38576
876	0.36843	0.36821	0.38583
877	0.36847	0.36824	0.38588
878	0.36853	0.3683	0.38597
879	0.36858	0.36835	0.38604
880	0.36861	0.36837	0.38609
881	0.36858	0.36836	0.38611
882	0.36858	0.36836	0.38614
883	0.3686	0.36839	0.38618
884	0.36862	0.36842	0.38623
885	0.36865	0.36846	0.38627
886	0.36867	0.36847	0.38628
887	0.36869	0.36848	0.3863
888	0.36872	0.36851	0.38634
889	0.36878	0.36857	0.38643
890	0.36885	0.36863	0.38649
891	0.3689	0.36867	0.38654
892	0.36896	0.36872	0.38661
893	0.36901	0.36875	0.38666
894	0.36904	0.36877	0.38671
895	0.36908	0.3688	0.38677
896	0.36914	0.36887	0.38684
897	0.36918	0.36892	0.38688
898	0.36918	0.36894	0.3869
899	0.3692	0.36896	0.38692
900	0.36922	0.36899	0.38696
901	0.36924	0.36901	0.387
902	0.36926	0.36904	0.38703
903	0.3693	0.36908	0.38709
904	0.36935	0.36912	0.38712
905	0.36938	0.36915	0.38715
906	0.3694	0.36918	0.38718
907	0.36945	0.36922	0.38724
908	0.3695	0.36927	0.38731
909	0.36954	0.36931	0.38735
910	0.36959	0.36936	0.38741
911	0.36962	0.36941	0.38746
912	0.36964	0.36943	0.3875
913	0.36965	0.36944	0.38753
914	0.36965	0.36942	0.38755
915	0.36966	0.36941	0.38757
916	0.36968	0.36942	0.3876
917	0.36971	0.36944	0.38762
918	0.36973	0.36946	0.38765
919	0.36977	0.3695	0.3877
920	0.36984	0.36956	0.38775
921	0.36988	0.36958	0.38777
922	0.36987	0.36958	0.38776
923	0.36985	0.36956	0.38775
924	0.36983	0.36954	0.38774
925	0.36981	0.36951	0.38772
926	0.36978	0.36947	0.38769
927	0.36973	0.36942	0.38765
928	0.36972	0.3694	0.38766
929	0.36972	0.36943	0.3877
930	0.36974	0.36949	0.38775
931	0.3698	0.36956	0.38782
932	0.36991	0.36969	0.38796
933	0.37004	0.36983	0.38809
934	0.37015	0.36994	0.38815
935	0.37017	0.36995	0.38814
936	0.37012	0.3699	0.38812
937	0.37004	0.36983	0.38807
938	0.36995	0.36973	0.38798
939	0.36987	0.36963	0.38789
940	0.36976	0.3695	0.38779
941	0.36965	0.36938	0.3877
942	0.36958	0.36929	0.38764
943	0.36948	0.36922	0.3876
944	0.36941	0.36916	0.38758
945	0.36938	0.36913	0.38759
946	0.36937	0.36914	0.3876
947	0.3693	0.36908	0.38756
948	0.36921	0.36899	0.38751
949	0.3691	0.36887	0.38745
950	0.36894	0.36872	0.38737
951	0.36879	0.36858	0.38725
952	0.36865	0.36843	0.38711
953	0.36848	0.36824	0.38697
954	0.36831	0.36806	0.38684
955	0.36817	0.36792	0.38673
956	0.36805	0.3678	0.38665
957	0.36794	0.36769	0.38658
958	0.36784	0.36759	0.38655
959	0.36773	0.36746	0.38649
960	0.36761	0.36735	0.38639
961	0.3675	0.36723	0.38634
962	0.36738	0.3671	0.38628
963	0.36727	0.36697	0.38619
964	0.36715	0.36682	0.38607
965	0.36699	0.36665	0.38591
966	0.36693	0.36656	0.38582
967	0.36694	0.36654	0.38581
968	0.36695	0.36657	0.38584
969	0.36697	0.36658	0.38588
970	0.36704	0.36665	0.38596
971	0.36716	0.36676	0.38608
972	0.36725	0.36686	0.38623
973	0.3673	0.36694	0.38633
974	0.36731	0.36697	0.3864
975	0.3673	0.36698	0.38645
976	0.36727	0.36698	0.38645
977	0.36725	0.36698	0.38641
978	0.3672	0.36693	0.38634
979	0.3671	0.36685	0.38624
980	0.36711	0.36687	0.38621
981	0.36719	0.36692	0.38626
982	0.36726	0.36697	0.3863
983	0.36732	0.36701	0.3863
984	0.36743	0.3671	0.38634
985	0.36751	0.36716	0.38641
986	0.36759	0.36723	0.38652
987	0.36768	0.36733	0.38665
988	0.36778	0.36744	0.3868
989	0.36792	0.36761	0.38697
990	0.36811	0.36783	0.38719
991	0.36832	0.36805	0.3874
992	0.36846	0.36821	0.38756
993	0.36867	0.36843	0.38779
994	0.36893	0.36871	0.38804
995	0.36925	0.36905	0.38833
996	0.37009	0.36994	0.38876
997	0.37041	0.37029	0.38896
998	0.37031	0.37016	0.389
999	0.36982	0.36961	0.38888
1000	0.3691	0.36883	0.38865
1001	0.36822	0.36792	0.38836
1002	0.36719	0.36686	0.38807
1003	0.36604	0.36569	0.38779
1004	0.36483	0.36444	0.38752
1005	0.36368	0.36326	0.38729
1006	0.3627	0.36225	0.38711
1007	0.36203	0.3615	0.38706
1008	0.36163	0.36107	0.38706
1009	0.36162	0.36107	0.38718
1010	0.36215	0.36162	0.38748
1011	0.36219	0.36166	0.38757
1012	0.3623	0.36175	0.38764
1013	0.36244	0.36187	0.38764
1014	0.36263	0.36209	0.38761
1015	0.36287	0.36236	0.38762
1016	0.36309	0.36262	0.3877
1017	0.36327	0.36285	0.38784
1018	0.36344	0.36306	0.388
1019	0.36363	0.3633	0.38818
1020	0.36377	0.3635	0.38831
1021	0.36384	0.36363	0.38838
1022	0.36389	0.36373	0.38844
1023	0.36396	0.36384	0.38856
1024	0.36406	0.36397	0.38872
1025	0.36417	0.3641	0.3889
1026	0.36422	0.36418	0.38909
1027	0.36422	0.36421	0.38923
1028	0.36425	0.36427	0.38933
1029	0.36434	0.36435	0.38942
1030	0.36446	0.36445	0.38954
1031	0.3646	0.36458	0.38964
1032	0.36471	0.36471	0.38976
1033	0.36476	0.36481	0.3899
1034	0.36478	0.3649	0.39003
1035	0.36481	0.365	0.39016
1036	0.3649	0.3651	0.39028
1037	0.365	0.36515	0.3904
1038	0.36508	0.36517	0.39049
1039	0.36512	0.36516	0.39057
1040	0.36516	0.36513	0.39061
1041	0.36522	0.36513	0.39062
1042	0.36534	0.36516	0.39059
1043	0.36546	0.3652	0.39055
1044	0.36553	0.36521	0.3905
1045	0.36552	0.36515	0.39041
1046	0.36541	0.36504	0.39036
1047	0.36528	0.36494	0.39037
1048	0.36517	0.36488	0.39043
1049	0.36509	0.36489	0.39051
1050	0.36505	0.36493	0.3906
1051	0.36503	0.36498	0.39069
1052	0.36503	0.36508	0.3908
1053	0.36508	0.36521	0.39092
1054	0.36524	0.3654	0.39109
1055	0.36549	0.36562	0.39128
1056	0.36575	0.36584	0.39144
1057	0.36596	0.366	0.39153
1058	0.3661	0.36608	0.39159
1059	0.36615	0.36607	0.3916
1060	0.3661	0.36599	0.39157
1061	0.36601	0.36588	0.39155
1062	0.36595	0.36579	0.39156
1063	0.36591	0.36572	0.39157
1064	0.3659	0.36568	0.39159
1065	0.36591	0.36567	0.39163
1066	0.36593	0.36566	0.39168
1067	0.36594	0.36565	0.39175
1068	0.36599	0.36563	0.39181
1069	0.36605	0.36561	0.3918
1070	0.36608	0.36558	0.39176
1071	0.36607	0.36553	0.39176
1072	0.36599	0.36546	0.3918
1073	0.36589	0.36539	0.39183
1074	0.36576	0.36533	0.39185
1075	0.36567	0.36533	0.39187
1076	0.36566	0.36541	0.39191
1077	0.36567	0.36549	0.39198
1078	0.36568	0.36557	0.39208
1079	0.36574	0.36567	0.39221
1080	0.36586	0.36576	0.39235
1081	0.36594	0.36583	0.39248
1082	0.36597	0.36586	0.39256
1083	0.36598	0.36586	0.39258
1084	0.36597	0.36584	0.39261
1085	0.36593	0.36581	0.39265
1086	0.36588	0.36577	0.39268
1087	0.36584	0.36574	0.39268
1088	0.3658	0.36573	0.39267
1089	0.36577	0.36574	0.39265
1090	0.36571	0.36571	0.3926
1091	0.3656	0.36561	0.39255
1092	0.3655	0.36548	0.39249
1093	0.36546	0.36537	0.39245
1094	0.36545	0.3653	0.39245
1095	0.36543	0.36528	0.39247
1096	0.36538	0.36524	0.39246
1097	0.36535	0.36519	0.39243
1098	0.36534	0.36516	0.3924
1099	0.36534	0.36516	0.39239
1100	0.36536	0.36517	0.39241
1101	0.36542	0.36519	0.39247
1102	0.36547	0.36521	0.39256
1103	0.36544	0.3652	0.39264
1104	0.36534	0.36513	0.3927
1105	0.36521	0.36505	0.39275
1106	0.36506	0.36496	0.39279
1107	0.3649	0.36486	0.39282
1108	0.36477	0.36477	0.39287
1109	0.36467	0.36472	0.3929
1110	0.3646	0.36465	0.39291
1111	0.36456	0.3646	0.39291
1112	0.36457	0.36457	0.39291
1113	0.36462	0.36456	0.39291
1114	0.3647	0.36454	0.39288
1115	0.3648	0.36452	0.39284
1116	0.36487	0.3645	0.39281
1117	0.36486	0.36446	0.39276
1118	0.36482	0.36441	0.39268
1119	0.36476	0.36436	0.39259
1120	0.36466	0.36427	0.39249
1121	0.36452	0.36414	0.39237
1122	0.36438	0.36402	0.39229
1123	0.36424	0.36393	0.39224
1124	0.3641	0.36383	0.39224
1125	0.36396	0.3637	0.39227
1126	0.36379	0.36354	0.3923
1127	0.36359	0.36335	0.39229
1128	0.36338	0.36313	0.39219
1129	0.36317	0.36289	0.39203
1130	0.36295	0.36262	0.39181
1131	0.36271	0.36232	0.39156
1132	0.36246	0.36201	0.39128
1133	0.36217	0.3617	0.39099
1134	0.36184	0.36139	0.39068
1135	0.36145	0.36105	0.39035
1136	0.36102	0.3607	0.39004
1137	0.3606	0.36034	0.38976
1138	0.36016	0.35996	0.38953
1139	0.35967	0.35952	0.3893
1140	0.35913	0.35903	0.38905
1141	0.35859	0.35854	0.38878
1142	0.35807	0.35803	0.38846
1143	0.35759	0.35751	0.38811
1144	0.35713	0.35699	0.38777
1145	0.35668	0.35644	0.38741
1146	0.3562	0.35589	0.38702
1147	0.35573	0.35535	0.38661
1148	0.35525	0.35482	0.38618
1149	0.35477	0.35432	0.38574
1150	0.35432	0.35385	0.38535
1151	0.3539	0.35342	0.38501
1152	0.3535	0.35298	0.38465
1153	0.35308	0.35255	0.3843
1154	0.35266	0.35214	0.38399
1155	0.35225	0.35177	0.38372
1156	0.35183	0.35141	0.38348
1157	0.35142	0.35107	0.38328
1158	0.35102	0.35072	0.38309
1159	0.35062	0.35035	0.3829
1160	0.35028	0.35003	0.38273
1161	0.35002	0.34977	0.38261
1162	0.34985	0.34957	0.38253
1163	0.34972	0.34942	0.38248
1164	0.34963	0.3493	0.38243
1165	0.34955	0.34917	0.38237
1166	0.3495	0.34905	0.38229
1167	0.34943	0.34893	0.38222
1168	0.34932	0.3488	0.38216
1169	0.34916	0.34865	0.38211
1170	0.34897	0.34849	0.38204
1171	0.34876	0.34833	0.38194
1172	0.34855	0.34817	0.38185
1173	0.34839	0.34807	0.3818
1174	0.3483	0.34803	0.3818
1175	0.34828	0.34803	0.38184
1176	0.34831	0.34805	0.3819
1177	0.34835	0.34808	0.382
1178	0.34836	0.3481	0.3821
1179	0.34836	0.34812	0.38218
1180	0.34836	0.34813	0.38224
1181	0.34833	0.34811	0.38229
1182	0.34826	0.34803	0.38234
1183	0.34814	0.34791	0.38234
1184	0.348	0.34777	0.38228
1185	0.34785	0.34762	0.38216
1186	0.34772	0.34748	0.38207
1187	0.34763	0.34738	0.38201
1188	0.34757	0.34729	0.38197
1189	0.34756	0.34723	0.38198
1190	0.34754	0.34721	0.38204
1191	0.3475	0.34723	0.38214
1192	0.34747	0.34725	0.38223
1193	0.34744	0.34726	0.38227
1194	0.34744	0.34727	0.38229
1195	0.34745	0.34726	0.3823
1196	0.34745	0.34723	0.38229
1197	0.34743	0.34717	0.38225
1198	0.34741	0.3471	0.3822
1199	0.34738	0.34702	0.38215
1200	0.34737	0.34695	0.38212
1201	0.34737	0.3469	0.38212
1202	0.34736	0.34688	0.38217
1203	0.34734	0.3469	0.38228
1204	0.34731	0.34697	0.38243
1205	0.34729	0.34703	0.38256
1206	0.34728	0.34706	0.38267
1207	0.3473	0.34708	0.38278
1208	0.34732	0.34709	0.38285
1209	0.34732	0.34705	0.38287
1210	0.3473	0.34699	0.38286
1211	0.34727	0.34694	0.38284
1212	0.34727	0.34691	0.38283
1213	0.34731	0.34696	0.38284
1214	0.34741	0.34708	0.3829
1215	0.34754	0.34723	0.38302
1216	0.34768	0.3474	0.38319
1217	0.34786	0.3476	0.38341
1218	0.34808	0.34782	0.38363
1219	0.34827	0.34801	0.38384
1220	0.34843	0.34816	0.38405
1221	0.34856	0.34828	0.38424
1222	0.34865	0.34838	0.38438
1223	0.34871	0.34843	0.38448
1224	0.34877	0.34848	0.38457
1225	0.34881	0.34854	0.38466
1226	0.34885	0.3486	0.38474
1227	0.34889	0.3487	0.38482
1228	0.34894	0.34878	0.38491
1229	0.349	0.34884	0.38501
1230	0.34909	0.34891	0.38512
1231	0.34922	0.34899	0.38524
1232	0.34934	0.34906	0.38534
1233	0.34942	0.34911	0.38541
1234	0.3495	0.34917	0.38547
1235	0.34961	0.34925	0.38553
1236	0.34975	0.34939	0.38561
1237	0.34993	0.34956	0.38573
1238	0.3501	0.3497	0.38587
1239	0.35024	0.34983	0.38601
1240	0.35034	0.34993	0.38614
1241	0.3504	0.35001	0.38627
1242	0.35047	0.35009	0.38641
1243	0.35054	0.35018	0.38655
1244	0.3506	0.35027	0.38667
1245	0.35065	0.35034	0.38675
1246	0.35065	0.35037	0.38679
1247	0.35063	0.35038	0.38679
1248	0.35059	0.35037	0.38677
1249	0.35057	0.35038	0.38675
1250	0.35057	0.35041	0.38673
1251	0.3506	0.35044	0.38669
1252	0.35064	0.35044	0.38666
1253	0.35072	0.35046	0.38671
1254	0.35081	0.3505	0.3868
1255	0.35087	0.35053	0.38692
1256	0.35092	0.35057	0.38705
1257	0.35102	0.35063	0.3872
1258	0.35112	0.35071	0.38734
1259	0.35124	0.35081	0.38747
1260	0.35133	0.35091	0.38757
1261	0.35135	0.35097	0.38763
1262	0.35133	0.351	0.38767
1263	0.35129	0.35103	0.38771
1264	0.35127	0.35106	0.38777
1265	0.35127	0.35108	0.3878
1266	0.35129	0.35108	0.38784
1267	0.35132	0.35107	0.38791
1268	0.35132	0.35099	0.38794
1269	0.35125	0.35088	0.38793
1270	0.35115	0.35076	0.38791
1271	0.35108	0.35066	0.38789
1272	0.35105	0.35061	0.38788
1273	0.35105	0.3506	0.38786
1274	0.35105	0.35063	0.38787
1275	0.35102	0.35067	0.38791
1276	0.35096	0.35068	0.38795
1277	0.35091	0.35069	0.38804
1278	0.35088	0.35068	0.38813
1279	0.35086	0.35063	0.38819
1280	0.35083	0.35056	0.38822
1281	0.3508	0.35045	0.38822
1282	0.35072	0.35028	0.38817
1283	0.35059	0.35008	0.38809
1284	0.35045	0.34991	0.38799
1285	0.35033	0.34979	0.38791
1286	0.35026	0.34973	0.38783
1287	0.35022	0.34971	0.38776
1288	0.35019	0.34973	0.3877
1289	0.35015	0.34975	0.38763
1290	0.35006	0.34973	0.38755
1291	0.34993	0.34966	0.38747
1292	0.34979	0.34956	0.3874
1293	0.34966	0.34946	0.38737
1294	0.34953	0.34934	0.38735
1295	0.34938	0.34917	0.38734
1296	0.34919	0.34894	0.3873
1297	0.34899	0.34869	0.38722
1298	0.3488	0.34847	0.38713
1299	0.34862	0.34827	0.38704
1300	0.34845	0.34807	0.38693
1301	0.34825	0.34783	0.3868
1302	0.34801	0.34757	0.38665
1303	0.34773	0.34724	0.38646
1304	0.3474	0.34685	0.38624
1305	0.34706	0.34646	0.38602
1306	0.34676	0.3461	0.38584
1307	0.34648	0.34579	0.38568
1308	0.34621	0.34551	0.38553
1309	0.34596	0.34526	0.38538
1310	0.34573	0.34505	0.38522
1311	0.34553	0.34487	0.38504
1312	0.34531	0.34469	0.38485
1313	0.34507	0.3445	0.38466
1314	0.34476	0.34424	0.38445
1315	0.34437	0.34389	0.3842
1316	0.34391	0.34344	0.38388
1317	0.3434	0.34291	0.38349
1318	0.34289	0.34238	0.38305
1319	0.34239	0.34186	0.3826
1320	0.34191	0.34136	0.38217
1321	0.34144	0.34088	0.38175
1322	0.34097	0.3404	0.38135
1323	0.3405	0.33993	0.38098
1324	0.34002	0.33945	0.38061
1325	0.33953	0.33893	0.38024
1326	0.339	0.33838	0.37988
1327	0.33843	0.33781	0.37952
1328	0.33788	0.33726	0.37919
1329	0.33733	0.33673	0.37886
1330	0.33677	0.33617	0.37849
1331	0.33622	0.33561	0.37807
1332	0.33566	0.33507	0.37763
1333	0.33508	0.33452	0.3772
1334	0.33453	0.334	0.3768
1335	0.33398	0.3335	0.37641
1336	0.33341	0.33296	0.37603
1337	0.33283	0.33238	0.37563
1338	0.33221	0.33174	0.37519
1339	0.33157	0.33108	0.37473
1340	0.33091	0.33042	0.37426
1341	0.33028	0.3298	0.37382
1342	0.3297	0.32924	0.37342
1343	0.32917	0.32869	0.37301
1344	0.32865	0.32813	0.37256
1345	0.32813	0.32759	0.37211
1346	0.32758	0.32709	0.37168
1347	0.32704	0.32661	0.37127
1348	0.32655	0.32617	0.3709
1349	0.32612	0.32575	0.37053
1350	0.32571	0.32533	0.37019
1351	0.32534	0.32493	0.36992
1352	0.32499	0.32455	0.36969
1353	0.32466	0.32416	0.36948
1354	0.32434	0.32378	0.3693
1355	0.324	0.32338	0.3691
1356	0.32364	0.32296	0.36886
1357	0.32331	0.32257	0.3686
1358	0.32299	0.32223	0.36832
1359	0.32263	0.32187	0.368
1360	0.32224	0.32146	0.36763
1361	0.32177	0.32098	0.36717
1362	0.32123	0.32045	0.36664
1363	0.32065	0.31993	0.36608
1364	0.32002	0.31939	0.36551
1365	0.31936	0.31881	0.36497
1366	0.31864	0.31813	0.3644
1367	0.31784	0.31734	0.36378
1368	0.31695	0.31647	0.36308
1369	0.31595	0.3155	0.36231
1370	0.31487	0.31448	0.36153
1371	0.31375	0.31341	0.36072
1372	0.31254	0.31222	0.35982
1373	0.31125	0.31088	0.35881
1374	0.30992	0.30948	0.35769
1375	0.3085	0.30802	0.35645
1376	0.30701	0.30648	0.3551
1377	0.30545	0.30488	0.35365
1378	0.3038	0.30319	0.35215
1379	0.30202	0.30134	0.35057
1380	0.30015	0.29937	0.34888
1381	0.29812	0.29725	0.34705
1382	0.29593	0.29502	0.34511
1383	0.29355	0.29262	0.34304
1384	0.29098	0.29005	0.34081
1385	0.2882	0.28727	0.33839
1386	0.28524	0.28432	0.33579
1387	0.28214	0.28124	0.33303
1388	0.27895	0.27808	0.33013
1389	0.27561	0.27478	0.32705
1390	0.27214	0.27135	0.32384
1391	0.26858	0.2678	0.32052
1392	0.26492	0.26416	0.31717
1393	0.26121	0.26045	0.31377
1394	0.25747	0.2567	0.31031
1395	0.25368	0.25289	0.30677
1396	0.2499	0.24908	0.30317
1397	0.2461	0.24524	0.29951
1398	0.2423	0.24139	0.2958
1399	0.23851	0.23755	0.29207
1400	0.23474	0.23376	0.28837
1401	0.23104	0.23008	0.2847
1402	0.22742	0.2265	0.28106
1403	0.22382	0.22294	0.27741
1404	0.22031	0.21946	0.27383
1405	0.21689	0.21607	0.27035
1406	0.2136	0.21281	0.267
1407	0.21049	0.20974	0.26384
1408	0.20757	0.20681	0.26082
1409	0.20478	0.20398	0.2579
1410	0.20213	0.20127	0.25509
1411	0.19957	0.19867	0.25236
1412	0.1971	0.19619	0.24975
1413	0.19477	0.19384	0.24727
1414	0.19259	0.19165	0.24491
1415	0.19056	0.18964	0.24266
1416	0.18864	0.18773	0.24049
1417	0.18677	0.18587	0.2384
1418	0.18501	0.18412	0.23644
1419	0.18336	0.18249	0.23463
1420	0.18188	0.18103	0.23301
1421	0.18056	0.17971	0.23155
1422	0.17933	0.17849	0.2302
1423	0.17812	0.17728	0.22891
1424	0.17695	0.17614	0.2277
1425	0.17584	0.17507	0.22654
1426	0.17485	0.17411	0.22548
1427	0.17395	0.17322	0.2245
1428	0.1731	0.17238	0.22358
1429	0.17232	0.1716	0.22271
1430	0.17159	0.17087	0.22188
1431	0.17089	0.17015	0.22109
1432	0.17024	0.16948	0.22037
1433	0.16968	0.16889	0.21973
1434	0.16919	0.16838	0.21917
1435	0.16874	0.16792	0.21867
1436	0.16833	0.1675	0.21822
1437	0.16794	0.16709	0.21782
1438	0.16758	0.16672	0.21748
1439	0.16729	0.1664	0.21719
1440	0.16703	0.16613	0.21695
1441	0.16679	0.1659	0.21678
1442	0.16657	0.16572	0.21664
1443	0.16639	0.16559	0.21654
1444	0.16621	0.16548	0.21646
1445	0.16602	0.16538	0.21639
1446	0.16579	0.16522	0.21629
1447	0.16556	0.16506	0.21619
1448	0.16539	0.16492	0.21611
1449	0.16527	0.16481	0.21605
1450	0.16519	0.16472	0.21601
1451	0.16527	0.16466	0.21602
1452	0.16526	0.16467	0.2161
1453	0.16528	0.16469	0.2162
1454	0.16532	0.16473	0.21632
1455	0.16538	0.16479	0.21646
1456	0.16546	0.16487	0.21664
1457	0.16557	0.16498	0.21684
1458	0.16572	0.16513	0.21708
1459	0.16591	0.16532	0.21736
1460	0.16613	0.16553	0.21767
1461	0.16638	0.16578	0.21803
1462	0.16667	0.16606	0.21843
1463	0.167	0.16638	0.21887
1464	0.16737	0.16675	0.21935
1465	0.16777	0.16715	0.21987
1466	0.1682	0.16759	0.22043
1467	0.16866	0.16807	0.22104
1468	0.16914	0.16857	0.22168
1469	0.16966	0.1691	0.22236
1470	0.17019	0.16964	0.22306
1471	0.17074	0.1702	0.22378
1472	0.17133	0.1708	0.22456
1473	0.17198	0.17146	0.22538
1474	0.17265	0.17214	0.22625
1475	0.17335	0.17286	0.22714
1476	0.17407	0.1736	0.22806
1477	0.17481	0.17436	0.22902
1478	0.17556	0.17512	0.23
1479	0.17633	0.17589	0.231
1480	0.17713	0.17668	0.23203
1481	0.17796	0.1775	0.23308
1482	0.17879	0.17833	0.23413
1483	0.17963	0.17917	0.2352
1484	0.18047	0.18002	0.23629
1485	0.18133	0.18089	0.23739
1486	0.1822	0.18178	0.23851
1487	0.18309	0.18267	0.23963
1488	0.18398	0.18357	0.24077
1489	0.18489	0.18447	0.24191
1490	0.1858	0.18538	0.24307
1491	0.18672	0.18631	0.24422
1492	0.18766	0.18725	0.24537
1493	0.18861	0.18819	0.24652
1494	0.18957	0.18915	0.24768
1495	0.19054	0.19012	0.24885
1496	0.1915	0.19108	0.25001
1497	0.19247	0.19203	0.25116
1498	0.19345	0.19299	0.25231
1499	0.19443	0.19396	0.25345
1500	0.19541	0.19493	0.25458
1501	0.19639	0.19588	0.2557
1502	0.19735	0.19683	0.25681
1503	0.19832	0.19778	0.25792
1504	0.1993	0.19874	0.25903
1505	0.20028	0.19971	0.26014
1506	0.20126	0.20068	0.26127
1507	0.20224	0.20166	0.26239
1508	0.20322	0.20263	0.26351
1509	0.2042	0.2036	0.2646
1510	0.20517	0.20456	0.26569
1511	0.20615	0.20552	0.26678
1512	0.20714	0.20649	0.26788
1513	0.20811	0.20744	0.26897
1514	0.20908	0.20839	0.27005
1515	0.21005	0.20933	0.27113
1516	0.21101	0.21027	0.27219
1517	0.21195	0.21121	0.27323
1518	0.21289	0.21216	0.27426
1519	0.21382	0.21311	0.2753
1520	0.21475	0.21404	0.27635
1521	0.21566	0.21498	0.27738
1522	0.21657	0.21591	0.27839
1523	0.21748	0.21683	0.2794
1524	0.21838	0.21775	0.2804
1525	0.21927	0.21866	0.28139
1526	0.22016	0.21958	0.28238
1527	0.22105	0.22049	0.28335
1528	0.22192	0.22138	0.28431
1529	0.22278	0.22226	0.28526
1530	0.22363	0.22313	0.2862
1531	0.22448	0.224	0.28713
1532	0.22531	0.22485	0.28804
1533	0.22614	0.22569	0.28894
1534	0.22696	0.22654	0.28983
1535	0.22778	0.22736	0.29071
1536	0.22859	0.22817	0.29158
1537	0.22937	0.22897	0.29242
1538	0.23012	0.22975	0.29326
1539	0.23088	0.23052	0.2941
1540	0.23165	0.23129	0.29493
1541	0.23241	0.23204	0.29575
1542	0.23316	0.23278	0.29654
1543	0.2339	0.23351	0.29732
1544	0.23464	0.23423	0.29809
1545	0.23537	0.23495	0.29887
1546	0.23612	0.23567	0.29966
1547	0.23688	0.2364	0.30045
1548	0.23762	0.23713	0.30125
1549	0.23834	0.23784	0.30202
1550	0.23904	0.23853	0.30278
1551	0.23974	0.23922	0.30352
1552	0.24044	0.23991	0.30425
1553	0.24113	0.24061	0.30499
1554	0.24183	0.24131	0.30572
1555	0.24252	0.24199	0.30645
1556	0.24319	0.24266	0.30715
1557	0.24384	0.24331	0.30784
1558	0.24447	0.24395	0.30851
1559	0.2451	0.24458	0.30918
1560	0.24572	0.2452	0.30984
1561	0.24634	0.24582	0.31049
1562	0.24696	0.24643	0.31113
1563	0.24756	0.24705	0.31177
1564	0.24816	0.24767	0.31241
1565	0.24874	0.24826	0.31305
1566	0.24932	0.24885	0.31368
1567	0.24988	0.24943	0.31431
1568	0.25044	0.25	0.31491
1569	0.25098	0.25056	0.31551
1570	0.2515	0.2511	0.31608
1571	0.25202	0.25164	0.31664
1572	0.25253	0.25216	0.31719
1573	0.25301	0.25267	0.31773
1574	0.2535	0.25317	0.31826
1575	0.25401	0.25366	0.31879
1576	0.2545	0.25415	0.31932
1577	0.25499	0.25464	0.31985
1578	0.25549	0.25514	0.32039
1579	0.25598	0.25564	0.32094
1580	0.25648	0.25614	0.32148
1581	0.25698	0.25664	0.322
1582	0.25748	0.25714	0.32253
1583	0.25798	0.25763	0.32304
1584	0.25847	0.25811	0.32354
1585	0.25895	0.25857	0.32402
1586	0.25943	0.25903	0.32452
1587	0.25992	0.2595	0.32502
1588	0.26043	0.25999	0.32552
1589	0.26092	0.26045	0.32601
1590	0.26139	0.2609	0.3265
1591	0.26185	0.26133	0.32696
1592	0.26229	0.26175	0.32742
1593	0.26271	0.26216	0.32787
1594	0.26314	0.26257	0.3283
1595	0.26356	0.26299	0.32873
1596	0.26398	0.26341	0.32916
1597	0.26439	0.26383	0.3296
1598	0.26479	0.26424	0.33004
1599	0.2652	0.26466	0.3305
1600	0.26562	0.26508	0.33096
1601	0.26601	0.26547	0.33141
1602	0.26638	0.26587	0.33184
1603	0.26675	0.26627	0.33226
1604	0.26712	0.26666	0.33268
1605	0.26749	0.26706	0.33309
1606	0.26788	0.26747	0.33352
1607	0.26827	0.26786	0.33394
1608	0.26864	0.26825	0.33435
1609	0.26902	0.26862	0.33476
1610	0.2694	0.26901	0.33518
1611	0.26978	0.2694	0.33558
1612	0.27016	0.2698	0.33598
1613	0.27055	0.2702	0.33637
1614	0.27092	0.27059	0.33676
1615	0.27129	0.27096	0.33713
1616	0.27165	0.27131	0.33749
1617	0.272	0.27166	0.33785
1618	0.27235	0.272	0.33821
1619	0.27268	0.27232	0.33856
1620	0.27298	0.27263	0.33892
1621	0.27329	0.27293	0.33928
1622	0.27361	0.27322	0.33964
1623	0.27391	0.27352	0.33999
1624	0.27419	0.2738	0.34033
1625	0.27445	0.27404	0.34065
1626	0.2747	0.27428	0.34096
1627	0.27494	0.27452	0.34126
1628	0.27517	0.27474	0.34154
1629	0.2754	0.27496	0.34181
1630	0.27563	0.27517	0.34207
1631	0.27585	0.27539	0.34233
1632	0.27606	0.2756	0.3426
1633	0.27626	0.27581	0.34288
1634	0.27646	0.27602	0.34317
1635	0.27667	0.27624	0.34345
1636	0.27689	0.27645	0.34372
1637	0.27708	0.27665	0.34397
1638	0.27728	0.27685	0.34422
1639	0.27749	0.27705	0.34445
1640	0.2777	0.27725	0.34467
1641	0.27792	0.27746	0.34489
1642	0.27814	0.27766	0.3451
1643	0.27835	0.27785	0.34531
1644	0.27857	0.27806	0.34552
1645	0.27876	0.27826	0.34571
1646	0.27892	0.27846	0.34589
1647	0.27909	0.27865	0.34606
1648	0.27925	0.27883	0.34624
1649	0.27938	0.27899	0.34641
1650	0.2795	0.27914	0.34658
1651	0.27962	0.27927	0.34674
1652	0.27973	0.27939	0.3469
1653	0.2798	0.27948	0.34703
1654	0.27985	0.27955	0.34716
1655	0.27989	0.27959	0.34727
1656	0.27992	0.27962	0.34737
1657	0.27997	0.27963	0.34747
1658	0.28001	0.27964	0.34756
1659	0.28002	0.27964	0.34764
1660	0.28002	0.27963	0.3477
1661	0.28003	0.27961	0.34776
1662	0.28004	0.27957	0.34782
1663	0.28002	0.27952	0.34788
1664	0.27998	0.27946	0.34796
1665	0.27997	0.27942	0.34807
1666	0.27996	0.27939	0.3482
1667	0.27991	0.27935	0.34832
1668	0.27986	0.2793	0.34842
1669	0.27979	0.27925	0.34852
1670	0.27974	0.2792	0.34862
1671	0.2797	0.27916	0.34873
1672	0.27966	0.27913	0.34884
1673	0.27961	0.27908	0.34894
1674	0.27956	0.27902	0.34904
1675	0.2795	0.27895	0.34913
1676	0.27945	0.27888	0.34921
1677	0.2794	0.27881	0.34928
1678	0.27935	0.27875	0.34933
1679	0.27928	0.27869	0.34937
1680	0.27919	0.27862	0.34938
1681	0.27906	0.27853	0.34937
1682	0.27894	0.27843	0.34936
1683	0.27882	0.27833	0.34936
1684	0.2787	0.27823	0.34935
1685	0.27857	0.27814	0.34933
1686	0.27842	0.27802	0.34928
1687	0.27826	0.27787	0.34919
1688	0.27807	0.27768	0.34909
1689	0.27787	0.27749	0.34897
1690	0.27768	0.2773	0.34885
1691	0.27749	0.27711	0.34872
1692	0.27731	0.27692	0.34858
1693	0.27715	0.27675	0.34846
1694	0.27698	0.27657	0.34833
1695	0.27678	0.27636	0.34816
1696	0.27657	0.27615	0.34799
1697	0.27636	0.27595	0.34785
1698	0.27612	0.27574	0.34772
1699	0.27586	0.2755	0.3476
1700	0.27562	0.27527	0.34748
1701	0.2754	0.27508	0.34736
1702	0.27517	0.27487	0.34721
1703	0.27492	0.27464	0.34705
1704	0.27467	0.27442	0.3469
1705	0.27443	0.2742	0.34677
1706	0.2742	0.27399	0.34664
1707	0.27398	0.27377	0.3465
1708	0.27375	0.27352	0.34635
1709	0.27351	0.27325	0.34618
1710	0.27327	0.27297	0.34601
1711	0.27304	0.27268	0.34583
1712	0.27281	0.27241	0.34565
1713	0.27256	0.27216	0.34546
1714	0.27229	0.27189	0.34527
1715	0.27201	0.27161	0.34508
1716	0.27171	0.27131	0.34485
1717	0.2714	0.27099	0.3446
1718	0.27109	0.27067	0.34436
1719	0.27078	0.27035	0.34412
1720	0.27045	0.27002	0.34387
1721	0.27009	0.26965	0.3436
1722	0.2697	0.26926	0.34331
1723	0.26933	0.26887	0.34301
1724	0.26898	0.2685	0.34273
1725	0.26865	0.26814	0.34246
1726	0.26831	0.26779	0.34217
1727	0.26796	0.26745	0.34186
1728	0.26765	0.26713	0.3416
1729	0.26735	0.26684	0.34133
1730	0.26703	0.26653	0.34102
1731	0.26671	0.26622	0.34071
1732	0.2664	0.26593	0.34042
1733	0.26611	0.26564	0.34016
1734	0.2658	0.26534	0.33991
1735	0.26549	0.26503	0.33968
1736	0.26522	0.26474	0.33946
1737	0.26496	0.26446	0.33925
1738	0.2647	0.26418	0.33906
1739	0.26443	0.2639	0.33887
1740	0.26414	0.26361	0.33868
1741	0.26385	0.26332	0.33849
1742	0.26357	0.26302	0.33829
1743	0.2633	0.26273	0.33811
1744	0.26302	0.26244	0.33795
1745	0.26274	0.26214	0.33779
1746	0.26244	0.26183	0.33762
1747	0.26211	0.26152	0.33744
1748	0.26176	0.26121	0.33724
1749	0.26138	0.26086	0.337
1750	0.26098	0.26047	0.3367
1751	0.26058	0.26008	0.33638
1752	0.26017	0.25968	0.33604
1753	0.25975	0.25926	0.33571
1754	0.25932	0.25884	0.33538
1755	0.25887	0.25842	0.33503
1756	0.2584	0.25799	0.33465
1757	0.25795	0.25758	0.33429
1758	0.25753	0.2572	0.33395
1759	0.25712	0.25682	0.33359
1760	0.2567	0.25644	0.33321
1761	0.25629	0.25607	0.33283
1762	0.25588	0.25572	0.33243
1763	0.25549	0.25538	0.33205
1764	0.25514	0.25507	0.3317
1765	0.25481	0.25478	0.33137
1766	0.25451	0.25449	0.33104
1767	0.25418	0.25415	0.3307
1768	0.25383	0.25378	0.33036
1769	0.25351	0.25343	0.33006
1770	0.2532	0.25311	0.32978
1771	0.25293	0.25278	0.3295
1772	0.25269	0.25246	0.32923
1773	0.25246	0.25217	0.32897
1774	0.25223	0.25191	0.32874
1775	0.252	0.25164	0.32851
1776	0.25178	0.25139	0.32829
1777	0.25158	0.25118	0.32809
1778	0.2514	0.25102	0.32793
1779	0.25127	0.25088	0.32782
1780	0.25112	0.25073	0.3277
1781	0.25094	0.25055	0.32756
1782	0.25076	0.25037	0.32742
1783	0.25059	0.25021	0.32729
1784	0.25043	0.25005	0.32717
1785	0.25041	0.24994	0.32704
1786	0.25042	0.24987	0.32699
1787	0.25044	0.24982	0.32699
1788	0.25033	0.24972	0.32695
1789	0.25012	0.24958	0.32687
1790	0.24993	0.24947	0.32679
1791	0.24979	0.24941	0.32671
1792	0.24965	0.24935	0.32671
1793	0.2495	0.24925	0.32683
1794	0.24935	0.24913	0.32696
1795	0.24921	0.24903	0.32695
1796	0.24908	0.24895	0.32688
1797	0.24897	0.24888	0.32684
1798	0.24885	0.24881	0.32686
1799	0.24879	0.24877	0.32691
1800	0.24881	0.24875	0.32702
1801	0.24883	0.24872	0.32713
1802	0.24877	0.24862	0.32718
1803	0.24868	0.2485	0.3272
1804	0.24871	0.24853	0.32733
1805	0.24884	0.2487	0.32755
1806	0.24901	0.24894	0.32783
1807	0.24923	0.24923	0.32816
1808	0.24941	0.24948	0.32839
1809	0.24955	0.24966	0.3285
1810	0.24966	0.24981	0.32857
1811	0.24977	0.25001	0.32866
1812	0.24989	0.25024	0.32877
1813	0.25004	0.25044	0.32887
1814	0.25023	0.25061	0.32896
1815	0.25043	0.25077	0.32907
1816	0.25061	0.25092	0.32916
1817	0.25081	0.25109	0.32924
1818	0.25106	0.25128	0.32933
1819	0.25131	0.25146	0.32943
1820	0.25153	0.25162	0.32954
1821	0.25174	0.25179	0.32966
1822	0.25181	0.25191	0.32978
1823	0.25178	0.252	0.32984
1824	0.25169	0.25203	0.32987
1825	0.25168	0.25207	0.32995
1826	0.25172	0.2521	0.33
1827	0.25171	0.25207	0.33001
1828	0.25169	0.252	0.33006
1829	0.25169	0.25198	0.33014
1830	0.2517	0.25197	0.33011
1831	0.25161	0.25181	0.32991
1832	0.25145	0.25151	0.32972
1833	0.25132	0.25127	0.32966
1834	0.25122	0.25109	0.32964
1835	0.25117	0.25094	0.32961
1836	0.2511	0.25081	0.32955
1837	0.25095	0.25064	0.32946
1838	0.25074	0.25045	0.32938
1839	0.25057	0.25032	0.32932
1840	0.25041	0.25023	0.32924
1841	0.25016	0.25006	0.32904
1842	0.24984	0.24978	0.32875
1843	0.24943	0.24936	0.32832
1844	0.24885	0.24873	0.3277
1845	0.24815	0.24799	0.32702
1846	0.24745	0.24729	0.3264
1847	0.24677	0.24663	0.3258
1848	0.24603	0.24588	0.3251
1849	0.24516	0.24496	0.32425
1850	0.24417	0.24397	0.32329
1851	0.24316	0.243	0.32231
1852	0.24211	0.242	0.32125
1853	0.24094	0.24087	0.32014
1854	0.23963	0.23962	0.31897
1855	0.23821	0.23829	0.31772
1856	0.2367	0.23689	0.31636
1857	0.23514	0.23541	0.31485
1858	0.23353	0.23381	0.31318
1859	0.23186	0.23209	0.31138
1860	0.23015	0.23032	0.30947
1861	0.22832	0.22846	0.30739
1862	0.2263	0.22635	0.30506
1863	0.22414	0.22404	0.30254
1864	0.22188	0.22165	0.29993
1865	0.21949	0.21912	0.29714
1866	0.21688	0.21633	0.29409
1867	0.21406	0.21332	0.29077
1868	0.21116	0.21029	0.28732
1869	0.20821	0.20729	0.28377
1870	0.20511	0.20413	0.27997
1871	0.20174	0.20068	0.27583
1872	0.19811	0.19697	0.2714
1873	0.19425	0.19309	0.26674
1874	0.19021	0.18907	0.26185
1875	0.18609	0.18494	0.25673
1876	0.18191	0.18071	0.25139
1877	0.17766	0.17637	0.2459
1878	0.1733	0.17193	0.24027
1879	0.16883	0.16743	0.23448
1880	0.16429	0.16286	0.22855
1881	0.15976	0.15833	0.22251
1882	0.15524	0.15389	0.21639
1883	0.15069	0.14947	0.21018
1884	0.14608	0.14502	0.20385
1885	0.14149	0.14061	0.19746
1886	0.13707	0.13636	0.19114
1887	0.13284	0.13227	0.18494
1888	0.12867	0.12825	0.17879
1889	0.12447	0.12428	0.17263
1890	0.12038	0.12046	0.16647
1891	0.11652	0.11683	0.16036
1892	0.11287	0.11334	0.15435
1893	0.1095	0.11005	0.14854
1894	0.10638	0.107	0.14299
1895	0.10338	0.10407	0.13754
1896	0.10044	0.10121	0.13219
1897	0.09761	0.098398	0.12696
1898	0.094966	0.095712	0.12195
1899	0.092535	0.093285	0.11724
1900	0.090283	0.091118	0.11286
1901	0.088173	0.089117	0.10876
1902	0.086195	0.087183	0.10478
1903	0.084362	0.085344	0.10096
1904	0.08269	0.083695	0.097444
1905	0.081148	0.082207	0.094208
1906	0.079679	0.080771	0.091163
1907	0.078269	0.079352	0.088274
1908	0.077007	0.078081	0.085615
1909	0.075878	0.076973	0.083174
1910	0.074899	0.075982	0.080952
1911	0.074141	0.075145	0.079036
1912	0.073523	0.074449	0.077389
1913	0.072899	0.073777	0.075843
1914	0.072287	0.073134	0.074406
1915	0.071711	0.072525	0.073092
1916	0.07117	0.071957	0.071903
1917	0.07071	0.071498	0.070887
1918	0.070345	0.071165	0.070038
1919	0.070046	0.07088	0.069312
1920	0.069729	0.07056	0.068653
1921	0.069419	0.070233	0.068089
1922	0.069148	0.069937	0.067624
1923	0.06888	0.069665	0.06722
1924	0.068574	0.069401	0.066824
1925	0.068273	0.069153	0.066459
1926	0.068097	0.068959	0.066193
1927	0.068049	0.06882	0.066021
1928	0.068042	0.06872	0.065915
1929	0.068067	0.068656	0.065869
1930	0.068072	0.068578	0.065822
1931	0.068071	0.068502	0.065795
1932	0.068151	0.068518	0.065901
1933	0.068235	0.068565	0.066116
1934	0.0683	0.068611	0.06641
1935	0.068436	0.068724	0.066783
1936	0.068643	0.068894	0.06722
1937	0.068856	0.069021	0.067614
1938	0.069048	0.069079	0.067939
1939	0.069268	0.069234	0.068406
1940	0.069556	0.069551	0.069071
1941	0.069877	0.06991	0.069784
1942	0.070185	0.070246	0.070457
1943	0.070491	0.070598	0.071126
1944	0.070835	0.070968	0.071828
1945	0.07123	0.071363	0.072589
1946	0.07169	0.071846	0.073484
1947	0.072194	0.072391	0.074482
1948	0.072641	0.072811	0.075386
1949	0.073008	0.073067	0.076159
1950	0.073406	0.073379	0.076998
1951	0.073841	0.073817	0.077934
1952	0.074268	0.074285	0.078906
1953	0.074612	0.074658	0.079854
1954	0.074865	0.074938	0.080766
1955	0.075103	0.07523	0.081676
1956	0.075342	0.075547	0.082601
1957	0.075589	0.075862	0.083555
1958	0.075853	0.07618	0.084532
1959	0.076104	0.076514	0.085497
1960	0.076343	0.076867	0.086447
1961	0.076604	0.077235	0.087428
1962	0.076899	0.077606	0.088442
1963	0.077203	0.07796	0.089463
1964	0.077519	0.078308	0.090487
1965	0.077886	0.078698	0.091573
1966	0.07833	0.079171	0.092777
1967	0.078804	0.079675	0.094042
1968	0.079254	0.080122	0.095241
1969	0.079677	0.080517	0.096371
1970	0.080106	0.080943	0.09751
1971	0.080565	0.081427	0.098674
1972	0.080998	0.081895	0.099834
1973	0.081403	0.082336	0.10098
1974	0.081826	0.082833	0.10213
1975	0.082319	0.083451	0.10335
1976	0.082892	0.084149	0.10462
1977	0.083516	0.084872	0.10595
1978	0.084166	0.085604	0.10731
1979	0.084819	0.086301	0.10864
1980	0.085487	0.08697	0.10994
1981	0.086224	0.0877	0.1113
1982	0.086995	0.088485	0.11271
1983	0.087707	0.089199	0.11407
1984	0.088363	0.089822	0.11537
1985	0.088978	0.090445	0.11666
1986	0.08953	0.091094	0.11794
1987	0.090036	0.091721	0.11921
1988	0.090581	0.092338	0.12052
1989	0.091165	0.09297	0.12184
1990	0.091681	0.093588	0.12313
1991	0.092167	0.094209	0.12438
1992	0.092714	0.094835	0.12567
1993	0.093307	0.095453	0.12698
1994	0.093818	0.096057	0.12823
1995	0.09422	0.096623	0.12939
1996	0.094683	0.097153	0.13061
1997	0.095296	0.097679	0.13199
1998	0.09593	0.098211	0.13337
1999	0.096471	0.098745	0.13466
2000	0.097041	0.099341	0.13596
2001	0.097857	0.10009	0.13744
2002	0.098814	0.10094	0.13901
2003	0.099582	0.10168	0.14042
2004	0.10021	0.10235	0.14169
2005	0.10083	0.10299	0.14298
2006	0.10144	0.10359	0.14428
2007	0.10216	0.10432	0.14564
2008	0.10301	0.10522	0.14706
2009	0.10391	0.10611	0.14849
2010	0.10481	0.10692	0.14989
2011	0.10575	0.1077	0.15132
2012	0.10669	0.1085	0.15279
2013	0.10762	0.10935	0.15426
2014	0.10861	0.11031	0.15576
2015	0.10961	0.11132	0.15723
2016	0.11045	0.11214	0.15859
2017	0.11119	0.11282	0.15986
2018	0.11194	0.11352	0.16111
2019	0.11271	0.11425	0.16236
2020	0.11345	0.11494	0.16357
2021	0.11412	0.11554	0.1647
2022	0.1148	0.11611	0.16581
2023	0.1156	0.11678	0.16702
2024	0.11647	0.11756	0.16832
2025	0.11723	0.11826	0.16954
2026	0.11782	0.1188	0.17058
2027	0.11831	0.11924	0.17153
2028	0.11879	0.11972	0.17246
2029	0.11922	0.12023	0.17336
2030	0.11954	0.12072	0.1742
2031	0.11987	0.12109	0.17506
2032	0.12027	0.12142	0.17603
2033	0.12066	0.12182	0.17701
2034	0.12101	0.12226	0.17788
2035	0.12136	0.12271	0.17873
2036	0.12184	0.1232	0.17973
2037	0.12242	0.12371	0.1808
2038	0.12292	0.12416	0.18177
2039	0.12329	0.12455	0.1826
2040	0.12378	0.12505	0.18349
2041	0.12444	0.12567	0.18451
2042	0.12518	0.12631	0.18559
2043	0.12593	0.12698	0.18671
2044	0.12666	0.12768	0.18783
2045	0.12736	0.12833	0.18893
2046	0.12815	0.12899	0.19002
2047	0.12897	0.1297	0.19111
2048	0.12983	0.13054	0.19225
2049	0.13078	0.13154	0.19349
2050	0.13171	0.1325	0.19473
2051	0.13239	0.13309	0.19574
2052	0.13285	0.13341	0.19658
2053	0.13352	0.13402	0.19764
2054	0.13442	0.13493	0.19886
2055	0.13518	0.13566	0.19989
2056	0.13572	0.13616	0.20074
2057	0.13618	0.13663	0.20153
2058	0.13667	0.13717	0.20234
2059	0.13719	0.13783	0.20322
2060	0.13768	0.13852	0.20409
2061	0.13806	0.13901	0.20487
2062	0.13829	0.13924	0.20551
2063	0.13846	0.13946	0.20616
2064	0.13877	0.13991	0.20693
2065	0.13926	0.1405	0.20776
2066	0.13977	0.14097	0.20854
2067	0.14019	0.14132	0.20927
2068	0.14058	0.1417	0.21002
2069	0.141	0.14213	0.21078
2070	0.14142	0.14253	0.21159
2071	0.14181	0.1429	0.21245
2072	0.14232	0.14344	0.21339
2073	0.14299	0.14415	0.21437
2074	0.14361	0.14478	0.21525
2075	0.14405	0.14529	0.21602
2076	0.14451	0.14585	0.21689
2077	0.14511	0.14651	0.21799
2078	0.14572	0.14715	0.21909
2079	0.14626	0.14775	0.22006
2080	0.14673	0.14835	0.22093
2081	0.14726	0.14896	0.22183
2082	0.14791	0.14957	0.22277
2083	0.14862	0.15019	0.22376
2084	0.1493	0.15083	0.22477
2085	0.14975	0.15133	0.22561
2086	0.14999	0.15159	0.22629
2087	0.1503	0.15182	0.22705
2088	0.15082	0.15226	0.22798
2089	0.15133	0.1528	0.22878
2090	0.15157	0.15311	0.2293
2091	0.15175	0.15331	0.22981
2092	0.15219	0.15371	0.23054
2093	0.1528	0.15428	0.23134
2094	0.15339	0.15483	0.23206
2095	0.15392	0.15531	0.23274
2096	0.15437	0.15571	0.23338
2097	0.15481	0.15601	0.23396
2098	0.1553	0.15642	0.2345
2099	0.15586	0.15708	0.23508
2100	0.15649	0.15792	0.23581
2101	0.15715	0.15874	0.23662
2102	0.15769	0.15934	0.23738
2103	0.15809	0.15979	0.23808
2104	0.15846	0.16027	0.23878
2105	0.1589	0.16082	0.23955
2106	0.15947	0.16149	0.24047
2107	0.16015	0.16229	0.24136
2108	0.16079	0.16312	0.24214
2109	0.16125	0.16379	0.24289
2110	0.16165	0.1643	0.24372
2111	0.16224	0.16496	0.24463
2112	0.16302	0.16581	0.24562
2113	0.16372	0.16658	0.2466
2114	0.16415	0.16712	0.24738
2115	0.1644	0.16749	0.24792
2116	0.16466	0.1678	0.24842
2117	0.1651	0.16812	0.24918
2118	0.16563	0.16846	0.25011
2119	0.16612	0.16884	0.25081
2120	0.16649	0.1692	0.25119
2121	0.16677	0.16941	0.25149
2122	0.16714	0.1696	0.25195
2123	0.16762	0.16993	0.25258
2124	0.16801	0.17029	0.25312
2125	0.16833	0.17056	0.25358
2126	0.16881	0.17089	0.25421
2127	0.1695	0.1714	0.25504
2128	0.17012	0.17193	0.25584
2129	0.17049	0.17234	0.25644
2130	0.1706	0.17258	0.25674
2131	0.17058	0.17273	0.25692
2132	0.17058	0.17283	0.25717
2133	0.1706	0.17292	0.25752
2134	0.17062	0.17312	0.258
2135	0.17065	0.17334	0.2586
2136	0.17081	0.17354	0.25929
2137	0.17103	0.17364	0.25997
2138	0.17126	0.17366	0.2606
2139	0.17156	0.17374	0.26121
2140	0.17184	0.17391	0.26182
2141	0.17211	0.17417	0.26252
2142	0.17261	0.17459	0.26332
2143	0.17318	0.17498	0.26412
2144	0.17343	0.17507	0.26477
2145	0.17357	0.17501	0.26539
2146	0.17393	0.17509	0.266
2147	0.17431	0.17517	0.26642
2148	0.17448	0.17504	0.26676
2149	0.17456	0.17486	0.26717
2150	0.17462	0.17468	0.26745
2151	0.17464	0.17433	0.26751
2152	0.17466	0.1739	0.26768
2153	0.17469	0.17364	0.26808
2154	0.17467	0.17358	0.26828
2155	0.17472	0.17362	0.26814
2156	0.17488	0.17363	0.26807
2157	0.17509	0.17366	0.26831
2158	0.17525	0.1738	0.26866
2159	0.17538	0.17403	0.26891
2160	0.17563	0.1743	0.26912
2161	0.17596	0.17465	0.26947
2162	0.17611	0.17498	0.26977
2163	0.17598	0.17517	0.26986
2164	0.17574	0.17526	0.26983
2165	0.17552	0.17531	0.26969
2166	0.17521	0.17535	0.26948
2167	0.17489	0.17542	0.26938
2168	0.17465	0.17549	0.2694
2169	0.17442	0.17558	0.26944
2170	0.17427	0.17575	0.26945
2171	0.17428	0.17598	0.26948
2172	0.17447	0.17637	0.26968
2173	0.17468	0.17685	0.27002
2174	0.17487	0.17726	0.27027
2175	0.17501	0.1776	0.27033
2176	0.17511	0.178	0.27042
2177	0.17534	0.1785	0.27071
2178	0.17579	0.17899	0.27109
2179	0.17612	0.17936	0.27132
2180	0.17617	0.17947	0.27132
2181	0.1763	0.17948	0.27135
2182	0.17663	0.17956	0.27149
2183	0.17687	0.17963	0.27157
2184	0.17698	0.17963	0.27162
2185	0.17719	0.1797	0.27176
2186	0.17742	0.17975	0.27187
2187	0.17755	0.17965	0.27194
2188	0.17767	0.17958	0.27211
2189	0.17783	0.17959	0.27229
2190	0.1781	0.17957	0.27238
2191	0.17847	0.17952	0.27253
2192	0.17879	0.17947	0.27282
2193	0.17898	0.17938	0.27314
2194	0.17908	0.1792	0.27339
2195	0.17919	0.17898	0.27369
2196	0.17932	0.17884	0.27417
2197	0.17935	0.17868	0.27471
2198	0.17916	0.1784	0.27506
2199	0.179	0.1782	0.27533
2200	0.17901	0.17821	0.27571
2201	0.17895	0.17825	0.27617
2202	0.17874	0.17824	0.27657
2203	0.1786	0.17821	0.27689
2204	0.17848	0.17815	0.27718
2205	0.17831	0.17806	0.27747
2206	0.17812	0.17796	0.27769
2207	0.17795	0.178	0.27787
2208	0.17788	0.1782	0.27813
2209	0.17785	0.17836	0.27831
2210	0.17785	0.1785	0.27834
2211	0.17788	0.1787	0.27839
2212	0.17789	0.1789	0.27856
2213	0.17793	0.17905	0.27871
2214	0.17806	0.17922	0.27875
2215	0.17816	0.17936	0.27873
2216	0.17813	0.17921	0.27866
2217	0.17812	0.17893	0.27857
2218	0.17826	0.17904	0.27847
2219	0.17846	0.17945	0.27835
2220	0.17864	0.17971	0.27834
2221	0.17885	0.17982	0.27843
2222	0.17909	0.17998	0.27841
2223	0.17924	0.1801	0.27825
2224	0.17934	0.1801	0.27808
2225	0.17941	0.17995	0.27788
2226	0.17938	0.17975	0.27765
2227	0.17926	0.17953	0.27747
2228	0.17928	0.1794	0.27745
2229	0.17952	0.17937	0.27755
2230	0.17966	0.17922	0.27757
2231	0.1796	0.17903	0.27754
2232	0.17947	0.17898	0.27758
2233	0.17932	0.17897	0.27756
2234	0.17911	0.17892	0.27737
2235	0.17881	0.17886	0.27717
2236	0.17846	0.17871	0.27707
2237	0.17806	0.17839	0.27695
2238	0.17774	0.17806	0.27671
2239	0.17749	0.17774	0.27639
2240	0.17716	0.17735	0.27606
2241	0.17677	0.17697	0.27571
2242	0.17644	0.17678	0.27534
2243	0.17632	0.17684	0.27512
2244	0.17631	0.17688	0.27495
2245	0.1761	0.17651	0.27458
2246	0.17572	0.1759	0.27411
2247	0.1753	0.1754	0.27369
2248	0.17494	0.17503	0.27332
2249	0.17466	0.17466	0.27299
2250	0.17435	0.17414	0.2727
2251	0.17393	0.17355	0.2724
2252	0.17349	0.17301	0.27209
2253	0.17316	0.17254	0.27175
2254	0.17279	0.17212	0.27133
2255	0.17221	0.17161	0.27087
2256	0.17159	0.171	0.27047
2257	0.17119	0.17057	0.2702
2258	0.17086	0.1703	0.26993
2259	0.17039	0.16987	0.26957
2260	0.16976	0.16916	0.26919
2261	0.16914	0.1685	0.26895
2262	0.16864	0.16803	0.26882
2263	0.16812	0.16756	0.2686
2264	0.16759	0.16704	0.26827
2265	0.16709	0.16655	0.26796
2266	0.16651	0.16615	0.26768
2267	0.1658	0.16583	0.2673
2268	0.16495	0.16536	0.26665
2269	0.1641	0.16467	0.26582
2270	0.16336	0.16401	0.26523
2271	0.16271	0.16353	0.26494
2272	0.16202	0.163	0.26455
2273	0.16135	0.16237	0.26391
2274	0.1608	0.16184	0.26323
2275	0.16025	0.16138	0.2626
2276	0.15957	0.16099	0.26205
2277	0.15891	0.16074	0.26155
2278	0.15844	0.16053	0.26098
2279	0.15807	0.16017	0.26033
2280	0.15753	0.15964	0.25961
2281	0.15687	0.15906	0.25888
2282	0.15631	0.15858	0.25821
2283	0.15588	0.15825	0.25764
2284	0.1555	0.15798	0.2572
2285	0.15507	0.15765	0.25688
2286	0.1547	0.15728	0.25644
2287	0.15448	0.15697	0.2558
2288	0.15418	0.15687	0.25512
2289	0.15373	0.15691	0.25454
2290	0.15347	0.15696	0.25411
2291	0.15343	0.157	0.25373
2292	0.15368	0.15713	0.25354
2293	0.15404	0.15734	0.25351
2294	0.15414	0.15742	0.25338
2295	0.15416	0.15718	0.25316
2296	0.15409	0.15668	0.25286
2297	0.15405	0.15645	0.25272
2298	0.15406	0.15645	0.25253
2299	0.15372	0.15603	0.25177
2300	0.15321	0.15544	0.2509
2301	0.15274	0.15492	0.2504
2302	0.1523	0.15437	0.24989
2303	0.15171	0.15367	0.24892
2304	0.15083	0.1527	0.24767
2305	0.14989	0.15157	0.24666
2306	0.14917	0.15057	0.24594
2307	0.1486	0.14971	0.24519
2308	0.148	0.14878	0.24428
2309	0.14731	0.14792	0.24332
2310	0.14651	0.14728	0.24228
2311	0.14566	0.14674	0.24119
2312	0.14504	0.14632	0.24036
2313	0.14479	0.14609	0.23993
2314	0.14453	0.14579	0.23954
2315	0.14399	0.14517	0.23883
2316	0.14338	0.14449	0.23805
2317	0.14285	0.14384	0.23755
2318	0.1422	0.14293	0.23716
2319	0.14145	0.142	0.2366
2320	0.14087	0.14146	0.2361
2321	0.14051	0.14096	0.23581
2322	0.14016	0.1401	0.23545
2323	0.13962	0.13935	0.23498
2324	0.13907	0.13917	0.23467
2325	0.13878	0.13893	0.23438
2326	0.13863	0.13815	0.2339
2327	0.13828	0.13756	0.23346
2328	0.13787	0.13743	0.23328
2329	0.13746	0.13707	0.23309
2330	0.13701	0.1363	0.23271
2331	0.13663	0.13579	0.23232
2332	0.13625	0.13592	0.23216
2333	0.13602	0.13631	0.23213
2334	0.13574	0.13631	0.23168
2335	0.13508	0.13596	0.23089
2336	0.1345	0.13598	0.23056
2337	0.13415	0.13621	0.23046
2338	0.13381	0.13627	0.22982
2339	0.1333	0.13618	0.22872
2340	0.13299	0.13618	0.22792
2341	0.13324	0.13646	0.22754
2342	0.13372	0.13703	0.22705
2343	0.1341	0.1379	0.22667
2344	0.13428	0.13872	0.22674
2345	0.13444	0.13919	0.22688
2346	0.13451	0.13933	0.22669
2347	0.13458	0.13944	0.22631
2348	0.13482	0.13958	0.22622
2349	0.13501	0.13969	0.22618
2350	0.13493	0.13983	0.22556
2351	0.13464	0.13965	0.22445
2352	0.13432	0.13907	0.22349
2353	0.13382	0.13858	0.22301
2354	0.13323	0.13849	0.22287
2355	0.1329	0.1386	0.22262
2356	0.13292	0.13867	0.22229
2357	0.1329	0.13847	0.22208
2358	0.13241	0.13823	0.22183
2359	0.13182	0.13833	0.22139
2360	0.13145	0.13814	0.22066
2361	0.13085	0.13719	0.21978
2362	0.12963	0.13612	0.219
2363	0.12838	0.13557	0.21811
2364	0.12746	0.13481	0.21674
2365	0.12633	0.13341	0.2152
2366	0.12496	0.13234	0.21399
2367	0.12381	0.13188	0.21297
2368	0.1229	0.13138	0.21182
2369	0.1218	0.13047	0.21048
2370	0.12054	0.12978	0.20933
2371	0.11978	0.12962	0.20846
2372	0.11919	0.1292	0.20739
2373	0.11818	0.1283	0.20607
2374	0.1174	0.12768	0.20476
2375	0.11751	0.12764	0.20365
2376	0.11832	0.12784	0.20271
2377	0.11892	0.1277	0.2016
2378	0.11863	0.12703	0.20032
2379	0.11816	0.12637	0.19947
2380	0.11806	0.1257	0.19906
2381	0.11771	0.12452	0.19819
2382	0.11704	0.12316	0.19709
2383	0.11676	0.12242	0.19662
2384	0.11658	0.1218	0.19615
2385	0.11605	0.12073	0.19491
2386	0.1153	0.11966	0.19343
2387	0.11453	0.11878	0.19241
2388	0.11405	0.11814	0.19211
2389	0.11388	0.11786	0.19243
2390	0.11357	0.11735	0.19274
2391	0.11309	0.1163	0.19244
2392	0.11263	0.11545	0.19189
2393	0.11171	0.11452	0.19153
2394	0.11069	0.11342	0.1913
2395	0.11033	0.11273	0.19048
2396	0.11012	0.11246	0.1889
2397	0.10928	0.11226	0.18774
2398	0.10716	0.11116	0.18686
2399	0.10481	0.10949	0.18526
2400	0.10327	0.10792	0.18311
2401	0.1019	0.10648	0.18126
2402	0.1006	0.10509	0.17981
2403	0.099869	0.10395	0.17814
2404	0.099832	0.10361	0.17622
2405	0.099877	0.10359	0.17459
2406	0.10025	0.10322	0.1741
2407	0.10104	0.10257	0.17405
2408	0.10078	0.10188	0.17286
2409	0.1001	0.10155	0.17126
2410	0.10078	0.10149	0.17068
2411	0.10204	0.1013	0.17069
2412	0.10194	0.10115	0.16996
2413	0.10065	0.101	0.16894
2414	0.098844	0.10054	0.16832
2415	0.097259	0.10013	0.16776
2416	0.096583	0.099611	0.16705
2417	0.096269	0.098814	0.1664
2418	0.095069	0.098357	0.16588
2419	0.092886	0.098076	0.16478
2420	0.090406	0.097126	0.16249
2421	0.088203	0.096123	0.16034
2422	0.087305	0.096557	0.15996
2423	0.087398	0.097577	0.16014
2424	0.0863	0.09723	0.15893
2425	0.083822	0.096117	0.15688
2426	0.081605	0.095604	0.15538
2427	0.080611	0.096105	0.15472
2428	0.079315	0.096715	0.15382
2429	0.077094	0.096786	0.15268
2430	0.075209	0.096545	0.15215
2431	0.0739	0.096255	0.1518
2432	0.072566	0.095944	0.15084
2433	0.070687	0.094889	0.14957
2434	0.068843	0.093901	0.1483
2435	0.068506	0.094519	0.14711
2436	0.068902	0.095345	0.14609
2437	0.068852	0.095142	0.14496
2438	0.068815	0.09493	0.14352
2439	0.069675	0.095812	0.14247
2440	0.071236	0.097664	0.14225
2441	0.072472	0.098539	0.14197
2442	0.073805	0.097617	0.14103
2443	0.075319	0.096856	0.13968
2444	0.0765	0.097121	0.13852
2445	0.07778	0.09712	0.13746
2446	0.079233	0.096386	0.13587
2447	0.080322	0.096128	0.13388
2448	0.081056	0.096585	0.13202
2449	0.081601	0.095948	0.12976
2450	0.081485	0.094159	0.12665
2451	0.081674	0.093247	0.12398
2452	0.083694	0.094703	0.12369
2453	0.085108	0.096747	0.12373
2454	0.082842	0.095695	0.12053
2455	0.080314	0.093548	0.11636
2456	0.079577	0.093196	0.11374
2457	0.078663	0.092901	0.11128
2458	0.077204	0.090817	0.10736
2459	0.075687	0.088569	0.10289
2460	0.07384	0.087611	0.099494
2461	0.071977	0.086912	0.096916
2462	0.070524	0.08586	0.094742
2463	0.069169	0.085594	0.093715
2464	0.067337	0.086512	0.093279
2465	0.064808	0.085713	0.092025
2466	0.062143	0.082587	0.089802
2467	0.061124	0.082405	0.088836
2468	0.062033	0.086761	0.090366
2469	0.062197	0.089794	0.09139
2470	0.061297	0.090562	0.091397
2471	0.058902	0.090258	0.090471
2472	0.055075	0.088718	0.08819
2473	0.053283	0.087503	0.086087
2474	0.053781	0.087235	0.085111
2475	0.055836	0.088276	0.085888
2476	0.059044	0.090023	0.08794
2477	0.063051	0.090665	0.090251
2478	0.067316	0.090391	0.092628
2479	0.067536	0.088357	0.09317
2480	0.064985	0.08506	0.091525
