*Name: Leaf mid
Type: Leaf Spectrum

Origin: Remote Sensing Laboratories, University of Zurich

Description: abaxial reflectance, adaxial reflectance, and adaxial transmittance

Measurement: Hemispherical Conical Reflectance Factor HCRF measured by ASD Integrating Sphere

Wavelength [nm]	abaxial Reflectance [0 1]	adaxial Reflectance [0 1]	adaxial Transmittance [0 1]
370	0.012407	0.012794	0.00065041
371	0.017195	0.017604	0.00061142
372	0.021016	0.021345	-0.00096418
373	0.025287	0.025472	-0.0010084
374	0.029306	0.029312	-0.00012716
375	0.032385	0.032209	0.00092017
376	0.034091	0.033839	0.0011497
377	0.03476	0.03445	0.0022463
378	0.033881	0.033504	0.0037961
379	0.034262	0.033977	0.0048485
380	0.034657	0.034535	0.0071068
381	0.034657	0.034648	0.0074279
382	0.03466	0.034718	0.0068548
383	0.035115	0.035254	0.007284
384	0.035264	0.035547	0.0072846
385	0.034727	0.035086	0.0059259
386	0.033859	0.034074	0.0038561
387	0.034522	0.034616	0.0044782
388	0.035164	0.035188	0.0051651
389	0.035316	0.035321	0.0049733
390	0.035853	0.035899	0.0051467
391	0.036708	0.036773	0.0062628
392	0.037118	0.037203	0.006595
393	0.037655	0.037664	0.0071037
394	0.038346	0.038237	0.0083508
395	0.038748	0.038533	0.0090642
396	0.03899	0.038723	0.0094913
397	0.039114	0.038877	0.0097944
398	0.039236	0.039067	0.0098844
399	0.039491	0.039362	0.010085
400	0.039445	0.039285	0.0095865
401	0.039502	0.03944	0.0091089
402	0.039287	0.039353	0.0081905
403	0.038919	0.039064	0.0072311
404	0.038843	0.039031	0.0068559
405	0.038461	0.038699	0.0059234
406	0.038134	0.038391	0.0051006
407	0.038556	0.038731	0.0056091
408	0.038561	0.038675	0.0053955
409	0.03841	0.038491	0.0050024
410	0.038558	0.038655	0.0052598
411	0.038833	0.038958	0.0057429
412	0.039287	0.039449	0.0065396
413	0.039837	0.040052	0.0073482
414	0.03998	0.040251	0.0073063
415	0.040175	0.040511	0.007366
416	0.040456	0.040825	0.0076863
417	0.040577	0.040937	0.0077822
418	0.040628	0.040965	0.0077276
419	0.040763	0.041076	0.007836
420	0.040958	0.041254	0.0080794
421	0.041214	0.041476	0.0083241
422	0.041273	0.041508	0.0082343
423	0.041334	0.041572	0.0083115
424	0.041562	0.041819	0.0087062
425	0.041708	0.04197	0.0089298
426	0.041818	0.042087	0.0090256
427	0.042048	0.042325	0.0091511
428	0.042252	0.042529	0.0093152
429	0.042461	0.042728	0.0095861
430	0.042558	0.042814	0.0096948
431	0.042505	0.042762	0.0095425
432	0.04262	0.04288	0.0097633
433	0.042825	0.043084	0.010153
434	0.043001	0.043262	0.010491
435	0.043136	0.043395	0.010685
436	0.043324	0.043585	0.01102
437	0.043504	0.043774	0.011488
438	0.043675	0.043947	0.011896
439	0.043816	0.04409	0.01224
440	0.043892	0.04417	0.01242
441	0.043952	0.044223	0.012462
442	0.043965	0.044228	0.012491
443	0.043961	0.044222	0.012578
444	0.043855	0.044125	0.012479
445	0.043774	0.044049	0.012426
446	0.043747	0.044015	0.012425
447	0.043792	0.044061	0.012516
448	0.043894	0.044165	0.012714
449	0.044016	0.044282	0.012944
450	0.044121	0.044379	0.013145
451	0.044211	0.04447	0.01339
452	0.044415	0.044685	0.013849
453	0.044667	0.044948	0.014384
454	0.044823	0.045124	0.014699
455	0.044878	0.045202	0.01483
456	0.044909	0.045261	0.014963
457	0.045028	0.045398	0.015263
458	0.045089	0.045469	0.015403
459	0.045116	0.045494	0.015456
460	0.045137	0.045513	0.015512
461	0.045143	0.045526	0.015555
462	0.045122	0.045499	0.015551
463	0.04511	0.045476	0.015569
464	0.04507	0.045435	0.015561
465	0.045057	0.045425	0.015642
466	0.045081	0.045446	0.015801
467	0.045177	0.045533	0.016037
468	0.045246	0.045601	0.016185
469	0.045287	0.045645	0.016292
470	0.045308	0.045664	0.016346
471	0.045405	0.045755	0.016512
472	0.045475	0.045827	0.016628
473	0.045524	0.045885	0.016724
474	0.045524	0.04589	0.016757
475	0.045536	0.045896	0.016791
476	0.045634	0.045992	0.016962
477	0.045714	0.046079	0.017113
478	0.045705	0.04608	0.017148
479	0.045656	0.046034	0.017145
480	0.045642	0.046024	0.017194
481	0.045663	0.046049	0.017288
482	0.045646	0.046038	0.017335
483	0.045611	0.046007	0.017351
484	0.045612	0.046007	0.017387
485	0.045675	0.046072	0.017527
486	0.045724	0.046126	0.017641
487	0.045789	0.046186	0.017788
488	0.045833	0.046215	0.017885
489	0.045926	0.046305	0.01804
490	0.046146	0.046532	0.018419
491	0.046288	0.046681	0.018657
492	0.046363	0.046754	0.01878
493	0.046439	0.046834	0.018942
494	0.046563	0.04697	0.019195
495	0.046713	0.047124	0.019515
496	0.046907	0.04731	0.019916
497	0.047119	0.047512	0.020365
498	0.047358	0.047743	0.020861
499	0.047604	0.047985	0.021372
500	0.047867	0.048245	0.021911
501	0.048173	0.04855	0.022567
502	0.048475	0.048865	0.023259
503	0.048842	0.049252	0.024084
504	0.049334	0.04976	0.025122
505	0.049816	0.050254	0.026114
506	0.050281	0.050739	0.027127
507	0.050803	0.051288	0.028293
508	0.05139	0.051896	0.02958
509	0.05205	0.052572	0.031006
510	0.052729	0.05326	0.032505
511	0.053415	0.053961	0.034081
512	0.05416	0.054719	0.03579
513	0.055011	0.055578	0.037672
514	0.055908	0.05648	0.039652
515	0.056817	0.057395	0.041711
516	0.05779	0.058372	0.043931
517	0.058904	0.05949	0.046398
518	0.060116	0.060705	0.049024
519	0.061331	0.061929	0.051681
520	0.062589	0.063202	0.054454
521	0.06393	0.064554	0.057353
522	0.065325	0.065956	0.060328
523	0.066733	0.067372	0.063302
524	0.068119	0.068761	0.066251
525	0.069516	0.070157	0.069216
526	0.070916	0.071552	0.072129
527	0.072312	0.072938	0.074955
528	0.073639	0.074256	0.077626
529	0.074915	0.075529	0.080203
530	0.076162	0.076772	0.082701
531	0.077373	0.077983	0.08509
532	0.078489	0.079102	0.087293
533	0.079509	0.080125	0.089297
534	0.080493	0.081112	0.09121
535	0.081387	0.082014	0.09295
536	0.082156	0.082788	0.094471
537	0.082822	0.083464	0.095813
538	0.083412	0.084065	0.097037
539	0.083905	0.084573	0.098095
540	0.08431	0.084991	0.098971
541	0.084656	0.085348	0.099737
542	0.084986	0.085694	0.10048
543	0.085281	0.086009	0.10117
544	0.085566	0.08631	0.10181
545	0.085875	0.086634	0.10248
546	0.086174	0.086948	0.10314
547	0.086481	0.08727	0.10379
548	0.086785	0.087589	0.10442
549	0.087085	0.087909	0.10506
550	0.087359	0.088198	0.10565
551	0.087613	0.088471	0.10622
552	0.087821	0.088702	0.1067
553	0.087958	0.088858	0.10706
554	0.088036	0.088953	0.10731
555	0.088067	0.089004	0.10749
556	0.08803	0.088988	0.10755
557	0.087891	0.088866	0.10743
558	0.087686	0.088676	0.1072
559	0.087403	0.088403	0.10684
560	0.087008	0.088015	0.10628
561	0.086545	0.087557	0.10557
562	0.086034	0.087049	0.10474
563	0.085476	0.086497	0.10383
564	0.084851	0.085877	0.1028
565	0.084144	0.085172	0.10161
566	0.083381	0.08441	0.1003
567	0.082572	0.083598	0.098863
568	0.081708	0.082733	0.09732
569	0.0808	0.08183	0.095706
570	0.079851	0.080883	0.094004
571	0.078887	0.079918	0.09226
572	0.077896	0.078926	0.090461
573	0.076896	0.077921	0.088619
574	0.075924	0.076942	0.086789
575	0.074998	0.076005	0.085009
576	0.07413	0.075126	0.083328
577	0.073312	0.074301	0.081748
578	0.072523	0.073505	0.080213
579	0.071757	0.072729	0.078712
580	0.071053	0.072015	0.077306
581	0.070424	0.071379	0.076035
582	0.069803	0.070752	0.0748
583	0.069211	0.070155	0.073633
584	0.068669	0.069608	0.072559
585	0.068168	0.069103	0.071558
586	0.067689	0.06862	0.070602
587	0.067255	0.068176	0.069723
588	0.066828	0.067736	0.068868
589	0.066453	0.06735	0.068105
590	0.066143	0.067035	0.067463
591	0.065873	0.066762	0.066906
592	0.065616	0.066503	0.066378
593	0.065383	0.066271	0.065904
594	0.065195	0.066083	0.065515
595	0.065052	0.065939	0.065211
596	0.064889	0.065776	0.064892
597	0.064735	0.065622	0.064604
598	0.064583	0.065471	0.064332
599	0.064428	0.065317	0.064061
600	0.06427	0.065157	0.063785
601	0.064092	0.064975	0.063465
602	0.063887	0.064767	0.063084
603	0.063711	0.064591	0.062724
604	0.063539	0.064416	0.062366
605	0.063356	0.064228	0.061982
606	0.063149	0.064018	0.061546
607	0.062911	0.063775	0.061045
608	0.062658	0.063519	0.060498
609	0.0624	0.063258	0.059923
610	0.062136	0.062988	0.059324
611	0.061818	0.062667	0.058642
612	0.061476	0.062319	0.057903
613	0.061144	0.06198	0.057157
614	0.0608	0.061629	0.056383
615	0.060442	0.061265	0.055569
616	0.060085	0.060899	0.054752
617	0.059744	0.060546	0.05397
618	0.059408	0.060201	0.053219
619	0.059093	0.05988	0.052504
620	0.058798	0.059582	0.051826
621	0.058494	0.059278	0.051155
622	0.058224	0.059013	0.050553
623	0.058017	0.058808	0.050067
624	0.057854	0.05864	0.049664
625	0.057701	0.058483	0.049304
626	0.057593	0.058369	0.049022
627	0.057509	0.058279	0.04879
628	0.057422	0.058187	0.048582
629	0.057352	0.058114	0.048418
630	0.057328	0.058086	0.048346
631	0.057327	0.058081	0.048325
632	0.057311	0.058065	0.048287
633	0.057261	0.058021	0.048193
634	0.057185	0.057947	0.048044
635	0.057061	0.057826	0.047812
636	0.056923	0.057689	0.047532
637	0.056762	0.057527	0.047185
638	0.056562	0.05732	0.046741
639	0.056324	0.057075	0.046204
640	0.056012	0.056758	0.04553
641	0.055662	0.0564	0.044762
642	0.0553	0.05603	0.043945
643	0.054939	0.055658	0.043083
644	0.05459	0.055299	0.042213
645	0.054222	0.05492	0.041285
646	0.053824	0.05451	0.040295
647	0.053426	0.054099	0.039308
648	0.053059	0.053713	0.038373
649	0.052723	0.053358	0.037489
650	0.052413	0.053031	0.036673
651	0.052123	0.052723	0.03592
652	0.051863	0.052447	0.035243
653	0.051657	0.052225	0.034672
654	0.051454	0.05201	0.03413
655	0.051291	0.051835	0.033651
656	0.051176	0.051709	0.033241
657	0.051056	0.051582	0.032807
658	0.050925	0.051445	0.032343
659	0.050785	0.0513	0.031837
660	0.050614	0.051119	0.031254
661	0.050428	0.050919	0.030621
662	0.05022	0.05069	0.029912
663	0.05	0.050449	0.029169
664	0.049766	0.050191	0.028392
665	0.049526	0.049924	0.027581
666	0.04929	0.049654	0.02675
667	0.049102	0.049433	0.025972
668	0.04894	0.049239	0.025224
669	0.048828	0.049091	0.024545
670	0.048786	0.049014	0.023981
671	0.048774	0.048967	0.023465
672	0.0488	0.048955	0.023002
673	0.048874	0.048994	0.022622
674	0.048964	0.049042	0.022271
675	0.049075	0.049103	0.021941
676	0.049251	0.049225	0.021705
677	0.049459	0.049383	0.021529
678	0.049678	0.049548	0.021356
679	0.049922	0.049734	0.021207
680	0.050194	0.049947	0.0211
681	0.050522	0.050218	0.02109
682	0.050898	0.050538	0.021174
683	0.051339	0.050925	0.021409
684	0.051848	0.05139	0.021839
685	0.052412	0.051916	0.022464
686	0.053029	0.052507	0.0233
687	0.05372	0.053188	0.024428
688	0.054493	0.05396	0.025877
689	0.05535	0.054829	0.027676
690	0.056353	0.055862	0.029945
691	0.057496	0.057052	0.032687
692	0.058823	0.058437	0.035974
693	0.060383	0.060062	0.039864
694	0.062212	0.061964	0.044396
695	0.064342	0.064172	0.049588
696	0.06679	0.066697	0.055428
697	0.069607	0.069592	0.061948
698	0.072797	0.072858	0.069096
699	0.076367	0.076502	0.076824
700	0.080296	0.080507	0.085035
701	0.084561	0.084844	0.093647
702	0.089116	0.089473	0.10255
703	0.093907	0.094341	0.11164
704	0.098917	0.099431	0.12084
705	0.10409	0.10469	0.13007
706	0.10937	0.11006	0.13924
707	0.11474	0.1155	0.1483
708	0.12016	0.12101	0.15724
709	0.12562	0.12655	0.16603
710	0.13109	0.13209	0.17466
711	0.13659	0.13766	0.18315
712	0.14211	0.14324	0.19149
713	0.14766	0.14885	0.19973
714	0.15324	0.15448	0.20784
715	0.15883	0.16011	0.21584
716	0.16443	0.16577	0.22374
717	0.17006	0.17144	0.23155
718	0.17569	0.1771	0.23924
719	0.18131	0.18276	0.24682
720	0.18692	0.18841	0.2543
721	0.1925	0.19403	0.26165
722	0.19807	0.19962	0.26889
723	0.20358	0.20516	0.276
724	0.20902	0.21063	0.28295
725	0.21439	0.21602	0.28972
726	0.21966	0.22131	0.29632
727	0.22483	0.22649	0.30273
728	0.22987	0.23155	0.30892
729	0.23476	0.23645	0.31489
730	0.2395	0.2412	0.32063
731	0.24409	0.24579	0.32613
732	0.24852	0.25022	0.33141
733	0.25277	0.25447	0.33645
734	0.25684	0.25854	0.34125
735	0.26072	0.26242	0.3458
736	0.26443	0.26612	0.35012
737	0.26794	0.26963	0.35421
738	0.27125	0.27295	0.35805
739	0.27438	0.27607	0.36167
740	0.27732	0.27902	0.36508
741	0.28008	0.28178	0.36826
742	0.28265	0.28436	0.37122
743	0.28503	0.28675	0.37398
744	0.28723	0.28896	0.37653
745	0.28927	0.29103	0.3789
746	0.29116	0.29294	0.38111
747	0.29289	0.2947	0.38313
748	0.29446	0.2963	0.38499
749	0.2959	0.29778	0.38671
750	0.29721	0.29912	0.38828
751	0.29838	0.30033	0.38971
752	0.29943	0.30142	0.391
753	0.30036	0.3024	0.39218
754	0.30119	0.30327	0.39323
755	0.30194	0.30407	0.39418
756	0.30261	0.30479	0.39505
757	0.3032	0.30542	0.39583
758	0.30372	0.30599	0.39655
759	0.3042	0.30651	0.39719
760	0.30462	0.30699	0.39776
761	0.30501	0.30741	0.39829
762	0.30533	0.30778	0.39876
763	0.30562	0.30811	0.39918
764	0.30588	0.30839	0.39956
765	0.30609	0.30864	0.39991
766	0.30628	0.30886	0.40023
767	0.30643	0.30904	0.40051
768	0.30655	0.3092	0.40075
769	0.30667	0.30935	0.40098
770	0.30676	0.30947	0.40118
771	0.30682	0.30957	0.40136
772	0.3069	0.30967	0.40154
773	0.30696	0.30977	0.40169
774	0.30702	0.30986	0.40183
775	0.30706	0.30993	0.40196
776	0.30709	0.30999	0.40208
777	0.30713	0.31005	0.4022
778	0.30717	0.31012	0.40233
779	0.30722	0.31019	0.40246
780	0.30726	0.31025	0.40258
781	0.3073	0.31031	0.4027
782	0.30735	0.31037	0.40282
783	0.30741	0.31045	0.40295
784	0.30747	0.31051	0.40306
785	0.30752	0.31058	0.40317
786	0.30759	0.31066	0.4033
787	0.30766	0.31075	0.40343
788	0.30773	0.31082	0.40355
789	0.30779	0.31089	0.40366
790	0.30787	0.31098	0.4038
791	0.30797	0.31108	0.40396
792	0.30804	0.31116	0.40409
793	0.30812	0.31124	0.40422
794	0.3082	0.31133	0.40436
795	0.3083	0.31143	0.40451
796	0.3084	0.31154	0.40467
797	0.3085	0.31165	0.40483
798	0.3086	0.31176	0.40499
799	0.3087	0.31186	0.40515
800	0.30879	0.31197	0.40531
801	0.30889	0.31208	0.40546
802	0.30899	0.31218	0.40561
803	0.3091	0.31229	0.40576
804	0.30922	0.3124	0.40592
805	0.30934	0.31252	0.40608
806	0.30943	0.31262	0.4062
807	0.30954	0.31273	0.40633
808	0.30966	0.31284	0.40647
809	0.30976	0.31295	0.40661
810	0.30987	0.31305	0.40675
811	0.30997	0.31316	0.40689
812	0.31008	0.31327	0.40704
813	0.31018	0.31337	0.40717
814	0.31028	0.31347	0.4073
815	0.31038	0.31358	0.40742
816	0.31048	0.31369	0.40755
817	0.31059	0.31381	0.40769
818	0.31071	0.31393	0.40784
819	0.31083	0.31406	0.408
820	0.31094	0.31418	0.40814
821	0.31106	0.31429	0.40827
822	0.31117	0.31441	0.4084
823	0.31129	0.31452	0.40854
824	0.31141	0.31464	0.40868
825	0.31152	0.31475	0.4088
826	0.31164	0.31487	0.40893
827	0.31175	0.31497	0.40904
828	0.31184	0.31507	0.40914
829	0.31194	0.31518	0.40925
830	0.31205	0.3153	0.40937
831	0.31216	0.31542	0.4095
832	0.31226	0.31553	0.40964
833	0.31237	0.31565	0.40977
834	0.31248	0.31576	0.40989
835	0.31258	0.31587	0.41
836	0.3127	0.31599	0.41011
837	0.3128	0.3161	0.41023
838	0.3129	0.31619	0.41032
839	0.31298	0.31627	0.41041
840	0.31307	0.31636	0.4105
841	0.31315	0.31644	0.41058
842	0.31323	0.31652	0.41067
843	0.31331	0.31662	0.41075
844	0.31341	0.31672	0.41084
845	0.31352	0.31683	0.41095
846	0.31362	0.31694	0.41106
847	0.31374	0.31706	0.41118
848	0.31385	0.31717	0.41129
849	0.31395	0.31727	0.41139
850	0.31403	0.31736	0.41147
851	0.31409	0.31743	0.41155
852	0.31415	0.31749	0.41162
853	0.31422	0.31757	0.41171
854	0.31429	0.31764	0.4118
855	0.31435	0.3177	0.41186
856	0.31439	0.31774	0.41189
857	0.31444	0.3178	0.41193
858	0.31451	0.31788	0.412
859	0.3146	0.31797	0.41208
860	0.31469	0.31807	0.41217
861	0.31478	0.31816	0.41224
862	0.31486	0.31824	0.41229
863	0.31491	0.3183	0.41232
864	0.31496	0.31835	0.41236
865	0.31502	0.31841	0.41243
866	0.3151	0.31849	0.41251
867	0.31518	0.31857	0.41259
868	0.31523	0.31861	0.41266
869	0.31526	0.31865	0.41271
870	0.31529	0.31868	0.41275
871	0.31535	0.31874	0.41284
872	0.3154	0.31879	0.41292
873	0.31545	0.31883	0.41297
874	0.3155	0.31889	0.41302
875	0.31554	0.31894	0.41305
876	0.31559	0.31899	0.41307
877	0.31563	0.31903	0.41308
878	0.31568	0.31909	0.41311
879	0.31576	0.31917	0.41315
880	0.31582	0.31923	0.41317
881	0.31584	0.31926	0.41317
882	0.31588	0.31931	0.4132
883	0.31593	0.31936	0.41324
884	0.31598	0.3194	0.41329
885	0.31603	0.31945	0.41334
886	0.31606	0.31948	0.41337
887	0.3161	0.31951	0.41342
888	0.31616	0.31956	0.41348
889	0.31623	0.31963	0.41354
890	0.3163	0.31969	0.41359
891	0.31636	0.31975	0.41362
892	0.31643	0.31982	0.41365
893	0.31648	0.31988	0.41367
894	0.31653	0.31993	0.41368
895	0.31657	0.31999	0.41368
896	0.31664	0.32006	0.41371
897	0.31668	0.3201	0.41372
898	0.31668	0.32011	0.4137
899	0.31669	0.32012	0.41368
900	0.31672	0.32014	0.41367
901	0.31676	0.32017	0.41367
902	0.31679	0.3202	0.41368
903	0.31685	0.32026	0.41369
904	0.31691	0.32031	0.41371
905	0.31695	0.32036	0.41371
906	0.31698	0.32039	0.41371
907	0.31703	0.32044	0.41374
908	0.3171	0.32051	0.41377
909	0.31715	0.32056	0.41379
910	0.31724	0.32065	0.41387
911	0.31731	0.32072	0.41396
912	0.31735	0.32076	0.41401
913	0.31738	0.32079	0.41402
914	0.31742	0.32083	0.41401
915	0.31746	0.32086	0.41402
916	0.31749	0.3209	0.41406
917	0.31753	0.32094	0.41407
918	0.31756	0.32097	0.41409
919	0.31759	0.32101	0.4141
920	0.31765	0.32106	0.41412
921	0.31772	0.32112	0.41417
922	0.31774	0.32114	0.41417
923	0.31774	0.32114	0.41415
924	0.31775	0.32114	0.41417
925	0.31774	0.32113	0.41417
926	0.31771	0.3211	0.41413
927	0.31768	0.32105	0.41406
928	0.31768	0.32105	0.41406
929	0.31768	0.32107	0.41406
930	0.31769	0.32108	0.41404
931	0.3177	0.3211	0.41403
932	0.31779	0.32118	0.41409
933	0.3179	0.3213	0.41416
934	0.318	0.32139	0.4142
935	0.31805	0.32144	0.41418
936	0.31801	0.3214	0.4141
937	0.31795	0.32134	0.41401
938	0.3179	0.32129	0.41394
939	0.31787	0.32124	0.41387
940	0.31781	0.32115	0.41377
941	0.31774	0.32107	0.41366
942	0.31771	0.32103	0.41358
943	0.31765	0.32097	0.41345
944	0.31758	0.3209	0.41335
945	0.31753	0.32085	0.41328
946	0.31752	0.32084	0.41321
947	0.31747	0.32079	0.41311
948	0.3174	0.32073	0.413
949	0.31732	0.32065	0.41287
950	0.31718	0.3205	0.4127
951	0.31708	0.32041	0.41259
952	0.317	0.32033	0.41248
953	0.31689	0.3202	0.41234
954	0.31677	0.32008	0.41217
955	0.31668	0.31998	0.41206
956	0.31663	0.31992	0.41197
957	0.31656	0.31984	0.41187
958	0.31648	0.31974	0.41175
959	0.31639	0.31964	0.41157
960	0.31631	0.31955	0.41138
961	0.31625	0.31949	0.41129
962	0.31616	0.31941	0.41117
963	0.31605	0.3193	0.41104
964	0.31594	0.31918	0.41091
965	0.3158	0.31904	0.41079
966	0.31575	0.31898	0.41073
967	0.31573	0.31896	0.41071
968	0.31574	0.31897	0.41074
969	0.31579	0.31901	0.4108
970	0.31589	0.31908	0.41091
971	0.31598	0.31916	0.41102
972	0.31605	0.31921	0.41109
973	0.31615	0.3193	0.41111
974	0.3162	0.31936	0.41115
975	0.31622	0.31939	0.41123
976	0.31619	0.31937	0.41121
977	0.31613	0.31932	0.41117
978	0.31604	0.31924	0.4111
979	0.31596	0.31915	0.41099
980	0.31598	0.31917	0.41096
981	0.31602	0.31921	0.41098
982	0.31602	0.31923	0.41098
983	0.31602	0.31923	0.41097
984	0.31606	0.31925	0.4111
985	0.31609	0.31928	0.41119
986	0.31614	0.31934	0.41125
987	0.31625	0.31945	0.41133
988	0.31639	0.31959	0.41144
989	0.31655	0.31976	0.41163
990	0.31676	0.31998	0.41186
991	0.31696	0.32021	0.4121
992	0.31713	0.3204	0.41222
993	0.31736	0.32065	0.41244
994	0.31762	0.32091	0.41271
995	0.31784	0.32112	0.41303
996	0.31816	0.32147	0.41339
997	0.31831	0.32163	0.41363
998	0.31838	0.32167	0.41378
999	0.31838	0.32161	0.41373
1000	0.31831	0.32146	0.41362
1001	0.31822	0.32129	0.41351
1002	0.31815	0.32114	0.41343
1003	0.31805	0.32098	0.41342
1004	0.31793	0.32079	0.41339
1005	0.31778	0.32058	0.41334
1006	0.31761	0.32039	0.41331
1007	0.31753	0.3203	0.41347
1008	0.31746	0.32022	0.41366
1009	0.31744	0.3202	0.41387
1010	0.31757	0.32036	0.41409
1011	0.31759	0.3204	0.41419
1012	0.31767	0.32049	0.41426
1013	0.31777	0.32059	0.41426
1014	0.3179	0.32072	0.41424
1015	0.31803	0.3209	0.41425
1016	0.31818	0.3211	0.4143
1017	0.31835	0.32129	0.41436
1018	0.31851	0.32144	0.41441
1019	0.31866	0.32161	0.41448
1020	0.31878	0.32177	0.41457
1021	0.31884	0.32188	0.41464
1022	0.31886	0.32194	0.4147
1023	0.31892	0.32198	0.41476
1024	0.31902	0.32206	0.41488
1025	0.31917	0.32219	0.41507
1026	0.31931	0.32231	0.41526
1027	0.31945	0.32242	0.41541
1028	0.31958	0.32255	0.41559
1029	0.3197	0.32271	0.41582
1030	0.31984	0.32287	0.41606
1031	0.32001	0.32301	0.41625
1032	0.32018	0.32312	0.4164
1033	0.32032	0.32324	0.41654
1034	0.32038	0.32333	0.41664
1035	0.32038	0.32338	0.41668
1036	0.32039	0.32342	0.41672
1037	0.32042	0.32347	0.41673
1038	0.32044	0.32351	0.41667
1039	0.32043	0.32352	0.41657
1040	0.32041	0.32353	0.4165
1041	0.32044	0.3236	0.41651
1042	0.32052	0.32371	0.4166
1043	0.32064	0.32385	0.41674
1044	0.32077	0.32395	0.41686
1045	0.32087	0.32401	0.41695
1046	0.32095	0.32404	0.41704
1047	0.32103	0.32409	0.41717
1048	0.32112	0.32416	0.41729
1049	0.3212	0.32421	0.41742
1050	0.32126	0.32426	0.41757
1051	0.32129	0.3243	0.41766
1052	0.32129	0.32435	0.4177
1053	0.32128	0.32444	0.41776
1054	0.32134	0.32459	0.41795
1055	0.32146	0.32478	0.41823
1056	0.32157	0.32495	0.41847
1057	0.32164	0.32505	0.41863
1058	0.32166	0.32508	0.4187
1059	0.32165	0.32506	0.41869
1060	0.32163	0.325	0.41863
1061	0.32164	0.32495	0.41856
1062	0.3217	0.32494	0.41853
1063	0.32179	0.32494	0.41853
1064	0.32189	0.32495	0.41854
1065	0.32204	0.32502	0.41853
1066	0.32221	0.32515	0.41852
1067	0.32237	0.32529	0.41858
1068	0.32254	0.32543	0.41871
1069	0.3227	0.32556	0.41883
1070	0.32281	0.32565	0.4189
1071	0.32286	0.32571	0.41894
1072	0.32285	0.32574	0.41896
1073	0.32282	0.32575	0.41896
1074	0.32277	0.32576	0.41896
1075	0.32275	0.3258	0.41898
1076	0.32276	0.32587	0.41904
1077	0.32278	0.32594	0.41908
1078	0.3228	0.32599	0.41908
1079	0.32282	0.32605	0.41907
1080	0.32284	0.3261	0.41908
1081	0.32285	0.32613	0.41912
1082	0.32284	0.32613	0.41915
1083	0.32283	0.32612	0.41917
1084	0.32282	0.32612	0.41919
1085	0.32279	0.32612	0.4192
1086	0.32279	0.32612	0.4192
1087	0.32282	0.32614	0.4192
1088	0.32287	0.32618	0.41924
1089	0.32293	0.32623	0.41928
1090	0.32297	0.32625	0.41928
1091	0.32297	0.32624	0.41924
1092	0.32296	0.32619	0.41919
1093	0.32296	0.32615	0.41916
1094	0.32298	0.32614	0.4192
1095	0.323	0.32613	0.4193
1096	0.32299	0.32609	0.41938
1097	0.32295	0.32605	0.41944
1098	0.32294	0.32604	0.4195
1099	0.32293	0.32603	0.41952
1100	0.32294	0.32602	0.41954
1101	0.32297	0.32605	0.41958
1102	0.32302	0.32609	0.41963
1103	0.32302	0.32611	0.41963
1104	0.32299	0.32609	0.41959
1105	0.32293	0.32604	0.41952
1106	0.32286	0.32599	0.41944
1107	0.32279	0.32592	0.41934
1108	0.32274	0.32587	0.41927
1109	0.3227	0.32584	0.41923
1110	0.32265	0.3258	0.41921
1111	0.32262	0.32578	0.41919
1112	0.32262	0.32578	0.41918
1113	0.32266	0.32579	0.41918
1114	0.3227	0.3258	0.41919
1115	0.32276	0.32581	0.41922
1116	0.32279	0.32583	0.41927
1117	0.32276	0.32583	0.41931
1118	0.32271	0.32581	0.4193
1119	0.32263	0.32576	0.41926
1120	0.3225	0.32566	0.41917
1121	0.32235	0.32552	0.41904
1122	0.32223	0.3254	0.41892
1123	0.32212	0.3253	0.41882
1124	0.32204	0.32521	0.41872
1125	0.32197	0.32511	0.41857
1126	0.32187	0.32495	0.41837
1127	0.32174	0.32475	0.41811
1128	0.32158	0.32454	0.41783
1129	0.32141	0.32435	0.41756
1130	0.32122	0.32415	0.41729
1131	0.32099	0.3239	0.41699
1132	0.32073	0.32363	0.41668
1133	0.32043	0.32335	0.41639
1134	0.32011	0.32304	0.41612
1135	0.31977	0.32272	0.41585
1136	0.31946	0.32242	0.41558
1137	0.3192	0.32215	0.41533
1138	0.31895	0.32189	0.41507
1139	0.31865	0.32157	0.41475
1140	0.3183	0.32118	0.41438
1141	0.31793	0.32079	0.414
1142	0.31756	0.32041	0.41364
1143	0.31717	0.32002	0.41325
1144	0.31674	0.31958	0.41282
1145	0.31627	0.31909	0.41233
1146	0.31577	0.3186	0.4118
1147	0.31527	0.3181	0.41127
1148	0.31477	0.31761	0.41072
1149	0.3143	0.31713	0.41017
1150	0.31388	0.31673	0.40965
1151	0.31352	0.31639	0.4092
1152	0.31319	0.31607	0.40876
1153	0.31288	0.31574	0.40835
1154	0.3126	0.31543	0.40798
1155	0.31236	0.31516	0.40766
1156	0.31213	0.31491	0.40736
1157	0.31191	0.31465	0.40707
1158	0.31166	0.31437	0.40678
1159	0.31139	0.31408	0.40649
1160	0.31117	0.3138	0.40626
1161	0.31099	0.31357	0.40609
1162	0.31085	0.31339	0.40598
1163	0.31075	0.31326	0.40592
1164	0.31065	0.31316	0.40589
1165	0.31055	0.31307	0.40588
1166	0.31045	0.31299	0.40586
1167	0.31038	0.31292	0.40584
1168	0.31029	0.31285	0.4058
1169	0.31019	0.31278	0.40575
1170	0.31007	0.31272	0.40567
1171	0.30993	0.31262	0.40555
1172	0.30979	0.3125	0.40541
1173	0.3097	0.31241	0.40529
1174	0.30967	0.31237	0.4052
1175	0.3097	0.31236	0.40516
1176	0.30976	0.31239	0.40514
1177	0.30981	0.31245	0.40514
1178	0.30986	0.31249	0.40515
1179	0.30988	0.31253	0.40516
1180	0.30989	0.31256	0.40516
1181	0.30989	0.31256	0.40515
1182	0.30985	0.31254	0.40515
1183	0.30978	0.31248	0.40513
1184	0.30969	0.31238	0.40509
1185	0.30958	0.31225	0.40504
1186	0.3095	0.31213	0.40501
1187	0.30946	0.31205	0.405
1188	0.30944	0.31201	0.405
1189	0.30945	0.31201	0.40504
1190	0.30949	0.31205	0.4051
1191	0.30953	0.31211	0.40517
1192	0.30955	0.31216	0.40522
1193	0.30955	0.31218	0.40524
1194	0.30953	0.31219	0.40521
1195	0.3095	0.31218	0.40516
1196	0.30946	0.31216	0.40512
1197	0.30942	0.31212	0.40509
1198	0.30939	0.31209	0.40508
1199	0.30936	0.31205	0.40508
1200	0.30936	0.31203	0.4051
1201	0.30937	0.31206	0.40515
1202	0.30942	0.31212	0.40522
1203	0.3095	0.31221	0.40532
1204	0.3096	0.31231	0.40544
1205	0.30968	0.31239	0.40556
1206	0.30974	0.31242	0.40565
1207	0.30979	0.31245	0.40571
1208	0.30983	0.31245	0.40573
1209	0.30984	0.31243	0.40574
1210	0.30984	0.31241	0.40576
1211	0.30986	0.31241	0.40579
1212	0.3099	0.31245	0.40583
1213	0.30998	0.31253	0.40593
1214	0.31009	0.31267	0.40608
1215	0.31023	0.31284	0.40623
1216	0.31039	0.31304	0.40637
1217	0.31057	0.31326	0.40656
1218	0.31074	0.31346	0.40676
1219	0.31088	0.31361	0.40693
1220	0.31099	0.31373	0.40707
1221	0.3111	0.31383	0.4072
1222	0.31119	0.31392	0.40733
1223	0.31127	0.31399	0.40746
1224	0.31136	0.31406	0.40758
1225	0.31145	0.31415	0.40771
1226	0.31153	0.31424	0.40783
1227	0.31163	0.31435	0.40798
1228	0.31174	0.31449	0.4081
1229	0.31185	0.31463	0.4082
1230	0.31196	0.31476	0.40831
1231	0.31206	0.31488	0.40844
1232	0.31214	0.31497	0.40856
1233	0.31218	0.31503	0.40863
1234	0.31223	0.31509	0.40867
1235	0.3123	0.31518	0.40872
1236	0.31242	0.31529	0.40883
1237	0.31255	0.31541	0.40897
1238	0.31269	0.31551	0.40912
1239	0.31281	0.31561	0.40926
1240	0.31291	0.31571	0.40938
1241	0.313	0.31581	0.4095
1242	0.3131	0.31592	0.40963
1243	0.3132	0.31602	0.40976
1244	0.31329	0.31609	0.40988
1245	0.31335	0.31614	0.40997
1246	0.31338	0.31617	0.41001
1247	0.31336	0.31616	0.41
1248	0.31334	0.31614	0.40994
1249	0.31333	0.31613	0.4099
1250	0.31336	0.31615	0.40991
1251	0.31343	0.31618	0.40995
1252	0.31352	0.31623	0.41
1253	0.31363	0.31632	0.4101
1254	0.31377	0.31645	0.41022
1255	0.3139	0.31658	0.41036
1256	0.31404	0.31672	0.41053
1257	0.31419	0.31687	0.41073
1258	0.31433	0.31702	0.41093
1259	0.31446	0.31716	0.41108
1260	0.31455	0.31727	0.41118
1261	0.31458	0.31734	0.41123
1262	0.31457	0.31737	0.41125
1263	0.31457	0.3174	0.41126
1264	0.31459	0.31745	0.41127
1265	0.31462	0.31749	0.41127
1266	0.31465	0.31753	0.41126
1267	0.31467	0.31754	0.41124
1268	0.31465	0.3175	0.41121
1269	0.31459	0.31743	0.41116
1270	0.31452	0.31734	0.4111
1271	0.31446	0.31725	0.41106
1272	0.31441	0.31718	0.41103
1273	0.31439	0.31713	0.41101
1274	0.31439	0.31711	0.41103
1275	0.3144	0.3171	0.41109
1276	0.31443	0.31713	0.41115
1277	0.31449	0.31721	0.41124
1278	0.31456	0.31731	0.41135
1279	0.31462	0.31738	0.41145
1280	0.31463	0.31741	0.41152
1281	0.3146	0.31738	0.41156
1282	0.31452	0.31729	0.41154
1283	0.3144	0.31716	0.41143
1284	0.31427	0.31701	0.41131
1285	0.31415	0.31686	0.41121
1286	0.31403	0.31672	0.41113
1287	0.31393	0.3166	0.41104
1288	0.31386	0.3165	0.41096
1289	0.31379	0.31641	0.41087
1290	0.31371	0.31632	0.41076
1291	0.3136	0.31622	0.41066
1292	0.31348	0.31613	0.41058
1293	0.31337	0.31605	0.41053
1294	0.31325	0.31596	0.41047
1295	0.31314	0.31586	0.4104
1296	0.31302	0.31575	0.4103
1297	0.31289	0.31564	0.41018
1298	0.31277	0.31554	0.41008
1299	0.31267	0.31545	0.40998
1300	0.31257	0.31537	0.40985
1301	0.31246	0.31528	0.40972
1302	0.31232	0.31516	0.40958
1303	0.31213	0.31497	0.40938
1304	0.31189	0.31472	0.40913
1305	0.31164	0.31444	0.40885
1306	0.31142	0.31417	0.40859
1307	0.31122	0.31391	0.40835
1308	0.31102	0.31365	0.40812
1309	0.31084	0.3134	0.40789
1310	0.31065	0.31316	0.40764
1311	0.31046	0.31293	0.40736
1312	0.31025	0.3127	0.40708
1313	0.31003	0.31247	0.4068
1314	0.30974	0.3122	0.40651
1315	0.3094	0.31189	0.40619
1316	0.30899	0.3115	0.4058
1317	0.30852	0.31104	0.40533
1318	0.30806	0.31056	0.40485
1319	0.30761	0.31011	0.40439
1320	0.30718	0.30967	0.40397
1321	0.30676	0.30925	0.40358
1322	0.30635	0.30882	0.4032
1323	0.30595	0.30841	0.40282
1324	0.30555	0.308	0.40241
1325	0.30514	0.30757	0.40199
1326	0.30471	0.30712	0.40156
1327	0.30425	0.30664	0.40109
1328	0.30381	0.30616	0.40064
1329	0.30338	0.30569	0.40016
1330	0.30293	0.30519	0.39962
1331	0.30247	0.30469	0.39904
1332	0.30201	0.30421	0.39844
1333	0.30155	0.30375	0.39785
1334	0.30111	0.30331	0.39729
1335	0.30067	0.30289	0.39676
1336	0.30022	0.30245	0.39624
1337	0.29975	0.30199	0.39572
1338	0.29923	0.30148	0.39518
1339	0.29867	0.30093	0.39462
1340	0.29809	0.30035	0.39407
1341	0.29754	0.29979	0.39353
1342	0.29705	0.29927	0.39303
1343	0.29659	0.29878	0.39254
1344	0.29613	0.29829	0.39199
1345	0.29566	0.29779	0.39142
1346	0.2952	0.29731	0.39084
1347	0.29471	0.2968	0.39029
1348	0.29424	0.29631	0.38979
1349	0.29381	0.29586	0.38932
1350	0.2934	0.29542	0.38887
1351	0.29299	0.29498	0.38847
1352	0.29257	0.29454	0.38809
1353	0.29213	0.2941	0.38773
1354	0.2917	0.29366	0.38736
1355	0.29126	0.29323	0.38696
1356	0.29085	0.29281	0.38655
1357	0.29046	0.29242	0.38615
1358	0.29007	0.29204	0.38575
1359	0.28965	0.29164	0.38532
1360	0.2892	0.2912	0.38485
1361	0.28867	0.29068	0.38435
1362	0.28811	0.29012	0.38379
1363	0.28754	0.28953	0.3832
1364	0.28695	0.28892	0.38259
1365	0.28632	0.28827	0.38197
1366	0.28565	0.28758	0.38126
1367	0.28492	0.28682	0.38044
1368	0.28415	0.28601	0.37955
1369	0.28334	0.28516	0.37858
1370	0.2825	0.28427	0.37757
1371	0.28162	0.28335	0.37653
1372	0.28067	0.28238	0.37539
1373	0.27965	0.28133	0.37415
1374	0.27856	0.28021	0.37284
1375	0.27735	0.27897	0.37143
1376	0.27605	0.27764	0.36992
1377	0.27465	0.27621	0.36831
1378	0.27316	0.27469	0.36662
1379	0.27154	0.27305	0.3648
1380	0.26981	0.2713	0.36282
1381	0.26793	0.2694	0.36066
1382	0.26595	0.26737	0.35838
1383	0.26382	0.2652	0.35593
1384	0.26157	0.26289	0.35332
1385	0.25918	0.26045	0.35053
1386	0.25666	0.2579	0.34755
1387	0.25404	0.25523	0.34441
1388	0.2513	0.25246	0.34114
1389	0.24841	0.24953	0.33769
1390	0.24542	0.2465	0.33408
1391	0.24236	0.24337	0.33034
1392	0.23924	0.24016	0.32653
1393	0.23605	0.2369	0.32261
1394	0.23281	0.23359	0.31862
1395	0.2295	0.23022	0.31456
1396	0.22616	0.22683	0.31045
1397	0.22279	0.2234	0.30628
1398	0.21942	0.21998	0.30207
1399	0.21607	0.21659	0.29785
1400	0.21275	0.21325	0.29366
1401	0.20949	0.20996	0.28951
1402	0.20627	0.20672	0.28542
1403	0.20307	0.20352	0.28136
1404	0.19998	0.2004	0.27738
1405	0.19699	0.19737	0.2735
1406	0.19412	0.19445	0.26976
1407	0.1914	0.19169	0.26622
1408	0.18882	0.18907	0.26286
1409	0.18633	0.18654	0.2596
1410	0.18395	0.18411	0.25645
1411	0.18165	0.18176	0.25337
1412	0.17944	0.17952	0.25043
1413	0.17734	0.17739	0.24761
1414	0.17537	0.1754	0.24494
1415	0.17353	0.17355	0.24243
1416	0.17178	0.17181	0.24005
1417	0.17007	0.17013	0.23777
1418	0.16847	0.16855	0.23563
1419	0.16699	0.16709	0.23365
1420	0.16566	0.16577	0.23185
1421	0.16448	0.1646	0.23023
1422	0.16339	0.1635	0.22871
1423	0.16234	0.16242	0.22724
1424	0.16133	0.16139	0.22585
1425	0.16037	0.16042	0.22454
1426	0.1595	0.15954	0.22335
1427	0.1587	0.15872	0.22224
1428	0.15795	0.15794	0.2212
1429	0.15724	0.15722	0.22024
1430	0.15656	0.15654	0.21935
1431	0.15589	0.15587	0.21848
1432	0.15527	0.15525	0.21767
1433	0.15472	0.15471	0.21696
1434	0.15424	0.15424	0.21633
1435	0.15381	0.15381	0.21578
1436	0.15342	0.15343	0.2153
1437	0.15306	0.15308	0.21486
1438	0.15273	0.15276	0.21448
1439	0.15246	0.15251	0.21417
1440	0.15222	0.1523	0.21391
1441	0.15202	0.1521	0.21368
1442	0.15186	0.15194	0.2135
1443	0.15173	0.15181	0.21337
1444	0.15161	0.1517	0.21325
1445	0.15148	0.15158	0.21311
1446	0.15131	0.1514	0.21293
1447	0.15113	0.15121	0.21274
1448	0.15098	0.15105	0.21258
1449	0.15088	0.15092	0.21248
1450	0.15081	0.15084	0.21242
1451	0.15087	0.15093	0.21252
1452	0.15089	0.15095	0.21258
1453	0.15092	0.15097	0.21267
1454	0.15097	0.15102	0.21278
1455	0.15103	0.15108	0.21292
1456	0.1511	0.15116	0.21308
1457	0.15121	0.15127	0.21328
1458	0.15135	0.15141	0.21354
1459	0.15152	0.15158	0.21384
1460	0.15172	0.15179	0.21417
1461	0.15196	0.15203	0.21456
1462	0.15222	0.1523	0.21499
1463	0.15252	0.15261	0.21547
1464	0.15285	0.15294	0.21598
1465	0.1532	0.15331	0.21653
1466	0.15358	0.1537	0.21714
1467	0.154	0.15413	0.21779
1468	0.15443	0.15458	0.21847
1469	0.15488	0.15505	0.21918
1470	0.15534	0.15553	0.21992
1471	0.15583	0.15602	0.22068
1472	0.15635	0.15656	0.22149
1473	0.1569	0.15713	0.22235
1474	0.1575	0.15773	0.22326
1475	0.15812	0.15836	0.22421
1476	0.15877	0.15902	0.22519
1477	0.15945	0.15971	0.22621
1478	0.16014	0.16041	0.22726
1479	0.16085	0.16113	0.22832
1480	0.16157	0.16187	0.22941
1481	0.16232	0.16264	0.23053
1482	0.16308	0.16341	0.23167
1483	0.16386	0.1642	0.23282
1484	0.16464	0.16499	0.23398
1485	0.16544	0.16581	0.23516
1486	0.16626	0.16663	0.23635
1487	0.16708	0.16746	0.23755
1488	0.16791	0.16831	0.23876
1489	0.16876	0.16917	0.23999
1490	0.16961	0.17004	0.24123
1491	0.17047	0.17092	0.24249
1492	0.17134	0.1718	0.24374
1493	0.17221	0.17269	0.245
1494	0.1731	0.17359	0.24626
1495	0.17399	0.1745	0.24753
1496	0.17489	0.1754	0.24878
1497	0.17578	0.1763	0.25004
1498	0.17667	0.1772	0.25129
1499	0.17757	0.1781	0.25253
1500	0.17845	0.17898	0.25376
1501	0.17932	0.17986	0.25499
1502	0.18019	0.18074	0.25621
1503	0.18105	0.18161	0.25742
1504	0.18192	0.18249	0.25863
1505	0.1828	0.18337	0.25985
1506	0.18368	0.18426	0.26107
1507	0.18457	0.18515	0.26229
1508	0.18545	0.18603	0.26351
1509	0.18633	0.18689	0.2647
1510	0.1872	0.18776	0.2659
1511	0.18808	0.18864	0.26711
1512	0.18897	0.18953	0.26832
1513	0.18984	0.19041	0.26953
1514	0.19071	0.19129	0.27073
1515	0.19157	0.19215	0.27191
1516	0.19242	0.19301	0.27306
1517	0.19325	0.19385	0.27421
1518	0.19408	0.1947	0.27534
1519	0.19491	0.19554	0.27647
1520	0.19574	0.19639	0.27759
1521	0.19656	0.19722	0.2787
1522	0.19739	0.19806	0.27981
1523	0.19821	0.19889	0.28092
1524	0.19902	0.19973	0.28201
1525	0.19983	0.20055	0.28308
1526	0.20063	0.20137	0.28415
1527	0.20143	0.20218	0.28521
1528	0.20221	0.20298	0.28625
1529	0.20299	0.20376	0.28727
1530	0.20376	0.20454	0.2883
1531	0.20452	0.20531	0.28931
1532	0.20526	0.20607	0.2903
1533	0.20601	0.20681	0.29129
1534	0.20675	0.20756	0.29227
1535	0.20748	0.20829	0.29324
1536	0.2082	0.20901	0.2942
1537	0.20891	0.20972	0.29514
1538	0.2096	0.21043	0.29606
1539	0.21029	0.21113	0.29698
1540	0.21099	0.21184	0.29791
1541	0.21168	0.21254	0.29882
1542	0.21235	0.21322	0.2997
1543	0.21301	0.21389	0.30057
1544	0.21367	0.21456	0.30143
1545	0.21433	0.21523	0.30229
1546	0.215	0.21592	0.30316
1547	0.21568	0.21661	0.30404
1548	0.21635	0.21729	0.30491
1549	0.21701	0.21796	0.30575
1550	0.21765	0.2186	0.30656
1551	0.21827	0.21923	0.30736
1552	0.21888	0.21985	0.30815
1553	0.2195	0.22048	0.30894
1554	0.22013	0.22111	0.30973
1555	0.22075	0.22173	0.31051
1556	0.22135	0.22233	0.31128
1557	0.22193	0.22292	0.31203
1558	0.2225	0.22349	0.31276
1559	0.22306	0.22406	0.31348
1560	0.22361	0.22462	0.31419
1561	0.22416	0.22518	0.31489
1562	0.22471	0.22572	0.3156
1563	0.22525	0.22626	0.3163
1564	0.22579	0.2268	0.317
1565	0.22631	0.22731	0.31768
1566	0.22682	0.22781	0.31836
1567	0.22733	0.22831	0.31903
1568	0.22783	0.22881	0.3197
1569	0.22832	0.2293	0.32035
1570	0.2288	0.22978	0.32099
1571	0.22928	0.23026	0.32162
1572	0.22976	0.23073	0.32224
1573	0.23022	0.2312	0.32284
1574	0.23067	0.23167	0.32344
1575	0.23112	0.23214	0.32404
1576	0.23158	0.2326	0.32463
1577	0.23203	0.23306	0.32522
1578	0.23248	0.23353	0.32581
1579	0.23294	0.234	0.3264
1580	0.23341	0.23447	0.32699
1581	0.23388	0.23494	0.32757
1582	0.23435	0.2354	0.32816
1583	0.23481	0.23586	0.32874
1584	0.23526	0.23631	0.3293
1585	0.2357	0.23674	0.32984
1586	0.23613	0.23717	0.33038
1587	0.23657	0.23762	0.33092
1588	0.23702	0.23809	0.33149
1589	0.23746	0.23854	0.33205
1590	0.23787	0.23897	0.33259
1591	0.23827	0.23938	0.33312
1592	0.23866	0.23978	0.33363
1593	0.23904	0.24017	0.33413
1594	0.23943	0.24057	0.33462
1595	0.23982	0.24098	0.33512
1596	0.24022	0.24138	0.33563
1597	0.2406	0.24177	0.33615
1598	0.24098	0.24215	0.33665
1599	0.24136	0.24254	0.33716
1600	0.24175	0.24293	0.33766
1601	0.24211	0.2433	0.33816
1602	0.24247	0.24367	0.33864
1603	0.24282	0.24404	0.33912
1604	0.24317	0.2444	0.3396
1605	0.24353	0.24477	0.34007
1606	0.24389	0.24514	0.34055
1607	0.24425	0.2455	0.34102
1608	0.2446	0.24585	0.34147
1609	0.24495	0.24621	0.34193
1610	0.24531	0.24658	0.34239
1611	0.24566	0.24694	0.34286
1612	0.24601	0.2473	0.34332
1613	0.24636	0.24766	0.34376
1614	0.2467	0.248	0.3442
1615	0.24703	0.24834	0.34463
1616	0.24736	0.24868	0.34504
1617	0.2477	0.249	0.34545
1618	0.24803	0.24933	0.34586
1619	0.24834	0.24964	0.34625
1620	0.24865	0.24995	0.34663
1621	0.24895	0.25026	0.34699
1622	0.24926	0.25056	0.34736
1623	0.24956	0.25087	0.34773
1624	0.24984	0.25115	0.34808
1625	0.2501	0.25141	0.34842
1626	0.25036	0.25166	0.34875
1627	0.25062	0.25192	0.34908
1628	0.25087	0.25216	0.34938
1629	0.25111	0.2524	0.34969
1630	0.25134	0.25263	0.35
1631	0.25157	0.25286	0.35032
1632	0.2518	0.25308	0.35062
1633	0.25202	0.2533	0.35091
1634	0.25224	0.25352	0.35121
1635	0.25246	0.25374	0.3515
1636	0.25265	0.25395	0.35178
1637	0.25284	0.25413	0.35204
1638	0.25301	0.2543	0.35231
1639	0.25319	0.25449	0.35256
1640	0.25337	0.25466	0.3528
1641	0.25356	0.25485	0.35304
1642	0.25373	0.25503	0.35327
1643	0.25391	0.2552	0.35351
1644	0.2541	0.25539	0.35375
1645	0.25427	0.25557	0.35398
1646	0.25442	0.25573	0.35419
1647	0.25457	0.25588	0.35441
1648	0.25471	0.25604	0.35463
1649	0.25484	0.25619	0.35483
1650	0.25496	0.25632	0.35501
1651	0.25507	0.25645	0.3552
1652	0.25518	0.25656	0.35537
1653	0.25526	0.25664	0.35552
1654	0.25531	0.25669	0.35564
1655	0.25534	0.25673	0.35575
1656	0.25537	0.25676	0.35585
1657	0.25541	0.25679	0.35594
1658	0.25545	0.25682	0.35603
1659	0.25547	0.25685	0.35612
1660	0.25549	0.25687	0.35621
1661	0.25551	0.25688	0.35631
1662	0.25553	0.25688	0.3564
1663	0.25552	0.25687	0.35648
1664	0.25552	0.25685	0.35657
1665	0.25554	0.25686	0.35667
1666	0.25556	0.25688	0.35678
1667	0.25556	0.25688	0.35686
1668	0.25554	0.25687	0.35692
1669	0.25551	0.25685	0.35698
1670	0.25549	0.25684	0.35703
1671	0.25547	0.25682	0.35709
1672	0.25544	0.25681	0.35714
1673	0.25542	0.25679	0.35719
1674	0.25538	0.25675	0.35722
1675	0.25536	0.25672	0.35726
1676	0.25534	0.25669	0.35729
1677	0.25532	0.25666	0.35732
1678	0.2553	0.25663	0.35733
1679	0.25529	0.2566	0.35735
1680	0.25527	0.25655	0.35734
1681	0.25522	0.25648	0.35731
1682	0.25516	0.2564	0.35728
1683	0.25511	0.25634	0.35725
1684	0.25504	0.25626	0.35722
1685	0.25496	0.25617	0.35717
1686	0.25484	0.25604	0.3571
1687	0.25469	0.25588	0.35699
1688	0.25452	0.2557	0.35684
1689	0.25436	0.25552	0.35668
1690	0.2542	0.25535	0.35653
1691	0.25403	0.25517	0.35639
1692	0.25386	0.255	0.35625
1693	0.25371	0.25485	0.35613
1694	0.25356	0.25468	0.35601
1695	0.25339	0.25448	0.35587
1696	0.25321	0.25428	0.35573
1697	0.25304	0.25409	0.3556
1698	0.25285	0.2539	0.35546
1699	0.25264	0.2537	0.35533
1700	0.25245	0.2535	0.35519
1701	0.25226	0.25332	0.35504
1702	0.25205	0.25313	0.35487
1703	0.25183	0.25292	0.35468
1704	0.25162	0.25272	0.35451
1705	0.25143	0.25254	0.35433
1706	0.25124	0.25236	0.35416
1707	0.25106	0.25217	0.35399
1708	0.25086	0.25197	0.35381
1709	0.25067	0.25177	0.35361
1710	0.25049	0.25157	0.3534
1711	0.25031	0.25138	0.35319
1712	0.25013	0.25119	0.35296
1713	0.24994	0.25101	0.35273
1714	0.24976	0.2508	0.3525
1715	0.24957	0.25058	0.35225
1716	0.24935	0.25033	0.35198
1717	0.2491	0.25006	0.3517
1718	0.24885	0.24981	0.35142
1719	0.2486	0.24956	0.35114
1720	0.24832	0.24928	0.35085
1721	0.24801	0.24897	0.35052
1722	0.24769	0.24865	0.35018
1723	0.24739	0.24834	0.34983
1724	0.24711	0.24805	0.34951
1725	0.24683	0.24778	0.34921
1726	0.24654	0.2475	0.34891
1727	0.24624	0.2472	0.3486
1728	0.24597	0.24692	0.34831
1729	0.24571	0.24665	0.34803
1730	0.24545	0.24637	0.34775
1731	0.24518	0.2461	0.34747
1732	0.24492	0.24585	0.34721
1733	0.24467	0.2456	0.34696
1734	0.24441	0.24534	0.34672
1735	0.24416	0.24508	0.34647
1736	0.24392	0.24483	0.34623
1737	0.24369	0.24458	0.346
1738	0.24345	0.24434	0.34576
1739	0.24321	0.2441	0.34551
1740	0.24297	0.24385	0.34524
1741	0.24271	0.24361	0.34495
1742	0.24246	0.24336	0.34467
1743	0.24222	0.24313	0.3444
1744	0.24199	0.2429	0.34414
1745	0.24174	0.24266	0.34387
1746	0.24148	0.24241	0.34356
1747	0.24121	0.24214	0.34325
1748	0.24094	0.24186	0.34293
1749	0.24065	0.24154	0.34258
1750	0.24031	0.24118	0.3422
1751	0.23996	0.2408	0.34181
1752	0.2396	0.24042	0.34141
1753	0.23923	0.24004	0.34101
1754	0.23884	0.23966	0.34061
1755	0.23844	0.23926	0.3402
1756	0.23803	0.23884	0.33977
1757	0.23764	0.23845	0.33936
1758	0.23728	0.23809	0.33896
1759	0.23692	0.23772	0.33856
1760	0.23656	0.23735	0.33817
1761	0.23622	0.23699	0.33778
1762	0.23588	0.23665	0.33738
1763	0.23556	0.23631	0.33699
1764	0.23524	0.23598	0.33662
1765	0.23496	0.23569	0.3363
1766	0.23469	0.23542	0.336
1767	0.2344	0.23511	0.33568
1768	0.23408	0.23479	0.33534
1769	0.23377	0.23448	0.33502
1770	0.23346	0.23417	0.33471
1771	0.23316	0.23387	0.3344
1772	0.23288	0.23359	0.3341
1773	0.23263	0.23334	0.33383
1774	0.23238	0.23312	0.33355
1775	0.23215	0.2329	0.33326
1776	0.23193	0.2327	0.33298
1777	0.23174	0.23252	0.33273
1778	0.23159	0.2324	0.33254
1779	0.23149	0.23231	0.33239
1780	0.23137	0.23221	0.33223
1781	0.23124	0.23208	0.33204
1782	0.23112	0.23196	0.33186
1783	0.23102	0.23184	0.33171
1784	0.23092	0.23172	0.33158
1785	0.23081	0.23157	0.33142
1786	0.23076	0.23151	0.33134
1787	0.23075	0.23152	0.33132
1788	0.23066	0.23146	0.33124
1789	0.23052	0.23133	0.33112
1790	0.23041	0.23123	0.33102
1791	0.23037	0.23118	0.33097
1792	0.23036	0.23119	0.331
1793	0.2304	0.23125	0.3311
1794	0.23045	0.23134	0.33124
1795	0.23048	0.23139	0.33133
1796	0.23051	0.23142	0.3314
1797	0.23053	0.23145	0.33149
1798	0.23055	0.23146	0.33157
1799	0.2306	0.23151	0.3317
1800	0.23071	0.23161	0.33193
1801	0.23083	0.23173	0.33219
1802	0.23088	0.23179	0.3324
1803	0.2309	0.23181	0.33257
1804	0.231	0.23194	0.33278
1805	0.23119	0.23215	0.33303
1806	0.23145	0.23243	0.33333
1807	0.23176	0.23275	0.33366
1808	0.23202	0.23301	0.33395
1809	0.2322	0.23317	0.33415
1810	0.23231	0.23327	0.3343
1811	0.2324	0.2334	0.33447
1812	0.23252	0.23356	0.33466
1813	0.23267	0.23372	0.3348
1814	0.23283	0.23388	0.3349
1815	0.23296	0.234	0.33501
1816	0.23304	0.23409	0.3351
1817	0.23313	0.23419	0.3352
1818	0.23324	0.23433	0.33532
1819	0.23334	0.23446	0.33539
1820	0.23342	0.23455	0.33538
1821	0.23349	0.23462	0.33533
1822	0.23357	0.23473	0.33533
1823	0.23359	0.23475	0.33529
1824	0.23353	0.23466	0.33522
1825	0.2335	0.23461	0.33524
1826	0.2335	0.2346	0.33526
1827	0.23347	0.23458	0.33525
1828	0.23345	0.23459	0.33528
1829	0.23349	0.23463	0.33536
1830	0.2335	0.23459	0.33538
1831	0.23333	0.23434	0.33519
1832	0.23307	0.234	0.33492
1833	0.2329	0.2338	0.33474
1834	0.2328	0.23372	0.33462
1835	0.23272	0.23366	0.33459
1836	0.23261	0.23355	0.33456
1837	0.23244	0.23339	0.33447
1838	0.23227	0.23324	0.33429
1839	0.23212	0.23311	0.33409
1840	0.23199	0.23299	0.33387
1841	0.23179	0.23277	0.33359
1842	0.23151	0.23247	0.33328
1843	0.23111	0.23204	0.33288
1844	0.23051	0.23144	0.33231
1845	0.22982	0.23079	0.33163
1846	0.22916	0.23018	0.33096
1847	0.22854	0.22958	0.33028
1848	0.22788	0.22889	0.32946
1849	0.2271	0.22805	0.32846
1850	0.22621	0.22711	0.32737
1851	0.22529	0.22618	0.32628
1852	0.22437	0.22523	0.3251
1853	0.22338	0.22423	0.32382
1854	0.22231	0.22312	0.32242
1855	0.22116	0.22191	0.32086
1856	0.21994	0.2206	0.31917
1857	0.21863	0.21921	0.31741
1858	0.21722	0.21773	0.31559
1859	0.21568	0.21615	0.31366
1860	0.21409	0.21449	0.31161
1861	0.21243	0.21273	0.30938
1862	0.21061	0.21085	0.30691
1863	0.20867	0.20885	0.30425
1864	0.20666	0.20675	0.30147
1865	0.20449	0.20449	0.29848
1866	0.20208	0.20199	0.29513
1867	0.19944	0.1993	0.29145
1868	0.19677	0.19662	0.28769
1869	0.19411	0.194	0.28393
1870	0.19127	0.19119	0.27999
1871	0.18817	0.18806	0.27568
1872	0.18488	0.18472	0.271
1873	0.18141	0.18123	0.26603
1874	0.17778	0.17761	0.26082
1875	0.17404	0.17386	0.25544
1876	0.17021	0.17002	0.24991
1877	0.16631	0.16612	0.24421
1878	0.16234	0.16214	0.23832
1879	0.1583	0.1581	0.23223
1880	0.15422	0.15402	0.22595
1881	0.15015	0.14993	0.21957
1882	0.14609	0.14581	0.21313
1883	0.142	0.14168	0.20661
1884	0.13789	0.13753	0.19994
1885	0.13381	0.13343	0.19319
1886	0.12987	0.12948	0.18652
1887	0.1261	0.12568	0.18
1888	0.12239	0.12195	0.17352
1889	0.11868	0.11825	0.16705
1890	0.11505	0.11466	0.16063
1891	0.11159	0.11122	0.15437
1892	0.10827	0.10795	0.14831
1893	0.10515	0.10485	0.14247
1894	0.10226	0.10193	0.13685
1895	0.099472	0.09909	0.13134
1896	0.096753	0.096311	0.12595
1897	0.094115	0.09365	0.12071
1898	0.091622	0.091178	0.11569
1899	0.089321	0.088898	0.11095
1900	0.087181	0.086786	0.1065
1901	0.085171	0.084826	0.10233
1902	0.083278	0.082982	0.098306
1903	0.081516	0.081263	0.094513
1904	0.079913	0.079694	0.091077
1905	0.078446	0.07825	0.087952
1906	0.077067	0.076873	0.08494
1907	0.075757	0.075548	0.081998
1908	0.074555	0.074353	0.079312
1909	0.073427	0.073276	0.076912
1910	0.072428	0.072323	0.074765
1911	0.071657	0.071558	0.072894
1912	0.071053	0.07093	0.071241
1913	0.070476	0.070317	0.069661
1914	0.06993	0.069732	0.068174
1915	0.069402	0.069186	0.066805
1916	0.068891	0.068678	0.065554
1917	0.068458	0.068244	0.064483
1918	0.068119	0.067894	0.063606
1919	0.067857	0.067616	0.062851
1920	0.0676	0.067347	0.06212
1921	0.067357	0.06709	0.061481
1922	0.067148	0.066858	0.060991
1923	0.066953	0.066639	0.060599
1924	0.066746	0.066437	0.060208
1925	0.06655	0.066258	0.059846
1926	0.066435	0.06613	0.059619
1927	0.0664	0.066052	0.059522
1928	0.066392	0.065982	0.059455
1929	0.066402	0.065914	0.059396
1930	0.066379	0.065847	0.059374
1931	0.066335	0.065802	0.059414
1932	0.06637	0.065852	0.059583
1933	0.066444	0.065949	0.059831
1934	0.066525	0.06606	0.060141
1935	0.066655	0.066221	0.060528
1936	0.066839	0.066427	0.060985
1937	0.06703	0.066611	0.061434
1938	0.067201	0.066747	0.061847
1939	0.067415	0.066928	0.062376
1940	0.067719	0.067198	0.06307
1941	0.068061	0.067511	0.063817
1942	0.068387	0.067823	0.064551
1943	0.068696	0.068133	0.065312
1944	0.069006	0.068438	0.066143
1945	0.069343	0.068761	0.067033
1946	0.069786	0.069194	0.067981
1947	0.070308	0.069709	0.068961
1948	0.070736	0.070141	0.069868
1949	0.071035	0.070456	0.070676
1950	0.071346	0.070805	0.071534
1951	0.071698	0.071219	0.072462
1952	0.072075	0.07165	0.073417
1953	0.072427	0.072028	0.074343
1954	0.072727	0.072343	0.075215
1955	0.073034	0.072641	0.076052
1956	0.073362	0.072937	0.076877
1957	0.073689	0.073267	0.077743
1958	0.074018	0.073636	0.078649
1959	0.07435	0.07399	0.079532
1960	0.074692	0.074327	0.080373
1961	0.075045	0.074665	0.081248
1962	0.075399	0.075019	0.08218
1963	0.075742	0.075383	0.083132
1964	0.076094	0.075762	0.084104
1965	0.076482	0.076182	0.085131
1966	0.076913	0.076659	0.086223
1967	0.077355	0.077152	0.087338
1968	0.077771	0.077585	0.08841
1969	0.078154	0.07796	0.089434
1970	0.078532	0.078343	0.090441
1971	0.078928	0.078757	0.091451
1972	0.079304	0.079146	0.092494
1973	0.079648	0.079499	0.093568
1974	0.080019	0.079879	0.094677
1975	0.080479	0.080345	0.09586
1976	0.081014	0.080892	0.097124
1977	0.081608	0.081492	0.098455
1978	0.082238	0.08212	0.09981
1979	0.082844	0.082714	0.10111
1980	0.083442	0.083293	0.10238
1981	0.084125	0.083973	0.10373
1982	0.08488	0.084743	0.10515
1983	0.08551	0.085427	0.10647
1984	0.085984	0.085995	0.1077
1985	0.086424	0.08653	0.1089
1986	0.086898	0.087066	0.11009
1987	0.087394	0.087588	0.11127
1988	0.087932	0.088117	0.1125
1989	0.088508	0.088651	0.11375
1990	0.08904	0.089114	0.11495
1991	0.089553	0.089541	0.1161
1992	0.090086	0.090064	0.1173
1993	0.090624	0.090671	0.11857
1994	0.091129	0.091196	0.11978
1995	0.091587	0.091595	0.1209
1996	0.092075	0.092029	0.12207
1997	0.092638	0.092588	0.12339
1998	0.093209	0.093179	0.12472
1999	0.093738	0.093728	0.12595
2000	0.094314	0.094329	0.12721
2001	0.095075	0.095109	0.1287
2002	0.095937	0.095974	0.13033
2003	0.096644	0.096686	0.13178
2004	0.097236	0.097283	0.13311
2005	0.09786	0.097905	0.13446
2006	0.098507	0.09855	0.13581
2007	0.099199	0.099252	0.13726
2008	0.099944	0.10002	0.13881
2009	0.10071	0.10079	0.14033
2010	0.10152	0.10156	0.14178
2011	0.10237	0.10235	0.14321
2012	0.10321	0.10316	0.14467
2013	0.10408	0.104	0.14615
2014	0.10503	0.10493	0.14765
2015	0.10599	0.10588	0.14915
2016	0.10677	0.10669	0.15055
2017	0.10744	0.10739	0.1519
2018	0.10808	0.10807	0.15322
2019	0.10868	0.10872	0.15451
2020	0.10924	0.10937	0.15575
2021	0.10978	0.10998	0.15693
2022	0.11034	0.11055	0.15809
2023	0.11099	0.11117	0.15932
2024	0.11171	0.11186	0.1606
2025	0.11237	0.11248	0.16178
2026	0.11285	0.11293	0.16275
2027	0.11325	0.11338	0.16369
2028	0.11369	0.11393	0.16469
2029	0.11414	0.1144	0.16562
2030	0.11454	0.11474	0.16642
2031	0.1149	0.11507	0.16716
2032	0.1153	0.1155	0.16795
2033	0.11574	0.11594	0.16877
2034	0.11613	0.11632	0.16951
2035	0.11652	0.11672	0.17027
2036	0.11704	0.11726	0.17121
2037	0.11761	0.11782	0.17223
2038	0.11801	0.1182	0.17306
2039	0.11824	0.11846	0.1737
2040	0.11865	0.1189	0.17452
2041	0.11924	0.11952	0.17554
2042	0.11977	0.12005	0.1765
2043	0.1202	0.12049	0.17741
2044	0.12072	0.12104	0.17838
2045	0.12136	0.1217	0.17939
2046	0.12202	0.12233	0.18036
2047	0.12266	0.12293	0.18135
2048	0.12337	0.12365	0.18244
2049	0.12425	0.12459	0.18363
2050	0.12514	0.1255	0.18477
2051	0.12571	0.12604	0.18571
2052	0.12603	0.12633	0.18654
2053	0.12657	0.1269	0.18758
2054	0.12732	0.12774	0.18879
2055	0.12788	0.12838	0.18983
2056	0.12824	0.1288	0.19066
2057	0.1286	0.12914	0.19142
2058	0.12903	0.1295	0.19219
2059	0.12948	0.12996	0.19303
2060	0.1299	0.13043	0.1939
2061	0.1302	0.13076	0.19467
2062	0.13035	0.13094	0.1953
2063	0.13052	0.13118	0.19596
2064	0.13089	0.13155	0.19672
2065	0.13136	0.13194	0.1975
2066	0.13177	0.13226	0.19825
2067	0.13212	0.13258	0.199
2068	0.13248	0.13294	0.19977
2069	0.13286	0.1333	0.20055
2070	0.13321	0.13361	0.20136
2071	0.13357	0.13396	0.2022
2072	0.13406	0.13448	0.20309
2073	0.13461	0.13511	0.20398
2074	0.13508	0.13564	0.20483
2075	0.13549	0.1361	0.20567
2076	0.13604	0.13671	0.20663
2077	0.13668	0.13739	0.20766
2078	0.13729	0.13798	0.2086
2079	0.13792	0.13856	0.20951
2080	0.1386	0.13916	0.21041
2081	0.13926	0.13973	0.21124
2082	0.1399	0.14026	0.21201
2083	0.14058	0.14087	0.21287
2084	0.14129	0.14156	0.21379
2085	0.14177	0.14205	0.21453
2086	0.14198	0.14225	0.21507
2087	0.14222	0.14246	0.2157
2088	0.14264	0.1429	0.2165
2089	0.14305	0.1434	0.21723
2090	0.14322	0.14364	0.21771
2091	0.1433	0.14371	0.21816
2092	0.14362	0.14398	0.21888
2093	0.14415	0.14445	0.21975
2094	0.14465	0.14492	0.22053
2095	0.145	0.1453	0.22123
2096	0.14529	0.14559	0.22191
2097	0.14559	0.14586	0.22256
2098	0.14591	0.14616	0.22318
2099	0.14631	0.14658	0.22387
2100	0.14688	0.14719	0.22478
2101	0.14751	0.14783	0.22581
2102	0.14797	0.1483	0.22666
2103	0.14825	0.14865	0.22734
2104	0.14852	0.14902	0.22811
2105	0.14893	0.14943	0.22906
2106	0.14953	0.15	0.23011
2107	0.15023	0.15074	0.23112
2108	0.15093	0.15152	0.23203
2109	0.15157	0.15215	0.23293
2110	0.15221	0.1527	0.23386
2111	0.15298	0.15338	0.23486
2112	0.1539	0.15418	0.23592
2113	0.15469	0.1548	0.23681
2114	0.1552	0.15515	0.23745
2115	0.15551	0.15538	0.23798
2116	0.15575	0.15564	0.23848
2117	0.15609	0.15604	0.23907
2118	0.15649	0.15653	0.23976
2119	0.15676	0.15697	0.24048
2120	0.15683	0.1573	0.2411
2121	0.15683	0.1575	0.24154
2122	0.15699	0.15769	0.24199
2123	0.15722	0.15791	0.24258
2124	0.15733	0.15804	0.24321
2125	0.1574	0.15813	0.24373
2126	0.15768	0.15841	0.24431
2127	0.15818	0.15889	0.24514
2128	0.15869	0.15937	0.24602
2129	0.15906	0.1597	0.24663
2130	0.15921	0.15979	0.24688
2131	0.15917	0.15974	0.247
2132	0.159	0.15967	0.24718
2133	0.15885	0.15966	0.24739
2134	0.15885	0.1598	0.24768
2135	0.15899	0.16008	0.24813
2136	0.15921	0.16035	0.24872
2137	0.15936	0.1605	0.24925
2138	0.15952	0.16069	0.24978
2139	0.15984	0.16108	0.25054
2140	0.16021	0.16147	0.25143
2141	0.16063	0.16183	0.25228
2142	0.16129	0.16246	0.25315
2143	0.16202	0.16321	0.25402
2144	0.16251	0.16362	0.25475
2145	0.16285	0.16379	0.25541
2146	0.16327	0.16404	0.25606
2147	0.16365	0.16424	0.25655
2148	0.16384	0.16429	0.25689
2149	0.16393	0.16427	0.25722
2150	0.16397	0.16427	0.25756
2151	0.16397	0.16429	0.25779
2152	0.164	0.16434	0.25799
2153	0.16415	0.16446	0.25832
2154	0.16425	0.16452	0.25868
2155	0.1643	0.16451	0.25896
2156	0.16444	0.16447	0.25916
2157	0.1647	0.16442	0.25939
2158	0.16492	0.1644	0.25971
2159	0.16502	0.16443	0.25999
2160	0.16519	0.1646	0.26016
2161	0.16554	0.16497	0.26036
2162	0.16584	0.16532	0.26059
2163	0.16589	0.16541	0.26073
2164	0.16577	0.16535	0.26068
2165	0.16563	0.16528	0.26046
2166	0.16542	0.16518	0.26015
2167	0.16517	0.16516	0.25998
2168	0.16497	0.16528	0.25997
2169	0.16491	0.16547	0.25999
2170	0.16496	0.16569	0.26003
2171	0.16502	0.16593	0.26021
2172	0.16518	0.16629	0.26066
2173	0.16548	0.1668	0.26128
2174	0.16577	0.1673	0.26188
2175	0.1659	0.16759	0.26231
2176	0.16594	0.16778	0.26267
2177	0.16615	0.16817	0.26313
2178	0.16657	0.16877	0.26366
2179	0.16686	0.16916	0.26406
2180	0.16684	0.16911	0.26425
2181	0.16687	0.16902	0.26444
2182	0.16716	0.16919	0.26465
2183	0.16744	0.16936	0.2648
2184	0.16755	0.16938	0.26504
2185	0.16769	0.16944	0.26544
2186	0.16792	0.16964	0.26585
2187	0.16813	0.16981	0.26616
2188	0.16831	0.16984	0.26646
2189	0.16846	0.16976	0.26675
2190	0.16861	0.1697	0.26704
2191	0.16883	0.16976	0.26739
2192	0.16901	0.16983	0.26776
2193	0.16904	0.16982	0.26804
2194	0.16898	0.1698	0.26821
2195	0.16903	0.16985	0.2684
2196	0.16922	0.16998	0.26874
2197	0.1693	0.17001	0.26906
2198	0.16913	0.16983	0.2691
2199	0.169	0.16973	0.26911
2200	0.16908	0.16986	0.2693
2201	0.16911	0.16995	0.2695
2202	0.16901	0.16992	0.26964
2203	0.16905	0.17	0.26988
2204	0.16918	0.17015	0.27017
2205	0.16918	0.17011	0.27031
2206	0.16905	0.16995	0.27031
2207	0.16901	0.1699	0.27042
2208	0.16914	0.16997	0.27069
2209	0.16924	0.16994	0.27082
2210	0.16921	0.1698	0.27076
2211	0.16917	0.16973	0.2707
2212	0.16918	0.16976	0.27068
2213	0.16925	0.16985	0.27064
2214	0.16943	0.16997	0.27063
2215	0.16959	0.17002	0.27062
2216	0.16962	0.16988	0.27054
2217	0.16959	0.16975	0.27043
2218	0.16964	0.16988	0.2704
2219	0.1697	0.1701	0.27045
2220	0.16976	0.1702	0.27056
2221	0.16995	0.17037	0.27073
2222	0.17015	0.17058	0.27091
2223	0.17016	0.17059	0.27097
2224	0.17006	0.17041	0.27093
2225	0.16994	0.17021	0.27088
2226	0.16982	0.17006	0.27087
2227	0.1697	0.16991	0.27083
2228	0.16969	0.16978	0.27086
2229	0.16975	0.16976	0.27103
2230	0.16974	0.16971	0.2712
2231	0.16973	0.16962	0.27131
2232	0.1697	0.1695	0.27132
2233	0.16953	0.16929	0.27116
2234	0.16932	0.16905	0.27098
2235	0.16912	0.16884	0.27092
2236	0.16881	0.16848	0.2708
2237	0.16838	0.16799	0.27055
2238	0.16806	0.16758	0.27034
2239	0.16784	0.16729	0.27025
2240	0.16746	0.16689	0.27004
2241	0.16697	0.16638	0.26967
2242	0.16662	0.16603	0.26934
2243	0.1665	0.16596	0.26925
2244	0.16639	0.16586	0.26916
2245	0.166	0.16546	0.26874
2246	0.16547	0.16499	0.26818
2247	0.16502	0.16475	0.26774
2248	0.16465	0.16467	0.26739
2249	0.16433	0.16449	0.26697
2250	0.164	0.16415	0.26648
2251	0.16363	0.16383	0.26602
2252	0.16323	0.16366	0.26564
2253	0.16277	0.16347	0.2652
2254	0.1623	0.16311	0.26466
2255	0.16187	0.16268	0.26421
2256	0.1615	0.16233	0.26391
2257	0.16111	0.1621	0.26367
2258	0.16062	0.1618	0.26336
2259	0.16008	0.16131	0.26289
2260	0.15955	0.16072	0.26224
2261	0.15906	0.16016	0.26164
2262	0.15867	0.15968	0.26116
2263	0.15828	0.15914	0.26064
2264	0.15778	0.1585	0.26013
2265	0.15716	0.15786	0.25961
2266	0.1566	0.1573	0.25909
2267	0.15612	0.15676	0.25854
2268	0.15551	0.15596	0.25777
2269	0.15469	0.15489	0.25675
2270	0.1539	0.15397	0.2558
2271	0.15322	0.15331	0.25504
2272	0.15259	0.15266	0.25431
2273	0.15199	0.15197	0.25361
2274	0.15144	0.15139	0.25302
2275	0.1509	0.15091	0.25243
2276	0.15042	0.15041	0.25172
2277	0.1501	0.14995	0.251
2278	0.14986	0.1496	0.25036
2279	0.14953	0.1492	0.24972
2280	0.14906	0.14862	0.24892
2281	0.14855	0.14806	0.24807
2282	0.14814	0.14775	0.24735
2283	0.14785	0.14757	0.24671
2284	0.14765	0.14734	0.24601
2285	0.14748	0.14704	0.24533
2286	0.14736	0.14686	0.2449
2287	0.14731	0.14683	0.24465
2288	0.14721	0.14668	0.24422
2289	0.14706	0.14634	0.24363
2290	0.14708	0.14616	0.24328
2291	0.14725	0.14623	0.24308
2292	0.14743	0.14646	0.24293
2293	0.14751	0.14665	0.24282
2294	0.1476	0.1467	0.24265
2295	0.14778	0.14671	0.24237
2296	0.14771	0.14654	0.24186
2297	0.14755	0.14637	0.24151
2298	0.1475	0.14635	0.24138
2299	0.14717	0.14608	0.24095
2300	0.14663	0.14566	0.24038
2301	0.146	0.14528	0.23976
2302	0.14531	0.14489	0.23907
2303	0.14447	0.14437	0.23821
2304	0.14339	0.14365	0.23701
2305	0.14223	0.14291	0.23575
2306	0.1412	0.14238	0.23472
2307	0.14038	0.14201	0.23399
2308	0.13963	0.14154	0.23328
2309	0.13882	0.14091	0.23233
2310	0.13797	0.14022	0.23118
2311	0.13715	0.13955	0.23012
2312	0.13665	0.13917	0.22948
2313	0.13652	0.1392	0.22918
2314	0.13632	0.13911	0.22878
2315	0.13575	0.13851	0.22806
2316	0.13514	0.13789	0.22735
2317	0.13467	0.13754	0.22677
2318	0.13407	0.13697	0.22597
2319	0.13335	0.13599	0.22491
2320	0.13288	0.13514	0.22402
2321	0.13273	0.13462	0.22335
2322	0.13253	0.134	0.22252
2323	0.13211	0.13325	0.22158
2324	0.13176	0.13277	0.22093
2325	0.13166	0.1326	0.22055
2326	0.13158	0.13237	0.22013
2327	0.13129	0.13189	0.21956
2328	0.13093	0.13136	0.219
2329	0.13074	0.1309	0.21841
2330	0.13064	0.13052	0.21772
2331	0.13042	0.13023	0.21723
2332	0.13016	0.12997	0.21704
2333	0.13019	0.13	0.21707
2334	0.13022	0.1301	0.21693
2335	0.1298	0.12974	0.21638
2336	0.12915	0.12923	0.21581
2337	0.12859	0.12895	0.2153
2338	0.12829	0.1289	0.21476
2339	0.12787	0.12864	0.214
2340	0.12724	0.12821	0.21314
2341	0.1269	0.12804	0.21256
2342	0.12698	0.12804	0.21231
2343	0.12721	0.12802	0.21235
2344	0.1272	0.12787	0.21233
2345	0.1272	0.12776	0.21217
2346	0.12736	0.12776	0.21216
2347	0.12757	0.12791	0.21252
2348	0.12792	0.12816	0.21294
2349	0.12821	0.12817	0.21302
2350	0.12819	0.12781	0.21277
2351	0.12802	0.12714	0.21242
2352	0.12803	0.12638	0.21226
2353	0.12807	0.12569	0.21212
2354	0.12794	0.12514	0.21195
2355	0.1278	0.12488	0.21189
2356	0.12798	0.12508	0.21199
2357	0.12825	0.12532	0.21188
2358	0.12811	0.12515	0.21096
2359	0.1278	0.12504	0.2099
2360	0.12756	0.1251	0.20946
2361	0.12708	0.12477	0.20884
2362	0.12624	0.12393	0.20752
2363	0.12543	0.12322	0.2061
2364	0.12482	0.12298	0.20502
2365	0.12417	0.12283	0.20425
2366	0.12339	0.12253	0.20369
2367	0.12261	0.12218	0.20324
2368	0.12189	0.12187	0.20271
2369	0.12097	0.12155	0.20181
2370	0.11996	0.12117	0.20075
2371	0.11905	0.12076	0.19973
2372	0.11806	0.12036	0.19854
2373	0.11705	0.11993	0.19724
2374	0.11609	0.11942	0.19606
2375	0.11514	0.11895	0.1951
2376	0.1147	0.11888	0.19459
2377	0.11452	0.1188	0.19421
2378	0.11387	0.11803	0.19341
2379	0.11307	0.11712	0.19255
2380	0.11257	0.11652	0.19195
2381	0.11211	0.1158	0.19123
2382	0.11173	0.11516	0.19061
2383	0.11175	0.11504	0.19045
2384	0.11147	0.11442	0.18991
2385	0.11069	0.11296	0.18876
2386	0.11025	0.11168	0.18768
2387	0.11025	0.11078	0.18699
2388	0.11016	0.10991	0.18648
2389	0.10988	0.1092	0.18574
2390	0.10947	0.10858	0.18454
2391	0.10911	0.10777	0.18297
2392	0.10923	0.10691	0.18148
2393	0.10924	0.10587	0.17983
2394	0.10872	0.10493	0.17791
2395	0.10828	0.10446	0.17673
2396	0.10821	0.1041	0.17653
2397	0.10814	0.10364	0.17616
2398	0.10727	0.10259	0.17459
2399	0.10586	0.10117	0.17252
2400	0.10467	0.099737	0.17086
2401	0.10366	0.098144	0.16944
2402	0.10264	0.09658	0.16767
2403	0.10182	0.095365	0.1656
2404	0.10165	0.094839	0.16378
2405	0.10187	0.094677	0.16212
2406	0.1026	0.094907	0.1615
2407	0.10361	0.095509	0.16182
2408	0.10354	0.095392	0.16095
2409	0.10279	0.094751	0.15929
2410	0.10259	0.094922	0.1591
2411	0.10299	0.095932	0.15994
2412	0.10327	0.096599	0.16
2413	0.10292	0.096548	0.15933
2414	0.10166	0.095764	0.1583
2415	0.10024	0.094773	0.15707
2416	0.099686	0.094225	0.15633
2417	0.09979	0.093952	0.15622
2418	0.09968	0.093423	0.15583
2419	0.098673	0.092113	0.15426
2420	0.096554	0.090115	0.15183
2421	0.094642	0.088719	0.15011
2422	0.094627	0.0891	0.15008
2423	0.0951	0.089847	0.15039
2424	0.093873	0.088947	0.14896
2425	0.091963	0.087372	0.14663
2426	0.090974	0.086679	0.14553
2427	0.090802	0.08668	0.14565
2428	0.090062	0.085816	0.1452
2429	0.088472	0.084244	0.14382
2430	0.087162	0.083469	0.14253
2431	0.086286	0.083216	0.14145
2432	0.08523	0.082468	0.14006
2433	0.08356	0.08085	0.13792
2434	0.081697	0.078794	0.13541
2435	0.080801	0.077744	0.13363
2436	0.080427	0.077697	0.13217
2437	0.079888	0.077551	0.1304
2438	0.079616	0.077274	0.12853
2439	0.080184	0.077786	0.12731
2440	0.081599	0.079164	0.12718
2441	0.08286	0.079918	0.12716
2442	0.083601	0.080064	0.12646
2443	0.083896	0.080439	0.125
2444	0.08384	0.080572	0.12328
2445	0.084304	0.080722	0.12274
2446	0.085701	0.081647	0.12334
2447	0.087034	0.082733	0.12309
2448	0.087397	0.083072	0.12132
2449	0.086716	0.082251	0.11891
2450	0.08513	0.080528	0.11637
2451	0.084265	0.079705	0.11462
2452	0.0854	0.081526	0.1155
2453	0.086428	0.083337	0.11666
2454	0.085151	0.081741	0.11364
2455	0.083472	0.079691	0.10942
2456	0.082756	0.079764	0.10775
2457	0.081758	0.080191	0.10704
2458	0.079733	0.079509	0.10504
2459	0.076926	0.077981	0.10226
2460	0.074311	0.076201	0.10019
2461	0.072298	0.074192	0.098733
2462	0.070553	0.071803	0.097414
2463	0.069022	0.07036	0.096508
2464	0.067455	0.070428	0.096029
2465	0.065523	0.070129	0.09489
2466	0.063532	0.068718	0.092953
2467	0.06261	0.068832	0.093253
2468	0.063141	0.071813	0.096648
2469	0.063733	0.073898	0.098922
2470	0.064565	0.074739	0.098991
2471	0.064089	0.075154	0.09796
2472	0.061233	0.07428	0.096281
2473	0.060204	0.07279	0.094576
2474	0.061809	0.07163	0.092487
2475	0.06427	0.072212	0.092064
2476	0.067098	0.074406	0.094057
2477	0.07081	0.077003	0.09709
2478	0.074797	0.079657	0.099914
2479	0.075729	0.079407	0.10008
2480	0.074262	0.076274	0.0983
