*Name: Linden bot
Type: Leaf Spectrum

Origin: Remote Sensing Laboratories, University of Zurich

Description: abaxial reflectance, adaxial reflectance, and adaxial transmittance

Measurement: Hemispherical Conical Reflectance Factor HCRF measured by ASD Integrating Sphere

Wavelength [nm]	abaxial Reflectance [0 1]	adaxial Reflectance [0 1]	adaxial Transmittance [0 1]
370	0.017747	0.0174	0.00032877
371	0.024568	0.02393	0.00066975
372	0.030184	0.029431	-0.0004244
373	0.035713	0.034925	-0.00074797
374	0.040502	0.039706	-0.0007926
375	0.043913	0.043122	-0.00095767
376	0.045536	0.044796	-0.0010678
377	0.045574	0.045013	-0.00045791
378	0.0435	0.043223	0.00060957
379	0.043597	0.043575	0.00066746
380	0.043416	0.043487	0.00038105
381	0.043318	0.043451	0.00035055
382	0.043612	0.043877	0.00090798
383	0.044671	0.045034	0.0021308
384	0.045225	0.045405	0.0023693
385	0.044908	0.044972	0.0014174
386	0.044043	0.044113	-0.00016181
387	0.044557	0.044568	0.00030489
388	0.045034	0.044938	0.00070729
389	0.044918	0.044693	0.0003321
390	0.045381	0.045193	0.0010442
391	0.046312	0.046221	0.0023902
392	0.046976	0.046901	0.0033266
393	0.047696	0.047643	0.0043278
394	0.048268	0.048217	0.0050666
395	0.048493	0.048487	0.005301
396	0.048646	0.048736	0.0053812
397	0.048837	0.048957	0.0053305
398	0.04906	0.049202	0.0053584
399	0.049495	0.049596	0.0056439
400	0.049615	0.049668	0.0053781
401	0.049956	0.049963	0.0053926
402	0.049978	0.049922	0.004956
403	0.049793	0.049714	0.0042566
404	0.050154	0.050095	0.0043825
405	0.050206	0.050072	0.0040931
406	0.050104	0.049919	0.0036768
407	0.050536	0.050428	0.0040154
408	0.050532	0.05046	0.0037104
409	0.050372	0.050315	0.0032102
410	0.050516	0.050543	0.0031591
411	0.050787	0.050889	0.0033277
412	0.051296	0.051422	0.0038124
413	0.051925	0.052027	0.0044434
414	0.052119	0.052236	0.004486
415	0.052427	0.052537	0.004731
416	0.052822	0.052919	0.0050752
417	0.053076	0.053155	0.0051913
418	0.053301	0.053321	0.0052756
419	0.053541	0.053536	0.0054875
420	0.053729	0.05375	0.005708
421	0.054002	0.054042	0.0060361
422	0.054049	0.054075	0.0060651
423	0.054053	0.054081	0.0060405
424	0.054169	0.054235	0.0061113
425	0.054192	0.054268	0.0060688
426	0.054196	0.054256	0.0060437
427	0.054374	0.054403	0.0063163
428	0.054544	0.054572	0.0066197
429	0.054687	0.054727	0.0068503
430	0.054725	0.054786	0.006864
431	0.054681	0.054749	0.0067517
432	0.054823	0.054895	0.0069374
433	0.055022	0.055099	0.00725
434	0.055177	0.055252	0.0074864
435	0.055301	0.055377	0.0076941
436	0.055453	0.055554	0.0079498
437	0.055573	0.055674	0.0081429
438	0.055642	0.05573	0.0082363
439	0.055679	0.055777	0.0083146
440	0.055714	0.055818	0.008404
441	0.05576	0.055873	0.0085363
442	0.055737	0.055858	0.0085747
443	0.05571	0.055835	0.0085859
444	0.055595	0.055732	0.0084699
445	0.055508	0.055646	0.0084226
446	0.055466	0.05559	0.0084691
447	0.055482	0.055598	0.0086086
448	0.05557	0.055672	0.0088481
449	0.055661	0.055755	0.0091228
450	0.055713	0.055812	0.0093527
451	0.055754	0.055822	0.0095511
452	0.055894	0.055963	0.0099011
453	0.056091	0.056196	0.010353
454	0.05624	0.056357	0.0107
455	0.056286	0.056416	0.0109
456	0.05632	0.056464	0.011071
457	0.056435	0.056573	0.011313
458	0.056459	0.056592	0.011423
459	0.056439	0.056562	0.011468
460	0.056419	0.056542	0.01152
461	0.05638	0.056502	0.011535
462	0.05631	0.056415	0.011525
463	0.056257	0.056346	0.011548
464	0.056157	0.05625	0.011512
465	0.056083	0.056175	0.011518
466	0.05605	0.056156	0.011599
467	0.056124	0.056246	0.011816
468	0.056195	0.05631	0.011989
469	0.05624	0.056353	0.012126
470	0.056277	0.056382	0.012247
471	0.056377	0.056468	0.012438
472	0.056443	0.056531	0.012582
473	0.056492	0.056571	0.012693
474	0.056482	0.056563	0.012748
475	0.056468	0.056544	0.012793
476	0.056537	0.056612	0.012954
477	0.056599	0.056688	0.013127
478	0.056546	0.056657	0.013156
479	0.056444	0.056571	0.013115
480	0.056401	0.056541	0.013154
481	0.056408	0.056551	0.013245
482	0.056353	0.056503	0.013255
483	0.056265	0.056419	0.013214
484	0.056223	0.056384	0.013244
485	0.056236	0.056418	0.013357
486	0.056226	0.056428	0.013437
487	0.056242	0.056449	0.013538
488	0.056228	0.056446	0.013622
489	0.056272	0.056493	0.013783
490	0.056485	0.056709	0.014156
491	0.056636	0.056861	0.014447
492	0.056705	0.056923	0.014628
493	0.056783	0.056994	0.014844
494	0.056925	0.057128	0.015158
495	0.057083	0.057272	0.015493
496	0.057276	0.057457	0.015898
497	0.05747	0.057646	0.016331
498	0.057681	0.057862	0.016826
499	0.057879	0.058069	0.017327
500	0.058104	0.058309	0.017881
501	0.058387	0.058597	0.018529
502	0.058663	0.058865	0.019196
503	0.059019	0.05921	0.019981
504	0.059504	0.059696	0.020965
505	0.059948	0.060143	0.021937
506	0.060374	0.060566	0.022925
507	0.060866	0.06105	0.024046
508	0.061426	0.061598	0.02529
509	0.062068	0.06224	0.026708
510	0.062721	0.062899	0.028213
511	0.063379	0.063567	0.029794
512	0.064104	0.064307	0.031537
513	0.064937	0.065154	0.033477
514	0.065846	0.066077	0.035575
515	0.066774	0.067008	0.037759
516	0.067774	0.068007	0.040106
517	0.068927	0.069161	0.042702
518	0.070166	0.070403	0.04546
519	0.071405	0.07164	0.04825
520	0.07272	0.072935	0.051147
521	0.07413	0.074322	0.054181
522	0.075598	0.075776	0.057311
523	0.077094	0.077261	0.060483
524	0.078569	0.078725	0.063613
525	0.080067	0.080222	0.066753
526	0.081579	0.081735	0.069867
527	0.083091	0.083239	0.072915
528	0.084548	0.084682	0.075832
529	0.085953	0.086072	0.078636
530	0.087329	0.087435	0.081344
531	0.088661	0.088756	0.083923
532	0.089882	0.089967	0.086293
533	0.090996	0.091071	0.088458
534	0.092075	0.09214	0.090513
535	0.093045	0.093109	0.092377
536	0.09387	0.093944	0.094011
537	0.094586	0.094672	0.095458
538	0.095208	0.095315	0.096741
539	0.095718	0.095852	0.097836
540	0.096131	0.096286	0.098755
541	0.096481	0.09665	0.099553
542	0.096806	0.096992	0.1003
543	0.097091	0.097286	0.10097
544	0.097366	0.097566	0.10161
545	0.097655	0.097858	0.10224
546	0.097918	0.098128	0.10286
547	0.098185	0.0984	0.10347
548	0.098449	0.098668	0.10407
549	0.098709	0.098935	0.10466
550	0.098949	0.099185	0.10522
551	0.099173	0.099423	0.10576
552	0.099347	0.099616	0.10623
553	0.099446	0.099735	0.10658
554	0.099485	0.099789	0.10683
555	0.099472	0.099791	0.10699
556	0.099383	0.09972	0.10703
557	0.099179	0.099529	0.10688
558	0.098896	0.09926	0.10659
559	0.098517	0.098897	0.10613
560	0.098015	0.098413	0.10549
561	0.097446	0.097857	0.1047
562	0.096822	0.097242	0.10379
563	0.096147	0.096577	0.10276
564	0.095407	0.095849	0.10161
565	0.094572	0.095027	0.1003
566	0.093675	0.094141	0.098852
567	0.092732	0.093202	0.097292
568	0.091731	0.092201	0.095611
569	0.090685	0.091158	0.093836
570	0.089596	0.090073	0.091962
571	0.088491	0.088971	0.090033
572	0.08737	0.087852	0.088053
573	0.086247	0.086729	0.086046
574	0.085164	0.085645	0.084082
575	0.084131	0.084613	0.082186
576	0.083156	0.083642	0.080376
577	0.082243	0.082733	0.078667
578	0.081376	0.081861	0.077032
579	0.080529	0.081008	0.075446
580	0.079747	0.080225	0.073974
581	0.079048	0.079525	0.072638
582	0.078363	0.07884	0.071346
583	0.077711	0.078193	0.070122
584	0.077109	0.077594	0.068984
585	0.076554	0.077039	0.067926
586	0.076037	0.076523	0.066934
587	0.075571	0.076061	0.066029
588	0.075103	0.075593	0.065147
589	0.074672	0.075163	0.064339
590	0.0743	0.074795	0.06363
591	0.073976	0.074472	0.062996
592	0.073681	0.07417	0.062412
593	0.07341	0.073895	0.061883
594	0.07319	0.073671	0.061442
595	0.073027	0.073502	0.061091
596	0.072848	0.073323	0.060736
597	0.072676	0.073155	0.060402
598	0.072504	0.072984	0.060077
599	0.072336	0.072818	0.05976
600	0.072166	0.072655	0.059449
601	0.071975	0.072471	0.05911
602	0.071747	0.072243	0.058718
603	0.071542	0.072043	0.058349
604	0.071342	0.071848	0.057971
605	0.071133	0.071646	0.05757
606	0.070904	0.07142	0.057129
607	0.070642	0.071157	0.056628
608	0.07037	0.070884	0.056091
609	0.070095	0.070612	0.05553
610	0.069806	0.070331	0.054936
611	0.069467	0.069997	0.054259
612	0.06911	0.069637	0.053533
613	0.068773	0.069294	0.052811
614	0.068424	0.068946	0.052067
615	0.068072	0.068592	0.05131
616	0.067732	0.068244	0.050563
617	0.067408	0.067912	0.049835
618	0.067083	0.067579	0.049109
619	0.066769	0.067262	0.048413
620	0.066475	0.066965	0.047759
621	0.066172	0.066657	0.047107
622	0.065906	0.066386	0.046522
623	0.065693	0.066172	0.046035
624	0.065522	0.066004	0.045626
625	0.065367	0.065849	0.045266
626	0.065258	0.065738	0.044992
627	0.06517	0.065651	0.044773
628	0.065075	0.065563	0.044577
629	0.065001	0.065488	0.044429
630	0.064967	0.065444	0.044348
631	0.064952	0.065422	0.044304
632	0.06492	0.065386	0.044242
633	0.064855	0.065321	0.044131
634	0.064758	0.065226	0.043963
635	0.064611	0.065075	0.043692
636	0.064447	0.064903	0.043353
637	0.064253	0.064711	0.042935
638	0.064021	0.064485	0.042417
639	0.063754	0.064219	0.041802
640	0.063423	0.063887	0.041047
641	0.063055	0.063517	0.040189
642	0.062682	0.063137	0.039275
643	0.06232	0.062769	0.038337
644	0.061978	0.06241	0.037392
645	0.06163	0.062045	0.03642
646	0.06126	0.061664	0.035416
647	0.060889	0.061281	0.034404
648	0.060544	0.060923	0.033436
649	0.06023	0.060591	0.032531
650	0.059949	0.060292	0.031697
651	0.059688	0.060018	0.030934
652	0.05946	0.059772	0.030253
653	0.059282	0.05957	0.029675
654	0.059111	0.05938	0.02914
655	0.058979	0.059232	0.028678
656	0.058894	0.059137	0.028295
657	0.058816	0.059054	0.02792
658	0.058731	0.058956	0.027519
659	0.058641	0.058851	0.027087
660	0.058535	0.058729	0.026589
661	0.058423	0.058591	0.026028
662	0.058289	0.058427	0.025403
663	0.058151	0.058257	0.024727
664	0.058011	0.05808	0.024006
665	0.057873	0.057894	0.023257
666	0.05774	0.057713	0.022492
667	0.057653	0.057571	0.021767
668	0.057597	0.057461	0.021071
669	0.057587	0.057396	0.020439
670	0.057646	0.0574	0.019897
671	0.057746	0.057441	0.019405
672	0.057892	0.057523	0.018975
673	0.058093	0.057645	0.018609
674	0.058324	0.057785	0.018268
675	0.058579	0.057945	0.017954
676	0.058915	0.058177	0.017722
677	0.059297	0.058447	0.017525
678	0.059699	0.058724	0.017344
679	0.060146	0.059039	0.017209
680	0.060633	0.05939	0.017119
681	0.061177	0.059791	0.017123
682	0.061763	0.060236	0.017233
683	0.062413	0.060751	0.017505
684	0.063121	0.061337	0.017968
685	0.063854	0.061964	0.018629
686	0.064606	0.062625	0.019505
687	0.065382	0.063326	0.020657
688	0.066187	0.064081	0.022137
689	0.067034	0.064907	0.023979
690	0.067988	0.065862	0.026293
691	0.069037	0.066934	0.02909
692	0.070233	0.068167	0.032439
693	0.071648	0.069629	0.036422
694	0.073324	0.071359	0.041077
695	0.075313	0.073406	0.046432
696	0.077642	0.075795	0.052484
697	0.08038	0.07859	0.059266
698	0.083528	0.081794	0.066726
699	0.087104	0.085422	0.074811
700	0.091103	0.089467	0.083435
701	0.095499	0.093904	0.092521
702	0.10026	0.098697	0.10196
703	0.10534	0.10381	0.11165
704	0.11072	0.10922	0.12153
705	0.11635	0.11488	0.1315
706	0.12217	0.12071	0.14147
707	0.12816	0.12672	0.15141
708	0.13431	0.13287	0.16128
709	0.14057	0.13914	0.17105
710	0.14693	0.1455	0.18072
711	0.15342	0.15197	0.19031
712	0.16002	0.15854	0.19979
713	0.16674	0.16523	0.20921
714	0.17357	0.17202	0.21856
715	0.18051	0.1789	0.22782
716	0.18754	0.18587	0.23702
717	0.19468	0.19292	0.24614
718	0.20189	0.20005	0.25519
719	0.20916	0.20722	0.26414
720	0.21648	0.21443	0.27297
721	0.22382	0.22167	0.28169
722	0.23118	0.2289	0.29027
723	0.2385	0.2361	0.29869
724	0.24579	0.24327	0.30695
725	0.253	0.25035	0.31501
726	0.26011	0.25733	0.32284
727	0.26711	0.26421	0.33044
728	0.27396	0.27092	0.33779
729	0.28064	0.27746	0.34488
730	0.28711	0.2838	0.35169
731	0.29339	0.28993	0.3582
732	0.29946	0.29586	0.36444
733	0.3053	0.30156	0.37039
734	0.31089	0.30701	0.37603
735	0.31622	0.31221	0.38137
736	0.32129	0.31715	0.38641
737	0.32609	0.32185	0.39118
738	0.33064	0.32629	0.39566
739	0.33491	0.33047	0.39986
740	0.33892	0.3344	0.40378
741	0.34265	0.33806	0.40743
742	0.34612	0.34147	0.41083
743	0.34933	0.34463	0.41398
744	0.35227	0.34754	0.41688
745	0.35497	0.35023	0.41956
746	0.35744	0.35271	0.42204
747	0.35967	0.35496	0.42431
748	0.36168	0.357	0.42638
749	0.36348	0.35885	0.42828
750	0.36509	0.36052	0.43
751	0.36651	0.36201	0.43156
752	0.36776	0.36334	0.43297
753	0.36885	0.36452	0.43425
754	0.3698	0.36556	0.43539
755	0.37063	0.36648	0.43641
756	0.37136	0.3673	0.43734
757	0.37198	0.368	0.43816
758	0.3725	0.36862	0.4389
759	0.37295	0.36917	0.43956
760	0.37334	0.36965	0.44015
761	0.37368	0.37006	0.44069
762	0.37394	0.3704	0.44116
763	0.37415	0.37069	0.44157
764	0.37431	0.37092	0.44194
765	0.37441	0.37111	0.44226
766	0.37448	0.37126	0.44255
767	0.3745	0.37137	0.44279
768	0.37449	0.37145	0.44301
769	0.37446	0.37151	0.4432
770	0.37441	0.37154	0.44338
771	0.37432	0.37154	0.44353
772	0.37424	0.37154	0.44367
773	0.37416	0.37153	0.44381
774	0.37407	0.37151	0.44394
775	0.37397	0.37148	0.44404
776	0.37387	0.37143	0.44413
777	0.37378	0.37139	0.44424
778	0.3737	0.37136	0.44435
779	0.37362	0.37133	0.44445
780	0.37355	0.3713	0.44455
781	0.37349	0.37128	0.44464
782	0.37344	0.37126	0.44475
783	0.37341	0.37126	0.44488
784	0.37337	0.37125	0.445
785	0.37332	0.37123	0.4451
786	0.37331	0.37124	0.44523
787	0.3733	0.37125	0.44537
788	0.37328	0.37126	0.44551
789	0.37327	0.37126	0.44564
790	0.37327	0.37128	0.44578
791	0.37328	0.37131	0.44594
792	0.37328	0.37133	0.44609
793	0.37329	0.37134	0.44624
794	0.37332	0.37138	0.4464
795	0.37335	0.37143	0.44658
796	0.37339	0.37148	0.44675
797	0.37344	0.37153	0.44692
798	0.37348	0.37159	0.44709
799	0.37351	0.37163	0.44724
800	0.37356	0.37169	0.44741
801	0.37361	0.37175	0.44758
802	0.37367	0.37181	0.44776
803	0.37373	0.37187	0.44793
804	0.37379	0.37194	0.4481
805	0.37385	0.372	0.44828
806	0.37389	0.37204	0.44844
807	0.37395	0.3721	0.44862
808	0.37402	0.37217	0.4488
809	0.37409	0.37223	0.44897
810	0.37415	0.37229	0.44913
811	0.37422	0.37236	0.44928
812	0.37429	0.37244	0.44944
813	0.37436	0.37252	0.44961
814	0.37444	0.37261	0.44977
815	0.37452	0.37269	0.44993
816	0.3746	0.37278	0.45009
817	0.37469	0.37288	0.45026
818	0.37479	0.37298	0.45044
819	0.37489	0.37308	0.45064
820	0.37499	0.37318	0.45083
821	0.37507	0.37327	0.45101
822	0.37515	0.37334	0.45117
823	0.37524	0.37342	0.45134
824	0.37533	0.37351	0.4515
825	0.37542	0.3736	0.45166
826	0.37552	0.3737	0.45182
827	0.3756	0.37379	0.45196
828	0.37567	0.37387	0.45209
829	0.37574	0.37394	0.45221
830	0.37582	0.37404	0.45236
831	0.37591	0.37414	0.45252
832	0.37601	0.37425	0.45268
833	0.3761	0.37435	0.45283
834	0.37618	0.37444	0.45296
835	0.37625	0.37453	0.4531
836	0.37633	0.37461	0.45325
837	0.37642	0.37469	0.45339
838	0.37649	0.37477	0.45353
839	0.37655	0.37483	0.45364
840	0.37661	0.3749	0.45375
841	0.37666	0.37497	0.45386
842	0.37671	0.37503	0.45395
843	0.37676	0.37508	0.45404
844	0.37681	0.37515	0.45416
845	0.37688	0.37523	0.45428
846	0.37695	0.37531	0.45439
847	0.37701	0.37538	0.4545
848	0.37708	0.37546	0.45462
849	0.37714	0.37554	0.45474
850	0.37718	0.37559	0.45484
851	0.37722	0.37563	0.45494
852	0.37725	0.37567	0.45503
853	0.3773	0.37573	0.45513
854	0.37735	0.37579	0.45523
855	0.37737	0.37583	0.4553
856	0.37738	0.37584	0.45536
857	0.37739	0.37587	0.45542
858	0.37743	0.37592	0.45551
859	0.37748	0.37598	0.45561
860	0.37754	0.37604	0.45572
861	0.37758	0.37609	0.45582
862	0.3776	0.37613	0.45589
863	0.37761	0.37615	0.45595
864	0.37762	0.37616	0.456
865	0.37764	0.37618	0.45607
866	0.37767	0.37622	0.45615
867	0.37769	0.37625	0.4562
868	0.37769	0.37626	0.45625
869	0.37768	0.37625	0.4563
870	0.37768	0.37625	0.45634
871	0.37773	0.3763	0.45643
872	0.37776	0.37634	0.45651
873	0.37778	0.37636	0.45657
874	0.37779	0.37638	0.45665
875	0.37781	0.3764	0.45671
876	0.37783	0.37642	0.45678
877	0.37784	0.37643	0.45682
878	0.37788	0.37647	0.45688
879	0.37791	0.37651	0.45694
880	0.37791	0.37651	0.45698
881	0.37785	0.37648	0.45696
882	0.37784	0.37646	0.45699
883	0.37784	0.37647	0.45704
884	0.37784	0.37647	0.45709
885	0.37784	0.37648	0.45714
886	0.37782	0.37646	0.45717
887	0.37781	0.37645	0.4572
888	0.37783	0.37645	0.45725
889	0.37787	0.37649	0.45733
890	0.3779	0.37654	0.45738
891	0.37793	0.37657	0.45742
892	0.37798	0.37662	0.45747
893	0.378	0.37664	0.45752
894	0.37802	0.37667	0.45757
895	0.37806	0.37671	0.45764
896	0.37811	0.37675	0.45772
897	0.37812	0.37676	0.45778
898	0.3781	0.37673	0.4578
899	0.37809	0.37671	0.4578
900	0.37809	0.3767	0.45782
901	0.37808	0.37669	0.45784
902	0.37808	0.37668	0.45784
903	0.37809	0.3767	0.45787
904	0.37809	0.37671	0.45788
905	0.3781	0.37671	0.45789
906	0.37808	0.37671	0.45789
907	0.3781	0.37674	0.45795
908	0.37814	0.37678	0.45802
909	0.37817	0.37682	0.45807
910	0.3782	0.37685	0.45813
911	0.37822	0.37687	0.45816
912	0.37822	0.37687	0.45817
913	0.37818	0.37685	0.45816
914	0.37815	0.37683	0.45814
915	0.37813	0.37681	0.45812
916	0.37813	0.37681	0.45811
917	0.37814	0.37682	0.45811
918	0.37815	0.37682	0.45813
919	0.37817	0.37685	0.45817
920	0.37822	0.37692	0.45823
921	0.37822	0.37692	0.45828
922	0.3782	0.37691	0.45831
923	0.37817	0.37687	0.45832
924	0.37811	0.37681	0.45833
925	0.37806	0.37676	0.45833
926	0.37797	0.37669	0.45829
927	0.37786	0.37658	0.45822
928	0.37783	0.37654	0.45819
929	0.37783	0.37652	0.45817
930	0.37786	0.37653	0.45817
931	0.37791	0.37657	0.4582
932	0.37801	0.37668	0.45828
933	0.37813	0.3768	0.45835
934	0.37819	0.37686	0.45839
935	0.37815	0.3768	0.45838
936	0.37806	0.3767	0.45835
937	0.37794	0.37657	0.4583
938	0.37777	0.37641	0.45824
939	0.37764	0.37628	0.45818
940	0.37747	0.37611	0.45805
941	0.37731	0.37594	0.4579
942	0.3772	0.37583	0.45776
943	0.3771	0.37575	0.45768
944	0.37702	0.37568	0.45762
945	0.37696	0.37564	0.45758
946	0.37694	0.37562	0.45754
947	0.37686	0.37553	0.45743
948	0.37673	0.37541	0.45732
949	0.37657	0.37526	0.45724
950	0.37639	0.37508	0.45712
951	0.37621	0.3749	0.457
952	0.37602	0.37471	0.45687
953	0.37581	0.37449	0.4567
954	0.3756	0.37427	0.45649
955	0.37543	0.37408	0.45633
956	0.37528	0.37392	0.45624
957	0.37514	0.37376	0.45617
958	0.37499	0.37362	0.4561
959	0.37483	0.37346	0.45601
960	0.37467	0.3733	0.45589
961	0.37451	0.37317	0.45577
962	0.37436	0.37305	0.45565
963	0.37422	0.37292	0.45553
964	0.37407	0.37277	0.4554
965	0.37388	0.37256	0.45522
966	0.37377	0.37246	0.45514
967	0.37373	0.37242	0.45513
968	0.37372	0.3724	0.45515
969	0.37373	0.37237	0.45518
970	0.37377	0.37238	0.45523
971	0.37383	0.37243	0.45531
972	0.37388	0.3725	0.45543
973	0.3739	0.37255	0.4555
974	0.37387	0.37254	0.4555
975	0.37382	0.37251	0.45546
976	0.37379	0.37249	0.45543
977	0.37374	0.37244	0.45539
978	0.37361	0.3723	0.45531
979	0.37344	0.3721	0.45519
980	0.37336	0.372	0.45518
981	0.37336	0.37198	0.45521
982	0.37336	0.37195	0.45524
983	0.3734	0.37194	0.45526
984	0.37348	0.37198	0.45529
985	0.37354	0.37206	0.45537
986	0.37359	0.37217	0.45551
987	0.37367	0.37228	0.45566
988	0.37379	0.37241	0.45581
989	0.37398	0.37261	0.45605
990	0.37423	0.37288	0.45631
991	0.37443	0.37312	0.45651
992	0.37452	0.37325	0.45668
993	0.37466	0.3734	0.45686
994	0.37488	0.37361	0.4571
995	0.37517	0.37386	0.45741
996	0.37563	0.37425	0.45784
997	0.37584	0.37438	0.45806
998	0.37589	0.3744	0.45811
999	0.37578	0.37433	0.45803
1000	0.37561	0.37421	0.4579
1001	0.37545	0.37406	0.45776
1002	0.37528	0.3739	0.45764
1003	0.37505	0.3737	0.45753
1004	0.37481	0.37346	0.45737
1005	0.37459	0.3732	0.45724
1006	0.37438	0.37293	0.45722
1007	0.37426	0.37272	0.45731
1008	0.37418	0.37259	0.45753
1009	0.37418	0.37254	0.45786
1010	0.37429	0.37263	0.4583
1011	0.37419	0.37255	0.45855
1012	0.37415	0.3726	0.45878
1013	0.37415	0.37272	0.45891
1014	0.37418	0.37288	0.45898
1015	0.37423	0.37304	0.45907
1016	0.37427	0.37321	0.45923
1017	0.37434	0.37336	0.45941
1018	0.37448	0.37347	0.45954
1019	0.37468	0.37358	0.45964
1020	0.37486	0.37366	0.45969
1021	0.375	0.3737	0.45966
1022	0.37512	0.37375	0.45964
1023	0.37524	0.3738	0.45966
1024	0.37536	0.37388	0.45972
1025	0.37553	0.37402	0.45982
1026	0.37573	0.37418	0.45993
1027	0.37589	0.37431	0.46
1028	0.37601	0.3744	0.4601
1029	0.37609	0.37448	0.46031
1030	0.37614	0.37457	0.4606
1031	0.3762	0.37466	0.46086
1032	0.37624	0.37474	0.461
1033	0.37626	0.37479	0.461
1034	0.37622	0.37478	0.4609
1035	0.37613	0.37477	0.46078
1036	0.37607	0.3748	0.46069
1037	0.37601	0.37485	0.46063
1038	0.37598	0.37492	0.46055
1039	0.37598	0.37501	0.46045
1040	0.37601	0.37511	0.46041
1041	0.37607	0.37525	0.46049
1042	0.37618	0.37541	0.46071
1043	0.3763	0.37555	0.46101
1044	0.3764	0.37566	0.46135
1045	0.37647	0.37571	0.46157
1046	0.37649	0.3757	0.46168
1047	0.3765	0.37566	0.46176
1048	0.37651	0.37565	0.46186
1049	0.37653	0.37565	0.46197
1050	0.37656	0.37563	0.46211
1051	0.37661	0.37561	0.46221
1052	0.37668	0.37561	0.46227
1053	0.37676	0.37566	0.46232
1054	0.3769	0.37581	0.46242
1055	0.37708	0.37598	0.46256
1056	0.3772	0.37609	0.4627
1057	0.37723	0.37611	0.46282
1058	0.37719	0.37602	0.46289
1059	0.37712	0.37588	0.46286
1060	0.37707	0.37578	0.4628
1061	0.37706	0.37574	0.46277
1062	0.37707	0.37574	0.46279
1063	0.37712	0.37573	0.46286
1064	0.37719	0.37575	0.46296
1065	0.37729	0.37582	0.46306
1066	0.37737	0.3759	0.46317
1067	0.37744	0.37598	0.46325
1068	0.37752	0.37607	0.46329
1069	0.3776	0.37611	0.46329
1070	0.37761	0.37609	0.46329
1071	0.3775	0.37602	0.46329
1072	0.37731	0.37592	0.46328
1073	0.37717	0.3759	0.46328
1074	0.37709	0.37596	0.46329
1075	0.37708	0.37608	0.46334
1076	0.37713	0.37622	0.46345
1077	0.37717	0.37636	0.46355
1078	0.37719	0.37649	0.46366
1079	0.37721	0.37658	0.46378
1080	0.37726	0.37661	0.46392
1081	0.37736	0.3766	0.46404
1082	0.37748	0.37654	0.4641
1083	0.37762	0.37646	0.46414
1084	0.37768	0.37634	0.46415
1085	0.37762	0.37619	0.46413
1086	0.37756	0.37607	0.46414
1087	0.37754	0.376	0.46417
1088	0.37752	0.37598	0.4642
1089	0.37748	0.37599	0.46423
1090	0.37739	0.37596	0.46414
1091	0.37722	0.3759	0.46395
1092	0.37707	0.37585	0.46376
1093	0.37696	0.37581	0.46363
1094	0.37689	0.37579	0.46358
1095	0.37686	0.37578	0.46358
1096	0.37684	0.37576	0.46362
1097	0.37682	0.37572	0.4637
1098	0.37681	0.37566	0.46382
1099	0.37679	0.37557	0.46395
1100	0.37679	0.37549	0.46411
1101	0.37679	0.37546	0.46426
1102	0.37678	0.37547	0.46438
1103	0.37672	0.37545	0.4644
1104	0.37663	0.37538	0.46429
1105	0.37653	0.37528	0.46418
1106	0.37642	0.37517	0.46409
1107	0.37627	0.37503	0.46401
1108	0.37608	0.37486	0.46394
1109	0.3759	0.37469	0.46391
1110	0.37572	0.37454	0.46389
1111	0.37558	0.3744	0.46388
1112	0.37549	0.37428	0.46387
1113	0.37546	0.37422	0.46385
1114	0.37549	0.37423	0.46384
1115	0.37556	0.37428	0.46384
1116	0.37563	0.37433	0.46386
1117	0.37568	0.37433	0.46389
1118	0.37569	0.37431	0.46396
1119	0.37567	0.37425	0.46405
1120	0.37558	0.37415	0.46412
1121	0.37542	0.37398	0.46411
1122	0.37525	0.37381	0.46407
1123	0.37507	0.37366	0.46401
1124	0.37493	0.37354	0.46393
1125	0.37482	0.37343	0.46379
1126	0.37467	0.37326	0.46355
1127	0.37449	0.37304	0.46326
1128	0.37429	0.3728	0.46294
1129	0.37408	0.37255	0.46265
1130	0.37382	0.37228	0.46235
1131	0.37349	0.37197	0.46203
1132	0.37312	0.37163	0.46175
1133	0.37274	0.37128	0.46153
1134	0.37236	0.37091	0.46133
1135	0.37195	0.37052	0.46112
1136	0.37154	0.37012	0.46091
1137	0.37115	0.36973	0.46068
1138	0.37077	0.36934	0.46043
1139	0.37031	0.36886	0.46007
1140	0.36977	0.36828	0.45962
1141	0.36923	0.36774	0.45916
1142	0.3687	0.36725	0.45874
1143	0.36818	0.36678	0.45832
1144	0.36761	0.36629	0.45787
1145	0.367	0.36576	0.45738
1146	0.36639	0.36521	0.45691
1147	0.3658	0.36467	0.45645
1148	0.36522	0.36413	0.45598
1149	0.36466	0.3636	0.45551
1150	0.36414	0.36312	0.45508
1151	0.36367	0.36266	0.45466
1152	0.36322	0.36219	0.45421
1153	0.36279	0.3617	0.45374
1154	0.36235	0.36122	0.4533
1155	0.36194	0.36081	0.45293
1156	0.36156	0.36043	0.45259
1157	0.3612	0.36006	0.4523
1158	0.3608	0.35966	0.45203
1159	0.36039	0.35925	0.45176
1160	0.36002	0.35886	0.45155
1161	0.35971	0.35852	0.45141
1162	0.35948	0.35826	0.45132
1163	0.3593	0.35809	0.4513
1164	0.35917	0.35797	0.45132
1165	0.35907	0.35786	0.45135
1166	0.359	0.35776	0.45135
1167	0.35892	0.35767	0.45136
1168	0.35881	0.35759	0.45135
1169	0.35871	0.35753	0.45134
1170	0.35862	0.35748	0.45132
1171	0.35849	0.35739	0.45132
1172	0.35833	0.35725	0.4513
1173	0.35819	0.35711	0.45129
1174	0.35809	0.35696	0.45129
1175	0.35801	0.35684	0.45126
1176	0.35794	0.35675	0.45119
1177	0.3579	0.3567	0.45117
1178	0.35788	0.35668	0.45118
1179	0.35786	0.35664	0.45118
1180	0.35784	0.35659	0.45115
1181	0.35781	0.35654	0.45112
1182	0.35776	0.35648	0.45109
1183	0.35768	0.35641	0.45105
1184	0.35757	0.3563	0.45101
1185	0.35745	0.35617	0.451
1186	0.35734	0.35604	0.45102
1187	0.35724	0.35593	0.45104
1188	0.35714	0.35584	0.45103
1189	0.35706	0.35579	0.451
1190	0.35702	0.35578	0.45101
1191	0.357	0.35581	0.45107
1192	0.35699	0.35583	0.45109
1193	0.35697	0.35582	0.45106
1194	0.35692	0.35574	0.45101
1195	0.35683	0.35564	0.45094
1196	0.35673	0.35552	0.45088
1197	0.35664	0.35538	0.45081
1198	0.35657	0.35528	0.45079
1199	0.35653	0.35521	0.45084
1200	0.35652	0.35518	0.45093
1201	0.35654	0.35517	0.45103
1202	0.3566	0.35521	0.45111
1203	0.35668	0.3553	0.45119
1204	0.35678	0.35544	0.45129
1205	0.35686	0.35558	0.45139
1206	0.35692	0.35572	0.45145
1207	0.35696	0.35582	0.45149
1208	0.35695	0.35586	0.45151
1209	0.35691	0.35586	0.45151
1210	0.35687	0.35585	0.4515
1211	0.35687	0.35586	0.45151
1212	0.35692	0.35592	0.45157
1213	0.35702	0.35601	0.4517
1214	0.35717	0.35611	0.45186
1215	0.35735	0.35623	0.45203
1216	0.35755	0.35638	0.4522
1217	0.35774	0.35653	0.45236
1218	0.35789	0.35665	0.45254
1219	0.35799	0.35676	0.45276
1220	0.35804	0.35687	0.45296
1221	0.35807	0.35696	0.45314
1222	0.35809	0.35703	0.45327
1223	0.35811	0.35709	0.45337
1224	0.35815	0.35714	0.45347
1225	0.35822	0.35721	0.45355
1226	0.35832	0.3573	0.4536
1227	0.35843	0.3574	0.45367
1228	0.35856	0.35749	0.45374
1229	0.3587	0.35758	0.45383
1230	0.35884	0.35766	0.45393
1231	0.35896	0.35772	0.45407
1232	0.35904	0.35779	0.45424
1233	0.35909	0.35787	0.45446
1234	0.35918	0.35799	0.45471
1235	0.3593	0.35814	0.45497
1236	0.35944	0.35831	0.45522
1237	0.35958	0.35848	0.45545
1238	0.35972	0.35863	0.45562
1239	0.35985	0.35876	0.4557
1240	0.35997	0.35888	0.45574
1241	0.36006	0.35898	0.45577
1242	0.36012	0.35906	0.4558
1243	0.36016	0.35912	0.45583
1244	0.36017	0.35915	0.45584
1245	0.36015	0.35916	0.45587
1246	0.36008	0.35913	0.4559
1247	0.35999	0.35907	0.45595
1248	0.35994	0.35901	0.45603
1249	0.3599	0.35897	0.45611
1250	0.35989	0.35895	0.4562
1251	0.35992	0.35896	0.4563
1252	0.36001	0.35899	0.4564
1253	0.36016	0.35908	0.45654
1254	0.36033	0.35921	0.45672
1255	0.36048	0.35933	0.45689
1256	0.36061	0.35945	0.45705
1257	0.36074	0.35957	0.4572
1258	0.36086	0.35969	0.45735
1259	0.36094	0.35976	0.45749
1260	0.36098	0.35978	0.45762
1261	0.36096	0.35974	0.45771
1262	0.36091	0.35968	0.45775
1263	0.36089	0.35963	0.45777
1264	0.36089	0.35962	0.45777
1265	0.3609	0.35964	0.45778
1266	0.36092	0.35967	0.45777
1267	0.36093	0.3597	0.45777
1268	0.36089	0.35968	0.45772
1269	0.36078	0.35961	0.45764
1270	0.36065	0.35954	0.45755
1271	0.36053	0.35949	0.45747
1272	0.36043	0.35946	0.45744
1273	0.36035	0.35944	0.45747
1274	0.36032	0.35944	0.45754
1275	0.36031	0.35944	0.45763
1276	0.36029	0.35945	0.45773
1277	0.36031	0.35951	0.45786
1278	0.36037	0.35955	0.45798
1279	0.36044	0.35955	0.45808
1280	0.36048	0.35954	0.45814
1281	0.36047	0.3595	0.45813
1282	0.36037	0.35937	0.45806
1283	0.36019	0.3592	0.45793
1284	0.35998	0.359	0.45778
1285	0.35979	0.3588	0.45765
1286	0.35959	0.35862	0.45752
1287	0.35938	0.35843	0.4574
1288	0.35919	0.35825	0.45732
1289	0.359	0.35807	0.45728
1290	0.35878	0.35788	0.45725
1291	0.35859	0.35769	0.45718
1292	0.35844	0.3575	0.4571
1293	0.35832	0.35735	0.45704
1294	0.35821	0.35725	0.45696
1295	0.35811	0.35716	0.45688
1296	0.35798	0.35704	0.45677
1297	0.35784	0.35691	0.45666
1298	0.35772	0.35679	0.45654
1299	0.3576	0.35664	0.45643
1300	0.35744	0.35645	0.45632
1301	0.35725	0.35622	0.45619
1302	0.35705	0.35597	0.45606
1303	0.35682	0.35571	0.45593
1304	0.35656	0.35543	0.45574
1305	0.35628	0.35513	0.45553
1306	0.35599	0.35482	0.45532
1307	0.35569	0.3545	0.4551
1308	0.35537	0.35418	0.45481
1309	0.35504	0.35386	0.45449
1310	0.35469	0.35353	0.45415
1311	0.35435	0.35319	0.45378
1312	0.35401	0.35285	0.45339
1313	0.35367	0.35249	0.453
1314	0.3533	0.3521	0.45261
1315	0.3529	0.35168	0.45221
1316	0.35245	0.35122	0.45179
1317	0.35198	0.35076	0.45139
1318	0.35151	0.3503	0.45101
1319	0.35103	0.34982	0.45067
1320	0.35051	0.3493	0.45038
1321	0.34995	0.34875	0.45008
1322	0.34938	0.34823	0.44972
1323	0.34882	0.34771	0.44933
1324	0.34823	0.3472	0.4489
1325	0.34765	0.3467	0.44843
1326	0.34709	0.34618	0.44792
1327	0.34653	0.34564	0.44738
1328	0.34601	0.34513	0.44687
1329	0.34552	0.34462	0.44637
1330	0.345	0.34408	0.44585
1331	0.34447	0.34352	0.44532
1332	0.34394	0.34298	0.44479
1333	0.34339	0.34242	0.44426
1334	0.34284	0.34183	0.44377
1335	0.34231	0.34126	0.44324
1336	0.34178	0.3407	0.44266
1337	0.34122	0.34011	0.44208
1338	0.34059	0.33947	0.44149
1339	0.33991	0.33878	0.44089
1340	0.33922	0.33806	0.44031
1341	0.33851	0.33737	0.43978
1342	0.33784	0.33674	0.43933
1343	0.33719	0.33614	0.4389
1344	0.33653	0.33554	0.43848
1345	0.3359	0.33494	0.43803
1346	0.33531	0.33437	0.43755
1347	0.33477	0.33384	0.43703
1348	0.33429	0.33334	0.4365
1349	0.33385	0.33285	0.436
1350	0.33345	0.33237	0.43553
1351	0.33309	0.33192	0.43509
1352	0.33271	0.33149	0.43467
1353	0.33233	0.33105	0.43427
1354	0.33193	0.33062	0.4339
1355	0.33153	0.33021	0.43356
1356	0.33114	0.32981	0.43322
1357	0.33075	0.32943	0.4329
1358	0.33033	0.32904	0.43255
1359	0.32989	0.32861	0.43216
1360	0.32941	0.32815	0.43171
1361	0.32885	0.32762	0.43117
1362	0.32822	0.32701	0.43058
1363	0.32753	0.32632	0.42998
1364	0.32681	0.3256	0.42934
1365	0.32604	0.32486	0.42865
1366	0.32517	0.32405	0.42791
1367	0.32421	0.32316	0.42707
1368	0.32319	0.3222	0.42615
1369	0.32212	0.32117	0.42518
1370	0.32102	0.32008	0.42416
1371	0.31988	0.31891	0.42306
1372	0.31867	0.31767	0.42188
1373	0.31742	0.31635	0.4206
1374	0.31611	0.31499	0.41925
1375	0.31469	0.3135	0.4178
1376	0.31315	0.3119	0.41628
1377	0.31149	0.31018	0.41466
1378	0.30975	0.30837	0.41293
1379	0.30785	0.30645	0.41104
1380	0.30578	0.30442	0.409
1381	0.30353	0.30224	0.40674
1382	0.30112	0.29989	0.40434
1383	0.29854	0.29733	0.40176
1384	0.2958	0.2946	0.39898
1385	0.29287	0.2917	0.39599
1386	0.28979	0.28866	0.39281
1387	0.28659	0.28551	0.38947
1388	0.28328	0.28224	0.38597
1389	0.27981	0.27878	0.38226
1390	0.27621	0.27518	0.37843
1391	0.27253	0.27151	0.37446
1392	0.26883	0.26778	0.37038
1393	0.2651	0.264	0.3662
1394	0.26133	0.2602	0.36198
1395	0.25749	0.25632	0.35769
1396	0.25361	0.25239	0.35337
1397	0.2497	0.24844	0.34896
1398	0.24579	0.24449	0.34452
1399	0.24189	0.24058	0.34009
1400	0.23805	0.23672	0.33568
1401	0.23427	0.23294	0.33131
1402	0.23057	0.22922	0.32695
1403	0.22689	0.22556	0.32263
1404	0.2233	0.22203	0.31842
1405	0.21985	0.21861	0.31435
1406	0.21658	0.21534	0.31044
1407	0.21351	0.21226	0.3067
1408	0.21058	0.20935	0.30315
1409	0.20776	0.20655	0.29976
1410	0.20506	0.20386	0.29651
1411	0.20246	0.20124	0.29335
1412	0.19998	0.19873	0.29034
1413	0.19761	0.19634	0.28745
1414	0.19535	0.19409	0.28469
1415	0.19324	0.19199	0.28208
1416	0.19123	0.19002	0.2796
1417	0.18929	0.18813	0.27722
1418	0.18748	0.18637	0.27499
1419	0.18583	0.18476	0.27293
1420	0.18435	0.18331	0.27101
1421	0.18303	0.18202	0.26925
1422	0.18181	0.18083	0.26765
1423	0.18061	0.17967	0.26616
1424	0.17945	0.17856	0.26474
1425	0.17835	0.1775	0.2634
1426	0.17732	0.17652	0.26216
1427	0.17634	0.1756	0.261
1428	0.17543	0.17472	0.25992
1429	0.17459	0.1739	0.25894
1430	0.17378	0.17312	0.25804
1431	0.173	0.17238	0.25719
1432	0.1723	0.17171	0.2564
1433	0.1717	0.17112	0.25569
1434	0.1712	0.17061	0.25509
1435	0.17077	0.17015	0.25457
1436	0.17038	0.16974	0.25413
1437	0.17	0.16936	0.25371
1438	0.16964	0.169	0.25334
1439	0.16934	0.16867	0.25301
1440	0.16909	0.16838	0.25274
1441	0.16887	0.16812	0.25249
1442	0.16869	0.16792	0.25229
1443	0.16853	0.16779	0.25214
1444	0.16838	0.16767	0.25202
1445	0.16821	0.16755	0.2519
1446	0.16801	0.16738	0.25173
1447	0.16779	0.16719	0.25157
1448	0.16761	0.16705	0.25143
1449	0.16746	0.16695	0.25133
1450	0.16734	0.16689	0.25127
1451	0.16733	0.16691	0.25131
1452	0.16732	0.16692	0.25139
1453	0.16732	0.16696	0.2515
1454	0.16733	0.16701	0.25165
1455	0.16738	0.16709	0.25184
1456	0.16745	0.16719	0.25205
1457	0.16757	0.16732	0.25229
1458	0.16772	0.16748	0.25258
1459	0.16791	0.16768	0.25292
1460	0.16813	0.16792	0.25331
1461	0.16839	0.16819	0.25375
1462	0.16867	0.16849	0.25423
1463	0.16899	0.16881	0.25476
1464	0.16936	0.16916	0.25533
1465	0.16975	0.16955	0.25595
1466	0.17018	0.16999	0.25662
1467	0.17065	0.17047	0.25733
1468	0.17114	0.17098	0.25809
1469	0.17165	0.1715	0.25889
1470	0.17218	0.17203	0.25971
1471	0.17274	0.17258	0.26057
1472	0.17333	0.17319	0.26148
1473	0.17396	0.17385	0.26243
1474	0.17463	0.17454	0.26342
1475	0.17534	0.17527	0.26445
1476	0.17607	0.17602	0.26553
1477	0.17682	0.1768	0.26665
1478	0.1776	0.1776	0.26779
1479	0.17839	0.17841	0.26894
1480	0.1792	0.17924	0.27013
1481	0.18003	0.1801	0.27135
1482	0.18088	0.18097	0.2726
1483	0.18174	0.18186	0.27386
1484	0.18261	0.18276	0.27514
1485	0.18349	0.18369	0.27644
1486	0.18439	0.18462	0.27775
1487	0.1853	0.18554	0.27908
1488	0.18624	0.18649	0.28042
1489	0.18719	0.18744	0.28178
1490	0.18815	0.18841	0.28314
1491	0.18914	0.1894	0.28449
1492	0.19013	0.19039	0.28585
1493	0.19112	0.19137	0.28721
1494	0.19213	0.19237	0.28859
1495	0.19315	0.19338	0.28998
1496	0.19416	0.19439	0.29136
1497	0.19516	0.19539	0.29273
1498	0.19617	0.19639	0.29409
1499	0.19717	0.19738	0.29545
1500	0.19817	0.19837	0.29678
1501	0.19919	0.19937	0.29812
1502	0.20019	0.20036	0.29945
1503	0.20117	0.20135	0.30076
1504	0.20217	0.20234	0.30208
1505	0.20318	0.20334	0.3034
1506	0.2042	0.20434	0.30472
1507	0.20522	0.20534	0.30604
1508	0.20623	0.20635	0.30734
1509	0.20724	0.20734	0.30862
1510	0.20825	0.20832	0.30989
1511	0.20925	0.20932	0.31117
1512	0.21026	0.21032	0.31246
1513	0.21126	0.21132	0.31376
1514	0.21226	0.21231	0.31503
1515	0.21325	0.21329	0.31629
1516	0.21422	0.21426	0.31753
1517	0.21518	0.21522	0.31877
1518	0.21613	0.21617	0.32001
1519	0.21708	0.21713	0.32125
1520	0.21802	0.21809	0.32248
1521	0.21895	0.21905	0.3237
1522	0.2199	0.22	0.32491
1523	0.22084	0.22095	0.32613
1524	0.22178	0.2219	0.32733
1525	0.22271	0.22285	0.32853
1526	0.22363	0.2238	0.32971
1527	0.22455	0.22474	0.33087
1528	0.22545	0.22564	0.33201
1529	0.22635	0.22655	0.33315
1530	0.22724	0.22746	0.33428
1531	0.22812	0.22836	0.33539
1532	0.22898	0.22924	0.33649
1533	0.22984	0.23011	0.33758
1534	0.2307	0.23096	0.33866
1535	0.23154	0.2318	0.33973
1536	0.23237	0.23264	0.34078
1537	0.23319	0.23346	0.34181
1538	0.23398	0.23426	0.34281
1539	0.23477	0.23505	0.34379
1540	0.23558	0.23584	0.34477
1541	0.23638	0.23663	0.34573
1542	0.23715	0.2374	0.34667
1543	0.23791	0.23816	0.34761
1544	0.23866	0.23891	0.34854
1545	0.23941	0.23967	0.34946
1546	0.24018	0.24044	0.35039
1547	0.24095	0.24122	0.35131
1548	0.24172	0.242	0.35222
1549	0.24247	0.24275	0.35312
1550	0.2432	0.24347	0.35399
1551	0.24391	0.24418	0.35485
1552	0.24462	0.24489	0.35572
1553	0.24532	0.2456	0.3566
1554	0.24604	0.24632	0.3575
1555	0.24674	0.24703	0.35837
1556	0.24744	0.24773	0.35921
1557	0.24813	0.24841	0.36004
1558	0.24881	0.24908	0.36086
1559	0.24948	0.24975	0.36166
1560	0.25013	0.25041	0.36243
1561	0.25079	0.25107	0.36319
1562	0.25143	0.25172	0.36393
1563	0.25208	0.25235	0.36467
1564	0.25272	0.25298	0.36541
1565	0.25335	0.25359	0.36615
1566	0.25399	0.25419	0.36688
1567	0.25462	0.25478	0.36762
1568	0.25523	0.25536	0.36835
1569	0.25582	0.25593	0.36906
1570	0.25638	0.25648	0.36974
1571	0.25693	0.25703	0.37042
1572	0.25747	0.25757	0.37108
1573	0.25802	0.2581	0.37172
1574	0.25856	0.25863	0.37236
1575	0.25911	0.25916	0.37298
1576	0.25965	0.25969	0.37359
1577	0.26017	0.2602	0.37423
1578	0.26069	0.26072	0.37488
1579	0.26122	0.26124	0.37554
1580	0.26175	0.26177	0.37617
1581	0.26228	0.26229	0.3768
1582	0.26278	0.26279	0.37742
1583	0.26328	0.26329	0.37805
1584	0.26377	0.26378	0.37868
1585	0.26425	0.26425	0.37931
1586	0.26474	0.26472	0.37992
1587	0.26524	0.26521	0.38054
1588	0.26575	0.2657	0.38117
1589	0.26624	0.26618	0.38179
1590	0.2667	0.26665	0.38238
1591	0.26714	0.2671	0.38293
1592	0.26756	0.26753	0.38346
1593	0.26798	0.26796	0.384
1594	0.26841	0.26839	0.38454
1595	0.26885	0.26882	0.38508
1596	0.2693	0.26925	0.38561
1597	0.26974	0.26968	0.38614
1598	0.27018	0.2701	0.38666
1599	0.27063	0.27052	0.38719
1600	0.27107	0.27094	0.38772
1601	0.27149	0.27134	0.38824
1602	0.27189	0.27173	0.38876
1603	0.27228	0.27212	0.38928
1604	0.27266	0.2725	0.38978
1605	0.27304	0.27288	0.39027
1606	0.27343	0.27327	0.39076
1607	0.27381	0.27365	0.39124
1608	0.27419	0.27402	0.3917
1609	0.27457	0.2744	0.39217
1610	0.27496	0.27479	0.39264
1611	0.27534	0.27517	0.3931
1612	0.27572	0.27555	0.39357
1613	0.27608	0.2759	0.39404
1614	0.27642	0.27624	0.39449
1615	0.27677	0.27659	0.39493
1616	0.2771	0.27694	0.39536
1617	0.27741	0.27729	0.3958
1618	0.27772	0.27763	0.39623
1619	0.27805	0.27798	0.39664
1620	0.27838	0.27832	0.39705
1621	0.2787	0.27865	0.39744
1622	0.27902	0.27898	0.39783
1623	0.27931	0.27931	0.39823
1624	0.27959	0.2796	0.3986
1625	0.27984	0.27987	0.39895
1626	0.28009	0.28013	0.3993
1627	0.28035	0.28039	0.39963
1628	0.28062	0.28065	0.39996
1629	0.28089	0.28091	0.40029
1630	0.28116	0.28117	0.40062
1631	0.28142	0.28144	0.40095
1632	0.28168	0.28169	0.40127
1633	0.28192	0.28194	0.40157
1634	0.28215	0.28218	0.40186
1635	0.28239	0.2824	0.40216
1636	0.28262	0.28261	0.40245
1637	0.28284	0.28282	0.40273
1638	0.28307	0.28303	0.40299
1639	0.2833	0.28324	0.40325
1640	0.2835	0.28344	0.4035
1641	0.2837	0.28364	0.40375
1642	0.28389	0.28383	0.404
1643	0.28409	0.28401	0.40424
1644	0.2843	0.28419	0.40448
1645	0.28449	0.28436	0.40472
1646	0.28465	0.28451	0.40493
1647	0.28482	0.28466	0.40514
1648	0.28497	0.28482	0.40536
1649	0.28511	0.28496	0.40559
1650	0.28523	0.28511	0.40582
1651	0.28535	0.28526	0.40604
1652	0.28544	0.28537	0.40625
1653	0.28551	0.28546	0.40644
1654	0.28556	0.28553	0.40661
1655	0.28562	0.28558	0.40676
1656	0.28566	0.28563	0.4069
1657	0.28569	0.28566	0.40705
1658	0.2857	0.28568	0.40721
1659	0.28571	0.28568	0.40736
1660	0.28573	0.28568	0.4075
1661	0.28574	0.28568	0.40764
1662	0.28574	0.28568	0.40778
1663	0.28573	0.28569	0.40789
1664	0.28572	0.28571	0.40799
1665	0.28571	0.28574	0.40811
1666	0.28571	0.28577	0.40823
1667	0.2857	0.28579	0.40834
1668	0.28568	0.28578	0.40846
1669	0.28564	0.28574	0.40856
1670	0.28562	0.28571	0.40866
1671	0.28561	0.28569	0.40875
1672	0.28561	0.28567	0.40884
1673	0.28561	0.28567	0.40894
1674	0.28559	0.28565	0.40905
1675	0.28555	0.28562	0.40914
1676	0.28552	0.28557	0.40922
1677	0.28546	0.28551	0.40929
1678	0.28538	0.28543	0.40936
1679	0.28533	0.28535	0.40943
1680	0.28525	0.28525	0.40949
1681	0.28515	0.28515	0.40952
1682	0.28504	0.28506	0.40955
1683	0.28493	0.28497	0.40959
1684	0.28481	0.28486	0.40962
1685	0.28467	0.28473	0.40962
1686	0.2845	0.28458	0.40959
1687	0.28431	0.28438	0.40953
1688	0.2841	0.28418	0.40944
1689	0.2839	0.28397	0.40934
1690	0.28369	0.28376	0.40924
1691	0.28347	0.28355	0.40912
1692	0.28325	0.28333	0.409
1693	0.28304	0.28311	0.40889
1694	0.28283	0.28287	0.40875
1695	0.28261	0.28263	0.40859
1696	0.28241	0.2824	0.40841
1697	0.2822	0.28217	0.40822
1698	0.28198	0.28193	0.40802
1699	0.28174	0.28167	0.40782
1700	0.28149	0.28141	0.40763
1701	0.28125	0.28117	0.40746
1702	0.281	0.2809	0.40727
1703	0.28075	0.28062	0.40709
1704	0.28051	0.28036	0.40691
1705	0.28029	0.28012	0.40674
1706	0.28009	0.27989	0.40657
1707	0.27989	0.27969	0.40639
1708	0.27967	0.27946	0.4062
1709	0.27943	0.27922	0.40599
1710	0.27919	0.27896	0.40577
1711	0.27896	0.27869	0.40554
1712	0.2787	0.27842	0.40531
1713	0.27842	0.27815	0.40511
1714	0.27815	0.27787	0.4049
1715	0.2779	0.27758	0.40466
1716	0.27761	0.27728	0.4044
1717	0.2773	0.27696	0.40414
1718	0.27699	0.27666	0.40387
1719	0.27668	0.27636	0.40361
1720	0.27635	0.27604	0.40333
1721	0.27601	0.27569	0.40304
1722	0.27564	0.27534	0.40275
1723	0.27528	0.27499	0.40244
1724	0.27493	0.27467	0.40212
1725	0.27461	0.27436	0.4018
1726	0.27426	0.27402	0.40146
1727	0.2739	0.27368	0.40111
1728	0.27358	0.27335	0.40076
1729	0.27328	0.27302	0.40041
1730	0.27297	0.2727	0.40004
1731	0.27268	0.27238	0.39969
1732	0.27241	0.27209	0.39936
1733	0.27214	0.27181	0.39905
1734	0.27185	0.27152	0.39875
1735	0.27154	0.27123	0.39846
1736	0.27125	0.27096	0.39818
1737	0.27097	0.27069	0.3979
1738	0.27071	0.27044	0.39763
1739	0.27047	0.2702	0.39736
1740	0.27023	0.26996	0.39708
1741	0.26999	0.26972	0.3968
1742	0.26975	0.26947	0.3965
1743	0.26951	0.26923	0.3962
1744	0.26927	0.26898	0.39591
1745	0.269	0.26871	0.39562
1746	0.2687	0.26841	0.39533
1747	0.26837	0.2681	0.39503
1748	0.26802	0.2678	0.39473
1749	0.26764	0.26745	0.39441
1750	0.26725	0.26704	0.39405
1751	0.26683	0.26662	0.39369
1752	0.26639	0.2662	0.39332
1753	0.26594	0.26579	0.39295
1754	0.2655	0.26539	0.39256
1755	0.26504	0.26497	0.39216
1756	0.26456	0.26453	0.39174
1757	0.2641	0.2641	0.39132
1758	0.26364	0.26366	0.39091
1759	0.26319	0.26323	0.39048
1760	0.26276	0.2628	0.39001
1761	0.26233	0.26238	0.38956
1762	0.2619	0.26194	0.38913
1763	0.26148	0.26151	0.38869
1764	0.26109	0.26111	0.38826
1765	0.26075	0.26075	0.38785
1766	0.26045	0.26044	0.38747
1767	0.26013	0.2601	0.38706
1768	0.2598	0.25975	0.38664
1769	0.25946	0.25941	0.38626
1770	0.2591	0.25907	0.3859
1771	0.25877	0.25872	0.38557
1772	0.25848	0.25838	0.38525
1773	0.25822	0.25807	0.38494
1774	0.25799	0.2578	0.38464
1775	0.25774	0.25755	0.38435
1776	0.25751	0.25731	0.38408
1777	0.25728	0.25708	0.38384
1778	0.25708	0.25687	0.38364
1779	0.25689	0.2567	0.38347
1780	0.25668	0.25651	0.38329
1781	0.25643	0.25629	0.38309
1782	0.2562	0.25608	0.38291
1783	0.256	0.2559	0.38275
1784	0.25583	0.25574	0.3826
1785	0.25571	0.25563	0.3824
1786	0.25558	0.25555	0.38228
1787	0.25545	0.25549	0.38224
1788	0.2553	0.25537	0.38217
1789	0.25516	0.25521	0.38209
1790	0.25503	0.25502	0.38201
1791	0.2549	0.2548	0.38195
1792	0.25481	0.25465	0.38195
1793	0.2548	0.25462	0.38204
1794	0.25484	0.25465	0.38214
1795	0.25482	0.2546	0.38219
1796	0.25479	0.2545	0.38225
1797	0.25481	0.25445	0.38233
1798	0.25487	0.25444	0.3824
1799	0.25497	0.25446	0.38252
1800	0.25511	0.25451	0.38269
1801	0.25529	0.2546	0.38284
1802	0.25543	0.25466	0.38292
1803	0.25556	0.25471	0.38298
1804	0.2558	0.25486	0.38319
1805	0.25613	0.2551	0.38353
1806	0.25649	0.25538	0.38391
1807	0.25688	0.25568	0.38431
1808	0.25715	0.2559	0.3846
1809	0.25728	0.25603	0.38473
1810	0.25736	0.25614	0.38484
1811	0.25751	0.25628	0.38501
1812	0.25771	0.25644	0.38522
1813	0.25782	0.25653	0.38539
1814	0.25787	0.25658	0.38554
1815	0.25788	0.25667	0.38566
1816	0.25784	0.25676	0.38575
1817	0.25786	0.25689	0.38586
1818	0.25796	0.25706	0.38603
1819	0.25807	0.25724	0.38616
1820	0.25815	0.25737	0.38621
1821	0.25819	0.25747	0.38623
1822	0.25817	0.25749	0.38635
1823	0.25815	0.25746	0.38642
1824	0.25814	0.25743	0.38644
1825	0.25816	0.25745	0.3865
1826	0.25817	0.25746	0.38659
1827	0.25816	0.25745	0.38672
1828	0.25819	0.25752	0.38686
1829	0.25823	0.25762	0.38698
1830	0.25821	0.2576	0.38701
1831	0.25806	0.25734	0.3869
1832	0.25789	0.25706	0.38671
1833	0.25779	0.2569	0.38655
1834	0.25769	0.25678	0.38642
1835	0.25757	0.25663	0.38634
1836	0.25742	0.25645	0.38623
1837	0.25728	0.25625	0.38604
1838	0.25719	0.25606	0.38579
1839	0.2571	0.25586	0.38558
1840	0.25693	0.25563	0.38541
1841	0.25661	0.25528	0.38513
1842	0.25615	0.2548	0.38468
1843	0.25555	0.25418	0.38406
1844	0.25477	0.25339	0.38323
1845	0.25391	0.25252	0.38234
1846	0.25313	0.25168	0.38152
1847	0.25241	0.25083	0.38072
1848	0.25152	0.24985	0.37977
1849	0.25037	0.24872	0.37863
1850	0.24914	0.24753	0.37738
1851	0.24795	0.24638	0.3761
1852	0.24678	0.24517	0.37479
1853	0.24559	0.24394	0.3734
1854	0.24428	0.24266	0.37189
1855	0.24284	0.24129	0.37019
1856	0.24129	0.23987	0.36832
1857	0.23967	0.23839	0.36641
1858	0.23799	0.23685	0.36448
1859	0.23621	0.23521	0.36243
1860	0.23434	0.2335	0.36022
1861	0.23232	0.23164	0.35781
1862	0.23014	0.22958	0.35521
1863	0.22784	0.22739	0.35237
1864	0.22543	0.22508	0.34931
1865	0.22288	0.22258	0.34602
1866	0.22014	0.21983	0.34243
1867	0.21722	0.21691	0.33857
1868	0.2142	0.21393	0.33454
1869	0.21108	0.2109	0.33042
1870	0.20779	0.20766	0.32606
1871	0.20425	0.20417	0.32131
1872	0.20052	0.20049	0.31618
1873	0.19666	0.19657	0.31076
1874	0.19268	0.19243	0.30511
1875	0.18848	0.18816	0.29923
1876	0.1841	0.18381	0.29313
1877	0.17966	0.17937	0.28679
1878	0.17524	0.1748	0.28022
1879	0.17077	0.17013	0.27348
1880	0.16624	0.16539	0.26658
1881	0.16172	0.16064	0.25957
1882	0.15721	0.15591	0.25249
1883	0.15266	0.15118	0.24531
1884	0.14807	0.14644	0.23797
1885	0.14351	0.14174	0.23054
1886	0.13913	0.13722	0.22322
1887	0.13493	0.13293	0.21609
1888	0.13078	0.12877	0.20898
1889	0.12666	0.12472	0.20178
1890	0.12265	0.12076	0.19458
1891	0.11881	0.117	0.18759
1892	0.11516	0.11343	0.18085
1893	0.11174	0.11003	0.17434
1894	0.10855	0.10683	0.16804
1895	0.10544	0.10374	0.16183
1896	0.1024	0.10075	0.15573
1897	0.099496	0.097879	0.14986
1898	0.096827	0.095189	0.14428
1899	0.094364	0.092693	0.13898
1900	0.092076	0.090391	0.13395
1901	0.089946	0.088291	0.1292
1902	0.087935	0.086308	0.1247
1903	0.086038	0.084423	0.12047
1904	0.084276	0.08272	0.11658
1905	0.082641	0.081199	0.11298
1906	0.081112	0.079779	0.10958
1907	0.079673	0.078404	0.10636
1908	0.078386	0.077118	0.10343
1909	0.077234	0.075941	0.10078
1910	0.076182	0.074959	0.098356
1911	0.075281	0.074222	0.096218
1912	0.074548	0.073616	0.094349
1913	0.0739	0.072987	0.092595
1914	0.073306	0.072369	0.090964
1915	0.072707	0.071798	0.089492
1916	0.072108	0.071268	0.088181
1917	0.071603	0.070825	0.087065
1918	0.071208	0.07049	0.086133
1919	0.070899	0.070217	0.08532
1920	0.070616	0.069927	0.08455
1921	0.070345	0.06966	0.083903
1922	0.070103	0.069466	0.083417
1923	0.069884	0.069298	0.082997
1924	0.069642	0.06908	0.082504
1925	0.0694	0.068842	0.081999
1926	0.069234	0.068666	0.081727
1927	0.069145	0.068549	0.081689
1928	0.06908	0.068436	0.081648
1929	0.06903	0.068337	0.081533
1930	0.068948	0.068242	0.081453
1931	0.068828	0.068124	0.081492
1932	0.068784	0.068068	0.081685
1933	0.068827	0.068084	0.081935
1934	0.068911	0.068141	0.082223
1935	0.069036	0.068256	0.082568
1936	0.069207	0.068422	0.082985
1937	0.069395	0.068538	0.083458
1938	0.069577	0.068576	0.083965
1939	0.069815	0.068707	0.084555
1940	0.07014	0.068999	0.085262
1941	0.070498	0.069324	0.086039
1942	0.070851	0.069615	0.086843
1943	0.071197	0.069922	0.08766
1944	0.071516	0.070281	0.088461
1945	0.071834	0.07069	0.089279
1946	0.072279	0.071173	0.090265
1947	0.072824	0.0717	0.091385
1948	0.073275	0.072168	0.092407
1949	0.073594	0.072556	0.093284
1950	0.073948	0.07298	0.094249
1951	0.074373	0.073443	0.095358
1952	0.074823	0.073915	0.096509
1953	0.075226	0.074336	0.097611
1954	0.075563	0.074697	0.098663
1955	0.075898	0.075094	0.099713
1956	0.076243	0.075528	0.10077
1957	0.076587	0.075946	0.10187
1958	0.076927	0.076348	0.103
1959	0.077223	0.076701	0.10409
1960	0.07747	0.077003	0.10514
1961	0.077723	0.077308	0.10625
1962	0.077992	0.077629	0.10743
1963	0.078271	0.077979	0.1086
1964	0.078585	0.078391	0.10971
1965	0.078954	0.078864	0.11084
1966	0.079386	0.079381	0.11209
1967	0.079854	0.079906	0.11341
1968	0.080332	0.080396	0.11472
1969	0.080816	0.080855	0.11599
1970	0.081288	0.081324	0.11722
1971	0.081761	0.081806	0.11843
1972	0.082246	0.082239	0.11965
1973	0.082744	0.082597	0.12091
1974	0.083261	0.082981	0.12219
1975	0.083814	0.08348	0.12353
1976	0.084399	0.084066	0.12494
1977	0.085006	0.084692	0.12643
1978	0.085631	0.085339	0.12797
1979	0.08626	0.085948	0.12948
1980	0.086904	0.086538	0.13098
1981	0.087643	0.087223	0.13258
1982	0.088482	0.088001	0.13426
1983	0.089255	0.088743	0.13586
1984	0.089923	0.089424	0.13732
1985	0.090563	0.090052	0.13876
1986	0.091204	0.090619	0.14023
1987	0.091822	0.091164	0.1417
1988	0.092434	0.09177	0.14322
1989	0.093046	0.092428	0.14476
1990	0.093626	0.093048	0.14617
1991	0.094195	0.093654	0.1475
1992	0.09479	0.094267	0.14894
1993	0.095399	0.094861	0.1505
1994	0.095981	0.095395	0.15193
1995	0.09649	0.09585	0.15316
1996	0.096994	0.096334	0.15445
1997	0.097579	0.09691	0.15595
1998	0.09822	0.09751	0.15748
1999	0.098879	0.098086	0.15886
2000	0.099595	0.098739	0.16023
2001	0.10044	0.099599	0.16178
2002	0.10134	0.10055	0.16347
2003	0.10215	0.10132	0.16501
2004	0.10287	0.10195	0.16642
2005	0.1035	0.10258	0.16775
2006	0.10404	0.10322	0.16903
2007	0.10468	0.10388	0.17045
2008	0.10549	0.10459	0.17201
2009	0.1063	0.10533	0.17356
2010	0.10703	0.10613	0.17506
2011	0.10772	0.10696	0.17661
2012	0.10845	0.10775	0.17825
2013	0.10925	0.10853	0.17995
2014	0.11014	0.10939	0.18172
2015	0.11104	0.11027	0.18348
2016	0.11181	0.11104	0.18512
2017	0.11247	0.11176	0.18665
2018	0.11318	0.11252	0.18821
2019	0.11392	0.11329	0.18977
2020	0.11461	0.11401	0.19134
2021	0.11521	0.11465	0.19287
2022	0.11582	0.11532	0.19442
2023	0.11657	0.11611	0.19604
2024	0.11739	0.11698	0.19768
2025	0.11811	0.11767	0.19916
2026	0.11868	0.11816	0.20042
2027	0.11927	0.1187	0.2017
2028	0.11991	0.11934	0.20307
2029	0.12047	0.11987	0.20434
2030	0.1209	0.12024	0.2054
2031	0.1213	0.12064	0.20642
2032	0.12176	0.12114	0.20755
2033	0.12229	0.12168	0.20866
2034	0.12282	0.12218	0.20959
2035	0.12335	0.12272	0.21047
2036	0.12397	0.12339	0.21152
2037	0.12467	0.1241	0.2127
2038	0.1253	0.12462	0.21377
2039	0.12581	0.12498	0.21467
2040	0.12637	0.12545	0.21568
2041	0.127	0.12607	0.21683
2042	0.12772	0.12672	0.21791
2043	0.12852	0.1274	0.21895
2044	0.12932	0.12813	0.22005
2045	0.13005	0.12891	0.22123
2046	0.13076	0.12969	0.22244
2047	0.13152	0.13044	0.22366
2048	0.13242	0.13126	0.22493
2049	0.13338	0.13219	0.22628
2050	0.13424	0.13311	0.22759
2051	0.13483	0.13377	0.22865
2052	0.13529	0.13427	0.22952
2053	0.13599	0.13493	0.23059
2054	0.13688	0.13575	0.23189
2055	0.13751	0.13641	0.23311
2056	0.13786	0.1369	0.2342
2057	0.13828	0.1374	0.23521
2058	0.13885	0.13797	0.2362
2059	0.13942	0.13853	0.23725
2060	0.13987	0.139	0.23832
2061	0.14019	0.13937	0.2392
2062	0.14045	0.13969	0.23989
2063	0.14081	0.1401	0.24065
2064	0.14127	0.14061	0.24157
2065	0.14168	0.14109	0.24249
2066	0.142	0.14156	0.2433
2067	0.14234	0.14208	0.24409
2068	0.14278	0.14266	0.24503
2069	0.14327	0.14318	0.24604
2070	0.14372	0.14357	0.24699
2071	0.14421	0.14396	0.24796
2072	0.14498	0.14458	0.24911
2073	0.14594	0.14534	0.25037
2074	0.14672	0.14592	0.25152
2075	0.14731	0.14634	0.25257
2076	0.14803	0.14698	0.25356
2077	0.1489	0.14782	0.25452
2078	0.14972	0.14867	0.25546
2079	0.1504	0.14947	0.25645
2080	0.151	0.15022	0.25748
2081	0.15158	0.15094	0.2585
2082	0.15218	0.15164	0.25951
2083	0.15282	0.1523	0.26056
2084	0.15343	0.15292	0.26162
2085	0.15378	0.15339	0.26249
2086	0.15391	0.15368	0.26318
2087	0.1542	0.15399	0.26401
2088	0.15474	0.15447	0.26511
2089	0.15521	0.15499	0.26625
2090	0.15538	0.15538	0.26724
2091	0.15553	0.15571	0.26825
2092	0.15604	0.15625	0.26944
2093	0.1568	0.15695	0.27072
2094	0.1574	0.15752	0.27198
2095	0.15779	0.15793	0.27318
2096	0.15819	0.15834	0.27422
2097	0.15867	0.15878	0.2751
2098	0.15926	0.15929	0.27611
2099	0.15993	0.1599	0.27733
2100	0.16061	0.16057	0.27856
2101	0.16122	0.16118	0.27967
2102	0.16178	0.16165	0.28066
2103	0.16237	0.16205	0.28159
2104	0.16299	0.16247	0.28241
2105	0.16362	0.16293	0.28307
2106	0.16432	0.16351	0.28388
2107	0.16517	0.16423	0.28491
2108	0.16613	0.16501	0.2859
2109	0.16699	0.16568	0.28664
2110	0.16768	0.16626	0.28719
2111	0.16842	0.16709	0.28774
2112	0.1693	0.16814	0.28836
2113	0.17007	0.16891	0.28906
2114	0.17057	0.16936	0.28962
2115	0.17084	0.1698	0.28985
2116	0.17101	0.17023	0.29003
2117	0.17123	0.17055	0.29051
2118	0.17153	0.17079	0.29112
2119	0.17182	0.17108	0.29163
2120	0.17199	0.17143	0.29211
2121	0.1721	0.17162	0.29272
2122	0.17239	0.17171	0.29358
2123	0.17278	0.17191	0.29451
2124	0.17299	0.1722	0.29531
2125	0.17306	0.17243	0.29612
2126	0.17328	0.17267	0.2971
2127	0.17374	0.17306	0.29824
2128	0.17417	0.17355	0.29938
2129	0.17446	0.17387	0.30039
2130	0.17465	0.17389	0.30118
2131	0.17481	0.17382	0.30177
2132	0.17488	0.17372	0.30219
2133	0.17494	0.17359	0.30262
2134	0.17519	0.17362	0.30319
2135	0.17549	0.17377	0.30377
2136	0.17573	0.17387	0.30425
2137	0.17594	0.17391	0.30468
2138	0.17622	0.17403	0.30522
2139	0.17654	0.17433	0.30583
2140	0.17674	0.17468	0.30631
2141	0.17695	0.17502	0.30688
2142	0.17754	0.1756	0.30788
2143	0.17838	0.17637	0.30886
2144	0.17911	0.17693	0.30938
2145	0.17969	0.17725	0.30973
2146	0.18017	0.17759	0.31019
2147	0.18045	0.17794	0.31051
2148	0.18063	0.17811	0.31069
2149	0.1809	0.1782	0.31097
2150	0.18107	0.17842	0.31111
2151	0.181	0.17872	0.311
2152	0.18091	0.17892	0.31096
2153	0.18101	0.17898	0.31114
2154	0.18121	0.1791	0.3113
2155	0.18138	0.17945	0.31149
2156	0.18155	0.17982	0.31184
2157	0.18174	0.18001	0.31219
2158	0.18188	0.18015	0.31233
2159	0.18186	0.18041	0.31243
2160	0.18188	0.18078	0.31281
2161	0.1821	0.18122	0.31331
2162	0.18239	0.18162	0.31364
2163	0.18258	0.18187	0.31389
2164	0.18264	0.18191	0.31404
2165	0.18265	0.18176	0.31399
2166	0.18253	0.18151	0.31379
2167	0.18233	0.18128	0.31358
2168	0.1822	0.18106	0.3135
2169	0.18223	0.18093	0.31355
2170	0.18234	0.18094	0.31366
2171	0.18242	0.18092	0.31383
2172	0.18254	0.18092	0.31414
2173	0.18279	0.18102	0.31462
2174	0.183	0.18116	0.31521
2175	0.18301	0.18122	0.31573
2176	0.18304	0.18131	0.31625
2177	0.18339	0.18158	0.31707
2178	0.18401	0.18209	0.31808
2179	0.18445	0.18249	0.31881
2180	0.18462	0.18257	0.31914
2181	0.18481	0.18273	0.31944
2182	0.18496	0.18311	0.31987
2183	0.18494	0.18347	0.32022
2184	0.18495	0.18364	0.32056
2185	0.18516	0.1838	0.32096
2186	0.18531	0.18406	0.3211
2187	0.18529	0.18433	0.32101
2188	0.18533	0.18452	0.321
2189	0.1854	0.18462	0.32104
2190	0.1854	0.1848	0.32108
2191	0.18542	0.18513	0.32124
2192	0.18544	0.18535	0.32144
2193	0.18536	0.18532	0.3215
2194	0.1852	0.18525	0.32147
2195	0.18507	0.18538	0.32162
2196	0.18507	0.18567	0.32191
2197	0.18507	0.18582	0.32201
2198	0.18492	0.18569	0.32187
2199	0.18472	0.1855	0.32179
2200	0.18461	0.18539	0.32181
2201	0.18455	0.1853	0.32178
2202	0.18458	0.18522	0.3217
2203	0.18479	0.18515	0.32169
2204	0.18493	0.18506	0.32172
2205	0.18486	0.18493	0.32166
2206	0.18473	0.18471	0.32153
2207	0.18466	0.18445	0.32153
2208	0.18465	0.18433	0.32173
2209	0.18459	0.18426	0.32198
2210	0.18454	0.18415	0.32224
2211	0.18461	0.18408	0.32255
2212	0.18473	0.1841	0.32278
2213	0.18482	0.18414	0.32298
2214	0.18497	0.18421	0.32333
2215	0.18515	0.18422	0.32369
2216	0.18519	0.18406	0.32381
2217	0.18506	0.18381	0.3239
2218	0.18487	0.18361	0.3242
2219	0.18481	0.18345	0.32451
2220	0.18495	0.18326	0.32471
2221	0.18511	0.18312	0.32488
2222	0.18508	0.18308	0.3251
2223	0.1849	0.18299	0.32531
2224	0.18475	0.18274	0.32545
2225	0.18461	0.18236	0.32543
2226	0.18437	0.18199	0.32538
2227	0.18403	0.18166	0.3255
2228	0.18377	0.18145	0.32571
2229	0.18367	0.18137	0.32579
2230	0.18356	0.18131	0.32581
2231	0.18338	0.18124	0.32604
2232	0.18322	0.18112	0.32629
2233	0.18306	0.18097	0.32629
2234	0.18291	0.18083	0.32616
2235	0.18276	0.18066	0.32596
2236	0.18252	0.18044	0.32557
2237	0.18223	0.18026	0.3251
2238	0.18202	0.18013	0.32473
2239	0.18185	0.17992	0.32438
2240	0.18148	0.17956	0.32388
2241	0.18103	0.17912	0.32327
2242	0.18075	0.17874	0.32275
2243	0.18066	0.17853	0.32244
2244	0.18054	0.17836	0.32213
2245	0.1802	0.17795	0.32155
2246	0.17982	0.17741	0.3209
2247	0.17958	0.17698	0.32038
2248	0.17941	0.17669	0.31995
2249	0.17921	0.17637	0.31961
2250	0.17897	0.17594	0.31917
2251	0.17873	0.17561	0.31851
2252	0.17848	0.17555	0.31781
2253	0.17819	0.17556	0.31722
2254	0.17787	0.17543	0.3167
2255	0.17761	0.17516	0.31612
2256	0.17738	0.17491	0.31564
2257	0.17704	0.17471	0.31544
2258	0.17656	0.17445	0.31529
2259	0.17611	0.17408	0.31496
2260	0.1757	0.17357	0.31446
2261	0.17515	0.17312	0.31395
2262	0.17446	0.17282	0.31364
2263	0.17379	0.1725	0.3134
2264	0.17329	0.17213	0.31292
2265	0.17284	0.17171	0.31236
2266	0.17235	0.17134	0.31208
2267	0.17188	0.17097	0.31191
2268	0.17134	0.17041	0.31129
2269	0.17066	0.16968	0.31038
2270	0.17	0.16905	0.30969
2271	0.1694	0.16852	0.30914
2272	0.16866	0.16785	0.30858
2273	0.16784	0.16705	0.30815
2274	0.16718	0.16629	0.30782
2275	0.16659	0.16554	0.30736
2276	0.16599	0.16469	0.30676
2277	0.16551	0.16384	0.30616
2278	0.16511	0.16309	0.30566
2279	0.16455	0.16236	0.30518
2280	0.16383	0.16152	0.30451
2281	0.16317	0.16071	0.30365
2282	0.16267	0.1601	0.30288
2283	0.16225	0.15963	0.30229
2284	0.16179	0.15912	0.30165
2285	0.16136	0.15855	0.30079
2286	0.16103	0.15816	0.2999
2287	0.16069	0.15803	0.29928
2288	0.16029	0.15783	0.29893
2289	0.15996	0.15745	0.29858
2290	0.15986	0.15713	0.29832
2291	0.15981	0.15694	0.29835
2292	0.15962	0.15689	0.2985
2293	0.15942	0.15689	0.29837
2294	0.15939	0.15684	0.29778
2295	0.15944	0.15676	0.29714
2296	0.15915	0.15655	0.29652
2297	0.15877	0.15655	0.2959
2298	0.15865	0.15667	0.29523
2299	0.15842	0.15632	0.29435
2300	0.15803	0.15586	0.29354
2301	0.15752	0.15557	0.29282
2302	0.15698	0.15528	0.29213
2303	0.15643	0.15482	0.29145
2304	0.15566	0.15418	0.29058
2305	0.15476	0.15357	0.28956
2306	0.15395	0.15297	0.28866
2307	0.15327	0.1523	0.28794
2308	0.15255	0.15171	0.28725
2309	0.15183	0.15129	0.28653
2310	0.15119	0.15081	0.28568
2311	0.15062	0.15016	0.28458
2312	0.15031	0.14968	0.28341
2313	0.15027	0.14955	0.28246
2314	0.15001	0.14931	0.28161
2315	0.14929	0.14858	0.28043
2316	0.14851	0.14779	0.27902
2317	0.14786	0.14735	0.278
2318	0.14698	0.14686	0.27735
2319	0.14584	0.14591	0.27649
2320	0.14493	0.14492	0.27546
2321	0.14443	0.14424	0.27471
2322	0.14383	0.14365	0.27424
2323	0.1431	0.14298	0.2737
2324	0.14276	0.14248	0.27304
2325	0.14275	0.1423	0.2724
2326	0.14261	0.14221	0.27195
2327	0.14221	0.14203	0.27155
2328	0.14177	0.14183	0.2709
2329	0.14138	0.14161	0.27014
2330	0.14105	0.14147	0.26968
2331	0.14105	0.14171	0.26968
2332	0.14136	0.14231	0.26989
2333	0.14197	0.14313	0.27015
2334	0.14261	0.14377	0.27015
2335	0.14274	0.14391	0.26994
2336	0.14261	0.14388	0.26983
2337	0.14262	0.14365	0.26953
2338	0.14293	0.14324	0.26921
2339	0.14317	0.14284	0.26902
2340	0.14319	0.14249	0.26864
2341	0.14333	0.1422	0.26819
2342	0.14352	0.1418	0.26795
2343	0.14354	0.14164	0.26767
2344	0.14349	0.1419	0.26713
2345	0.14336	0.14196	0.26635
2346	0.14297	0.14142	0.26524
2347	0.14271	0.1409	0.26426
2348	0.14258	0.14078	0.264
2349	0.14192	0.14034	0.26373
2350	0.14065	0.13921	0.26277
2351	0.13933	0.13798	0.26164
2352	0.13835	0.13719	0.26077
2353	0.13755	0.13661	0.26013
2354	0.13698	0.13578	0.25946
2355	0.13675	0.13479	0.25851
2356	0.13687	0.13409	0.2576
2357	0.13695	0.13351	0.257
2358	0.13634	0.13268	0.2564
2359	0.13571	0.13188	0.25564
2360	0.13557	0.1312	0.25482
2361	0.13533	0.13022	0.25407
2362	0.13479	0.12889	0.25329
2363	0.13427	0.12792	0.25243
2364	0.13388	0.12738	0.25181
2365	0.13368	0.12675	0.25152
2366	0.13353	0.12603	0.25135
2367	0.13317	0.1255	0.25105
2368	0.13262	0.12508	0.2503
2369	0.13205	0.12425	0.24921
2370	0.13165	0.12293	0.24827
2371	0.13117	0.12162	0.24769
2372	0.13062	0.12051	0.24717
2373	0.13027	0.1194	0.24639
2374	0.13004	0.11812	0.24561
2375	0.12968	0.11697	0.24516
2376	0.12919	0.11664	0.24483
2377	0.12843	0.11657	0.24405
2378	0.12706	0.11571	0.24265
2379	0.12557	0.11495	0.2414
2380	0.12435	0.1151	0.24103
2381	0.12277	0.11488	0.24071
2382	0.12107	0.11419	0.24017
2383	0.11994	0.11431	0.24022
2384	0.11861	0.11437	0.24038
2385	0.11689	0.11357	0.23966
2386	0.11561	0.11293	0.23859
2387	0.11488	0.11286	0.23802
2388	0.1146	0.11282	0.23783
2389	0.11459	0.11278	0.23792
2390	0.11441	0.11276	0.23798
2391	0.11395	0.11258	0.2375
2392	0.11394	0.11216	0.23655
2393	0.11409	0.11135	0.23514
2394	0.11364	0.11069	0.23361
2395	0.11339	0.11065	0.23207
2396	0.11375	0.11076	0.23026
2397	0.11405	0.11074	0.22847
2398	0.11344	0.11016	0.22663
2399	0.11212	0.10925	0.22462
2400	0.11062	0.10819	0.22243
2401	0.10903	0.10679	0.2199
2402	0.10742	0.10523	0.21747
2403	0.10618	0.10389	0.21547
2404	0.10578	0.10301	0.21392
2405	0.10581	0.10215	0.21292
2406	0.1067	0.10205	0.21285
2407	0.10823	0.10286	0.21301
2408	0.10848	0.10222	0.21185
2409	0.10775	0.1001	0.2098
2410	0.10789	0.098809	0.20801
2411	0.10891	0.099218	0.20661
2412	0.10918	0.099674	0.2055
2413	0.10869	0.098838	0.20446
2414	0.10759	0.097281	0.20235
2415	0.10595	0.096403	0.19965
2416	0.10485	0.096656	0.19826
2417	0.10434	0.097133	0.19772
2418	0.10308	0.09692	0.19676
2419	0.10068	0.095824	0.19508
2420	0.098255	0.094579	0.19296
2421	0.096744	0.094342	0.19114
2422	0.096557	0.095023	0.19092
2423	0.096707	0.095217	0.19161
2424	0.095625	0.094442	0.1907
2425	0.093978	0.093668	0.18873
2426	0.093179	0.093282	0.18731
2427	0.093362	0.093217	0.18627
2428	0.093014	0.093131	0.18416
2429	0.091582	0.092948	0.18145
2430	0.09027	0.093467	0.17971
2431	0.089641	0.094431	0.17851
2432	0.088921	0.094802	0.17738
2433	0.087438	0.094103	0.1765
2434	0.085939	0.09262	0.17573
2435	0.085534	0.091722	0.17529
2436	0.085397	0.091215	0.175
2437	0.085004	0.08972	0.1749
2438	0.085209	0.087586	0.17563
2439	0.086326	0.086619	0.17697
2440	0.088285	0.087386	0.17804
2441	0.090055	0.088013	0.17811
2442	0.091119	0.087572	0.17731
2443	0.091626	0.086419	0.17588
2444	0.091864	0.085337	0.17425
2445	0.093028	0.085501	0.17331
2446	0.095508	0.087189	0.17353
2447	0.097698	0.088834	0.17442
2448	0.098281	0.089021	0.17441
2449	0.097479	0.087923	0.17251
2450	0.095258	0.085919	0.16999
2451	0.093182	0.08476	0.16914
2452	0.09325	0.086497	0.17086
2453	0.093434	0.088025	0.17131
2454	0.091176	0.085426	0.16739
2455	0.089155	0.082382	0.16316
2456	0.089784	0.08233	0.16189
2457	0.090424	0.081741	0.16092
2458	0.088938	0.07838	0.15775
2459	0.086179	0.074575	0.15339
2460	0.083768	0.072529	0.14951
2461	0.0827	0.071059	0.14645
2462	0.082268	0.068821	0.14353
2463	0.081988	0.067048	0.1404
2464	0.082274	0.065969	0.13717
2465	0.082427	0.064297	0.13472
2466	0.081727	0.062437	0.13378
2467	0.082042	0.062224	0.13464
2468	0.084007	0.063048	0.13724
2469	0.085298	0.062053	0.13859
2470	0.085386	0.059378	0.13852
2471	0.085008	0.05692	0.13785
2472	0.084125	0.054297	0.13641
2473	0.083728	0.051947	0.13543
2474	0.083881	0.050987	0.13541
2475	0.085033	0.052259	0.13645
2476	0.087309	0.054752	0.13826
2477	0.089459	0.057227	0.13959
2478	0.09098	0.05985	0.14015
2479	0.090046	0.05989	0.13832
2480	0.087177	0.057674	0.13468
