*Name: Leaf top
Type: Leaf Spectrum

Origin: Remote Sensing Laboratories, University of Zurich

Description: abaxial reflectance, adaxial reflectance, and adaxial transmittance

Measurement: Hemispherical Conical Reflectance Factor HCRF measured by ASD Integrating Sphere

Wavelength [nm]	abaxial Reflectance [0 1]	adaxial Reflectance [0 1]	adaxial Transmittance [0 1]
370	0.015305	0.014557	-0.0020469
371	0.020817	0.019945	-0.0022913
372	0.025222	0.024241	-0.0044503
373	0.029835	0.02878	-0.0049957
374	0.034047	0.032909	-0.0047309
375	0.037202	0.035963	-0.0044032
376	0.038714	0.037437	-0.0040814
377	0.038915	0.037693	-0.0026031
378	0.03726	0.036168	-0.00045777
379	0.037326	0.036201	-0.00022702
380	0.037531	0.036548	0.00051821
381	0.037474	0.036477	0.00037155
382	0.037464	0.036369	0.00013855
383	0.038018	0.036884	0.00085825
384	0.038101	0.03709	0.0013779
385	0.037434	0.03655	0.00054536
386	0.036366	0.035602	-0.0012518
387	0.03677	0.036109	-4.5951e-05
388	0.037281	0.036675	0.0011012
389	0.037419	0.03688	0.0013698
390	0.037875	0.037428	0.0022773
391	0.038719	0.038338	0.0037283
392	0.039162	0.038781	0.0042689
393	0.03958	0.03916	0.0046859
394	0.04017	0.039745	0.0054514
395	0.040471	0.040008	0.005711
396	0.040599	0.0401	0.0057159
397	0.040808	0.040253	0.0057154
398	0.041008	0.040382	0.0058715
399	0.041252	0.040587	0.0062437
400	0.041143	0.040482	0.0059588
401	0.041145	0.040469	0.0059534
402	0.040917	0.040245	0.0054827
403	0.040629	0.039987	0.0047181
404	0.040588	0.039961	0.0043599
405	0.040251	0.039644	0.0035334
406	0.03992	0.039354	0.0027923
407	0.040209	0.039656	0.0032168
408	0.040166	0.039572	0.0029271
409	0.039979	0.039353	0.0024002
410	0.040101	0.039498	0.0025363
411	0.040431	0.039835	0.00301
412	0.040914	0.040328	0.0037809
413	0.041465	0.040905	0.0046871
414	0.041634	0.041097	0.0048717
415	0.041852	0.04132	0.005156
416	0.042183	0.041632	0.0055806
417	0.042402	0.041865	0.0057794
418	0.042505	0.041996	0.0058205
419	0.042683	0.042207	0.0059811
420	0.042953	0.042503	0.006302
421	0.043264	0.042791	0.0067066
422	0.043374	0.042866	0.0067567
423	0.043515	0.042984	0.0068731
424	0.043832	0.043268	0.0073314
425	0.044057	0.04344	0.0076046
426	0.044242	0.043593	0.0078125
427	0.044547	0.043868	0.0082273
428	0.044822	0.044116	0.0086205
429	0.045095	0.044359	0.0090367
430	0.045254	0.044488	0.0092811
431	0.045279	0.044513	0.0093418
432	0.045482	0.044705	0.0096921
433	0.045783	0.04499	0.010197
434	0.04607	0.045264	0.010706
435	0.04628	0.045471	0.011092
436	0.046526	0.04574	0.011541
437	0.046772	0.04601	0.011988
438	0.046983	0.046228	0.012387
439	0.047157	0.046417	0.012714
440	0.047284	0.046557	0.012888
441	0.047376	0.046646	0.013002
442	0.047406	0.046686	0.013056
443	0.047434	0.046727	0.01312
444	0.047364	0.046664	0.013026
445	0.047332	0.046629	0.012978
446	0.047361	0.046643	0.013006
447	0.047458	0.046718	0.013165
448	0.047611	0.046848	0.013447
449	0.047775	0.046998	0.013758
450	0.047908	0.047125	0.014037
451	0.048043	0.047247	0.01432
452	0.048293	0.047488	0.014809
453	0.048586	0.047772	0.015366
454	0.048802	0.047984	0.015778
455	0.048892	0.048083	0.016045
456	0.048951	0.048154	0.016282
457	0.049116	0.048336	0.016668
458	0.049203	0.048431	0.016916
459	0.049244	0.048468	0.017064
460	0.049283	0.048502	0.017177
461	0.049297	0.048517	0.017282
462	0.049286	0.048506	0.01734
463	0.049292	0.048506	0.017404
464	0.049263	0.048476	0.017408
465	0.049269	0.048484	0.017451
466	0.049312	0.048532	0.017551
467	0.049421	0.048647	0.01778
468	0.049522	0.048755	0.018006
469	0.049592	0.048827	0.018179
470	0.04963	0.048865	0.018292
471	0.049756	0.048991	0.018521
472	0.049847	0.049073	0.018689
473	0.049906	0.049127	0.018817
474	0.049909	0.049143	0.018862
475	0.04991	0.049163	0.018933
476	0.050003	0.049268	0.019146
477	0.050093	0.049366	0.019319
478	0.050085	0.04937	0.019335
479	0.050037	0.049331	0.019286
480	0.050039	0.049336	0.019323
481	0.050073	0.049371	0.019426
482	0.050067	0.049364	0.019465
483	0.050044	0.049334	0.019474
484	0.050048	0.04933	0.019523
485	0.050124	0.049393	0.019674
486	0.050186	0.049442	0.019803
487	0.050245	0.049499	0.019964
488	0.050279	0.049538	0.020089
489	0.050375	0.049639	0.020304
490	0.050615	0.049882	0.020741
491	0.050789	0.050066	0.02106
492	0.050896	0.050183	0.02128
493	0.051017	0.050298	0.021523
494	0.051205	0.050477	0.021881
495	0.051413	0.05068	0.022284
496	0.051661	0.050918	0.022769
497	0.05194	0.051177	0.023291
498	0.052254	0.051468	0.023861
499	0.052577	0.051769	0.024453
500	0.052918	0.052095	0.025089
501	0.053301	0.052465	0.025834
502	0.053691	0.052839	0.026612
503	0.054163	0.053298	0.027523
504	0.054766	0.053888	0.028669
505	0.055365	0.054471	0.029827
506	0.055958	0.055049	0.030989
507	0.056627	0.055686	0.032285
508	0.057371	0.0564	0.033732
509	0.058201	0.057195	0.035342
510	0.059057	0.058008	0.037014
511	0.059949	0.05885	0.038742
512	0.060917	0.059768	0.040615
513	0.061987	0.060793	0.042695
514	0.063117	0.061875	0.044891
515	0.064274	0.062973	0.047157
516	0.065501	0.064135	0.049573
517	0.066883	0.065455	0.052245
518	0.068371	0.066873	0.055105
519	0.069871	0.068302	0.058001
520	0.071426	0.069794	0.060987
521	0.07307	0.071369	0.064118
522	0.074771	0.072997	0.067332
523	0.076499	0.074649	0.070562
524	0.078204	0.076281	0.073733
525	0.07992	0.077928	0.076898
526	0.081631	0.079576	0.080028
527	0.083319	0.081205	0.083101
528	0.084935	0.082765	0.08602
529	0.086494	0.084271	0.088813
530	0.088007	0.085736	0.091523
531	0.089477	0.087165	0.094136
532	0.090847	0.088497	0.096563
533	0.092105	0.089722	0.098802
534	0.093314	0.090908	0.10094
535	0.094424	0.092	0.10291
536	0.095393	0.092957	0.10464
537	0.096263	0.093818	0.10619
538	0.097047	0.094598	0.1076
539	0.097713	0.095267	0.10883
540	0.098281	0.09584	0.1099
541	0.098782	0.096351	0.11086
542	0.099255	0.09684	0.11177
543	0.099689	0.097294	0.11261
544	0.1001	0.097731	0.11342
545	0.10054	0.098187	0.11426
546	0.10096	0.098634	0.11507
547	0.10137	0.099082	0.11589
548	0.10178	0.09952	0.11669
549	0.10218	0.099958	0.11747
550	0.10255	0.10036	0.11821
551	0.1029	0.10074	0.11891
552	0.1032	0.10107	0.11952
553	0.10341	0.10131	0.12001
554	0.10355	0.10149	0.12038
555	0.10364	0.10161	0.12067
556	0.10365	0.10164	0.12082
557	0.10353	0.10156	0.12078
558	0.10335	0.10139	0.12061
559	0.10306	0.10114	0.12028
560	0.10265	0.10076	0.11976
561	0.10216	0.1003	0.11909
562	0.10161	0.099774	0.11832
563	0.101	0.099198	0.11745
564	0.10033	0.098547	0.11644
565	0.099558	0.097805	0.11528
566	0.098723	0.096999	0.11399
567	0.09783	0.096133	0.11259
568	0.096869	0.095198	0.11108
569	0.095859	0.094209	0.10946
570	0.094792	0.09316	0.10774
571	0.093698	0.092084	0.10595
572	0.092564	0.09097	0.1041
573	0.091402	0.089831	0.10219
574	0.090261	0.088712	0.1003
575	0.089163	0.087637	0.098477
576	0.088121	0.086616	0.096728
577	0.087137	0.085652	0.095058
578	0.086189	0.084723	0.093438
579	0.085268	0.083822	0.091864
580	0.084415	0.08299	0.090393
581	0.083646	0.082242	0.089052
582	0.082891	0.081503	0.087742
583	0.082176	0.0808	0.0865
584	0.08152	0.080157	0.085355
585	0.080908	0.079558	0.084289
586	0.080323	0.078985	0.083276
587	0.079788	0.078463	0.082354
588	0.079266	0.077947	0.08146
589	0.078804	0.077491	0.08067
590	0.078415	0.077111	0.080004
591	0.078077	0.076781	0.079426
592	0.077764	0.076475	0.078893
593	0.077481	0.076203	0.07842
594	0.077248	0.07598	0.078036
595	0.077071	0.07581	0.077734
596	0.07688	0.075621	0.077418
597	0.076703	0.075446	0.077126
598	0.076537	0.075284	0.076847
599	0.076366	0.075114	0.076561
600	0.076183	0.074935	0.076266
601	0.075978	0.074735	0.07594
602	0.075737	0.074499	0.075551
603	0.075517	0.07429	0.075186
604	0.075296	0.07408	0.074806
605	0.075049	0.073847	0.074386
606	0.07477	0.073582	0.073903
607	0.074451	0.073275	0.07334
608	0.074107	0.072941	0.072725
609	0.073755	0.072596	0.072071
610	0.073389	0.072238	0.071378
611	0.072961	0.071819	0.070583
612	0.072504	0.071373	0.06973
613	0.072051	0.070927	0.068874
614	0.071578	0.070464	0.067989
615	0.071095	0.069993	0.06708
616	0.070613	0.069526	0.066162
617	0.070147	0.069073	0.065269
618	0.069694	0.068629	0.064399
619	0.069261	0.068208	0.063576
620	0.068853	0.067812	0.062802
621	0.068455	0.067417	0.062042
622	0.068102	0.067068	0.061365
623	0.067823	0.066791	0.06081
624	0.067591	0.066565	0.060343
625	0.067373	0.066356	0.059924
626	0.067209	0.0662	0.059606
627	0.067078	0.066078	0.059354
628	0.06695	0.065959	0.059125
629	0.066848	0.065867	0.058947
630	0.066798	0.06583	0.05886
631	0.066777	0.065818	0.05883
632	0.066748	0.065794	0.058787
633	0.066687	0.065736	0.058696
634	0.066595	0.065645	0.058554
635	0.066456	0.065504	0.058325
636	0.066297	0.065344	0.058044
637	0.066098	0.065144	0.057684
638	0.065844	0.064893	0.057214
639	0.065546	0.064596	0.056642
640	0.065159	0.064212	0.05591
641	0.064719	0.063778	0.055064
642	0.064255	0.063321	0.054151
643	0.063775	0.06285	0.053191
644	0.063298	0.062387	0.052205
645	0.062791	0.061894	0.051157
646	0.062246	0.061361	0.050045
647	0.061699	0.060825	0.04892
648	0.06118	0.06032	0.047841
649	0.060695	0.059852	0.04682
650	0.060247	0.059415	0.045859
651	0.059824	0.058999	0.044956
652	0.059444	0.058623	0.044127
653	0.05913	0.05831	0.043405
654	0.058824	0.058002	0.042712
655	0.058563	0.05774	0.042089
656	0.05835	0.05753	0.041538
657	0.058127	0.057309	0.040964
658	0.057888	0.057073	0.040345
659	0.057635	0.056822	0.039678
660	0.057336	0.056523	0.038922
661	0.057014	0.056201	0.038091
662	0.056663	0.055849	0.037183
663	0.056293	0.055478	0.036215
664	0.055906	0.055085	0.035192
665	0.055512	0.054681	0.034143
666	0.055115	0.054277	0.033084
667	0.054775	0.053925	0.032096
668	0.054471	0.053604	0.031156
669	0.054222	0.053334	0.0303
670	0.054057	0.053144	0.029573
671	0.053933	0.052987	0.028914
672	0.053857	0.052871	0.028334
673	0.053842	0.052813	0.027847
674	0.053848	0.052769	0.027399
675	0.053883	0.052742	0.026995
676	0.053993	0.052786	0.026691
677	0.054141	0.052864	0.02644
678	0.054305	0.05295	0.026214
679	0.054503	0.053067	0.026035
680	0.054735	0.053217	0.025914
681	0.055039	0.053433	0.025915
682	0.055405	0.053709	0.026045
683	0.055858	0.054071	0.026358
684	0.056412	0.054536	0.026908
685	0.057051	0.055095	0.027706
686	0.05778	0.055748	0.028776
687	0.058633	0.056538	0.030203
688	0.059622	0.057472	0.032032
689	0.060757	0.058558	0.034295
690	0.062116	0.059877	0.037112
691	0.063695	0.061422	0.040493
692	0.065538	0.063236	0.044488
693	0.067696	0.065369	0.049155
694	0.070199	0.067849	0.05452
695	0.073074	0.070703	0.060592
696	0.076332	0.07394	0.067335
697	0.080014	0.077598	0.074751
698	0.084103	0.081667	0.082776
699	0.08859	0.086139	0.091342
700	0.093437	0.090974	0.10034
701	0.098603	0.096134	0.10967
702	0.10403	0.10156	0.11923
703	0.10966	0.10719	0.12889
704	0.11545	0.113	0.13861
705	0.12137	0.11892	0.14828
706	0.12732	0.1249	0.15783
707	0.1333	0.13089	0.16722
708	0.13928	0.13689	0.17644
709	0.14522	0.14285	0.18544
710	0.15112	0.14877	0.19423
711	0.157	0.15466	0.20284
712	0.16285	0.16051	0.21126
713	0.16867	0.16633	0.21954
714	0.17447	0.17213	0.22766
715	0.18024	0.17789	0.23563
716	0.18598	0.18362	0.24346
717	0.19169	0.18932	0.25116
718	0.19736	0.19498	0.25872
719	0.20299	0.2006	0.26615
720	0.20857	0.20617	0.27344
721	0.21409	0.21168	0.28059
722	0.21956	0.21713	0.28759
723	0.22493	0.22249	0.29443
724	0.23021	0.22776	0.30108
725	0.23538	0.23292	0.30755
726	0.24042	0.23795	0.31382
727	0.24534	0.24286	0.31989
728	0.25012	0.24763	0.32574
729	0.25472	0.25223	0.33135
730	0.25917	0.25666	0.33672
731	0.26345	0.26093	0.34186
732	0.26756	0.26503	0.34677
733	0.2715	0.26896	0.35145
734	0.27525	0.2727	0.35588
735	0.27881	0.27625	0.36007
736	0.28219	0.27963	0.36403
737	0.28539	0.28283	0.36777
738	0.28839	0.28583	0.37128
739	0.29122	0.28867	0.37457
740	0.29387	0.29133	0.37766
741	0.29635	0.29383	0.38055
742	0.29865	0.29615	0.38324
743	0.30078	0.2983	0.38573
744	0.30275	0.30029	0.38804
745	0.30458	0.30215	0.39019
746	0.30626	0.30387	0.39219
747	0.3078	0.30545	0.39403
748	0.3092	0.3069	0.39572
749	0.31048	0.30823	0.39729
750	0.31163	0.30944	0.39872
751	0.31267	0.31053	0.40002
752	0.3136	0.31153	0.40121
753	0.31443	0.31242	0.40229
754	0.31516	0.31322	0.40326
755	0.31582	0.31394	0.40414
756	0.31642	0.3146	0.40495
757	0.31694	0.31518	0.40567
758	0.31741	0.3157	0.40633
759	0.31783	0.31618	0.40694
760	0.31821	0.31662	0.40749
761	0.31855	0.31702	0.40801
762	0.31884	0.31736	0.40846
763	0.31909	0.31766	0.40887
764	0.31931	0.31793	0.40925
765	0.3195	0.31818	0.40958
766	0.31966	0.31839	0.40989
767	0.31979	0.31857	0.41016
768	0.3199	0.31872	0.4104
769	0.32	0.31887	0.41063
770	0.32008	0.31899	0.41084
771	0.32014	0.3191	0.41103
772	0.32021	0.31921	0.41123
773	0.32028	0.31932	0.41142
774	0.32035	0.31942	0.4116
775	0.32039	0.31951	0.41176
776	0.32043	0.31958	0.4119
777	0.32047	0.31965	0.41205
778	0.32052	0.31973	0.4122
779	0.32057	0.31981	0.41234
780	0.32062	0.31988	0.41248
781	0.32066	0.31994	0.41261
782	0.32071	0.32001	0.41274
783	0.32077	0.32008	0.41289
784	0.32082	0.32015	0.41302
785	0.32087	0.32022	0.41315
786	0.32095	0.3203	0.41331
787	0.32103	0.32039	0.41346
788	0.3211	0.32047	0.4136
789	0.32117	0.32055	0.41375
790	0.32124	0.32063	0.4139
791	0.32133	0.32073	0.41407
792	0.32141	0.32081	0.41422
793	0.32148	0.32089	0.41437
794	0.32157	0.32098	0.41453
795	0.32166	0.32108	0.4147
796	0.32176	0.32118	0.41488
797	0.32185	0.32128	0.41505
798	0.32195	0.32138	0.41522
799	0.32204	0.32148	0.41539
800	0.32214	0.32158	0.41555
801	0.32223	0.32168	0.41571
802	0.32233	0.32179	0.41588
803	0.32243	0.32189	0.41605
804	0.32254	0.32201	0.41622
805	0.32265	0.32212	0.41638
806	0.32274	0.32221	0.41653
807	0.32285	0.32232	0.41669
808	0.32296	0.32244	0.41687
809	0.32306	0.32254	0.41703
810	0.32315	0.32263	0.41718
811	0.32324	0.32273	0.41733
812	0.32334	0.32284	0.41749
813	0.32344	0.32293	0.41763
814	0.32353	0.32303	0.41776
815	0.32362	0.32312	0.41789
816	0.32371	0.32322	0.41803
817	0.32381	0.32332	0.41817
818	0.32391	0.32343	0.41831
819	0.32402	0.32354	0.41846
820	0.32412	0.32364	0.41861
821	0.32422	0.32374	0.41876
822	0.32432	0.32384	0.4189
823	0.32441	0.32394	0.41905
824	0.32451	0.32404	0.41919
825	0.32461	0.32413	0.41932
826	0.3247	0.32423	0.41947
827	0.32479	0.32433	0.41959
828	0.32487	0.32441	0.41969
829	0.32495	0.32449	0.4198
830	0.32503	0.32458	0.41991
831	0.32512	0.32468	0.42003
832	0.32521	0.32477	0.42014
833	0.3253	0.32487	0.42026
834	0.32539	0.32497	0.42038
835	0.32548	0.32506	0.42049
836	0.32558	0.32517	0.42062
837	0.32567	0.32527	0.42074
838	0.32575	0.32535	0.42084
839	0.32581	0.32542	0.42093
840	0.32587	0.32549	0.42103
841	0.32592	0.32555	0.42111
842	0.32597	0.32562	0.42119
843	0.32603	0.32568	0.42128
844	0.3261	0.32577	0.42137
845	0.32618	0.32586	0.42148
846	0.32626	0.32595	0.42159
847	0.32636	0.32606	0.4217
848	0.32645	0.32615	0.42181
849	0.32653	0.32624	0.42191
850	0.3266	0.3263	0.42199
851	0.32664	0.32635	0.42205
852	0.32668	0.32639	0.42211
853	0.32673	0.32645	0.42218
854	0.32678	0.3265	0.42225
855	0.32682	0.32655	0.42231
856	0.32685	0.32658	0.42236
857	0.32688	0.32663	0.42242
858	0.32694	0.32669	0.4225
859	0.32701	0.32677	0.42259
860	0.32709	0.32686	0.4227
861	0.32717	0.32694	0.42279
862	0.32723	0.32701	0.42287
863	0.32726	0.32705	0.42293
864	0.32729	0.32709	0.42297
865	0.32733	0.32714	0.42304
866	0.32739	0.32721	0.42312
867	0.32744	0.32727	0.42318
868	0.32747	0.32731	0.42323
869	0.32749	0.32734	0.42327
870	0.32751	0.32736	0.4233
871	0.32755	0.32741	0.42337
872	0.3276	0.32745	0.42342
873	0.32764	0.32749	0.42347
874	0.32769	0.32754	0.42353
875	0.32773	0.32757	0.42357
876	0.32776	0.3276	0.4236
877	0.32777	0.32762	0.42362
878	0.32782	0.32767	0.42366
879	0.32786	0.32773	0.42372
880	0.3279	0.32777	0.42375
881	0.3279	0.32778	0.42375
882	0.32792	0.32781	0.42377
883	0.32795	0.32784	0.4238
884	0.32799	0.32788	0.42384
885	0.32802	0.32791	0.42388
886	0.32804	0.32794	0.42392
887	0.32807	0.32797	0.42397
888	0.3281	0.32801	0.42402
889	0.32816	0.32807	0.4241
890	0.32822	0.32813	0.42417
891	0.32826	0.32817	0.42422
892	0.32831	0.32822	0.42427
893	0.32835	0.32826	0.42429
894	0.32837	0.32829	0.42431
895	0.32841	0.32833	0.42432
896	0.32846	0.32837	0.42434
897	0.32849	0.3284	0.42434
898	0.3285	0.3284	0.42432
899	0.32848	0.32839	0.42428
900	0.3285	0.3284	0.42428
901	0.32852	0.32843	0.4243
902	0.32852	0.32844	0.4243
903	0.32857	0.32848	0.42435
904	0.32861	0.32851	0.42439
905	0.32863	0.32853	0.42441
906	0.32864	0.32854	0.42442
907	0.32867	0.32858	0.42445
908	0.3287	0.32863	0.42449
909	0.32874	0.32867	0.42452
910	0.3288	0.32873	0.42459
911	0.32885	0.32879	0.42464
912	0.32888	0.32882	0.42466
913	0.32887	0.32882	0.42466
914	0.32889	0.32883	0.42469
915	0.3289	0.32884	0.42471
916	0.32891	0.32884	0.42473
917	0.32895	0.32888	0.42476
918	0.32896	0.32888	0.42476
919	0.32897	0.3289	0.42476
920	0.32903	0.32895	0.4248
921	0.32906	0.32899	0.42482
922	0.32907	0.32899	0.42481
923	0.32905	0.32897	0.42478
924	0.32904	0.32896	0.42474
925	0.32901	0.32894	0.42471
926	0.32896	0.32888	0.42465
927	0.32888	0.32879	0.42458
928	0.32884	0.32875	0.42456
929	0.3288	0.32871	0.42455
930	0.32877	0.32868	0.42454
931	0.32875	0.32867	0.42452
932	0.32881	0.32873	0.42458
933	0.32889	0.32882	0.42468
934	0.32896	0.32889	0.42476
935	0.32897	0.3289	0.42479
936	0.32892	0.32884	0.42472
937	0.32884	0.32876	0.42461
938	0.32876	0.32868	0.42452
939	0.3287	0.32861	0.42443
940	0.32858	0.32849	0.42431
941	0.32845	0.32838	0.42418
942	0.32836	0.3283	0.4241
943	0.32825	0.3282	0.42399
944	0.32816	0.3281	0.42386
945	0.32809	0.32802	0.42377
946	0.32805	0.32798	0.42373
947	0.32798	0.32791	0.42365
948	0.32791	0.32782	0.42355
949	0.32781	0.3277	0.42342
950	0.32766	0.32752	0.42321
951	0.32753	0.32738	0.42305
952	0.32741	0.32724	0.4229
953	0.32724	0.32705	0.4227
954	0.32705	0.32685	0.4225
955	0.32691	0.32671	0.42234
956	0.3268	0.32659	0.42222
957	0.32667	0.32646	0.42208
958	0.32655	0.32633	0.42193
959	0.32641	0.3262	0.42179
960	0.32628	0.32609	0.42168
961	0.32621	0.32602	0.42158
962	0.3261	0.32591	0.42145
963	0.32596	0.32577	0.4213
964	0.32581	0.32562	0.42113
965	0.32563	0.32545	0.42095
966	0.32556	0.32536	0.42084
967	0.32553	0.32532	0.42077
968	0.32552	0.32529	0.42073
969	0.32555	0.32531	0.42075
970	0.32561	0.32535	0.42082
971	0.32567	0.32541	0.42089
972	0.32573	0.32546	0.42094
973	0.32579	0.32552	0.42103
974	0.32582	0.32556	0.42106
975	0.32583	0.32557	0.42105
976	0.32576	0.32551	0.42101
977	0.32566	0.32542	0.42094
978	0.32555	0.32531	0.42085
979	0.32544	0.32522	0.42076
980	0.32547	0.32525	0.42077
981	0.32549	0.32528	0.42079
982	0.32548	0.32527	0.42079
983	0.32546	0.32525	0.4208
984	0.32545	0.32523	0.42081
985	0.32548	0.32526	0.42089
986	0.32553	0.3253	0.42097
987	0.32561	0.32538	0.42108
988	0.32575	0.32551	0.42125
989	0.32591	0.32566	0.42146
990	0.32612	0.32587	0.42173
991	0.32634	0.32609	0.42197
992	0.32649	0.32625	0.42216
993	0.32674	0.32651	0.42239
994	0.32702	0.3268	0.42265
995	0.32724	0.32701	0.42285
996	0.32757	0.3273	0.42336
997	0.32775	0.32747	0.42359
998	0.32782	0.32756	0.42356
999	0.32782	0.32758	0.42336
1000	0.32775	0.32755	0.423
1001	0.32768	0.32753	0.42261
1002	0.32769	0.32755	0.42229
1003	0.32768	0.32754	0.42194
1004	0.32765	0.3275	0.42157
1005	0.32762	0.32744	0.42124
1006	0.32757	0.32738	0.42096
1007	0.32764	0.32742	0.42086
1008	0.32769	0.32744	0.42088
1009	0.32776	0.32748	0.42107
1010	0.32793	0.32766	0.42157
1011	0.328	0.32779	0.42176
1012	0.32809	0.32797	0.42191
1013	0.32813	0.32811	0.422
1014	0.32816	0.32824	0.42211
1015	0.32821	0.32838	0.42222
1016	0.3283	0.32851	0.42234
1017	0.3284	0.32863	0.42245
1018	0.32852	0.32877	0.42253
1019	0.32865	0.32892	0.4226
1020	0.32877	0.32908	0.42263
1021	0.32886	0.32919	0.42261
1022	0.32893	0.32927	0.4226
1023	0.32901	0.32935	0.42262
1024	0.32914	0.32946	0.4227
1025	0.32932	0.32962	0.42285
1026	0.32946	0.32975	0.423
1027	0.32953	0.32983	0.42314
1028	0.32961	0.32991	0.42329
1029	0.32973	0.33	0.42348
1030	0.32988	0.33013	0.42369
1031	0.33005	0.33027	0.42391
1032	0.33021	0.33041	0.42408
1033	0.33035	0.33053	0.42421
1034	0.33045	0.33062	0.42428
1035	0.33049	0.33065	0.42431
1036	0.33051	0.33066	0.42435
1037	0.33057	0.33067	0.4244
1038	0.33061	0.33064	0.42446
1039	0.3306	0.33058	0.42452
1040	0.33058	0.33053	0.4246
1041	0.33063	0.33054	0.42472
1042	0.33075	0.33063	0.42487
1043	0.33091	0.33076	0.42507
1044	0.33109	0.33092	0.42527
1045	0.33122	0.33104	0.42539
1046	0.33132	0.33114	0.42544
1047	0.3314	0.33124	0.42546
1048	0.33147	0.33133	0.42545
1049	0.33151	0.33142	0.42543
1050	0.33158	0.33153	0.42545
1051	0.33167	0.33164	0.42548
1052	0.33174	0.33172	0.42554
1053	0.3318	0.33179	0.42564
1054	0.33193	0.33191	0.42579
1055	0.33211	0.33207	0.42596
1056	0.33227	0.33221	0.42611
1057	0.33238	0.33231	0.42625
1058	0.33243	0.33237	0.42637
1059	0.33241	0.33236	0.42645
1060	0.33234	0.33231	0.42646
1061	0.33225	0.33224	0.42644
1062	0.3322	0.33218	0.4264
1063	0.33218	0.33215	0.42636
1064	0.33219	0.33216	0.42638
1065	0.33225	0.33222	0.42644
1066	0.33234	0.33231	0.42653
1067	0.33246	0.33244	0.42665
1068	0.3326	0.33257	0.42676
1069	0.3327	0.33268	0.42684
1070	0.33277	0.33276	0.42689
1071	0.33281	0.33283	0.42698
1072	0.33284	0.33289	0.42709
1073	0.33285	0.33294	0.4272
1074	0.33284	0.33297	0.42726
1075	0.33282	0.33298	0.42729
1076	0.33284	0.333	0.42732
1077	0.33286	0.33301	0.42736
1078	0.33287	0.33303	0.42742
1079	0.33289	0.33305	0.42749
1080	0.3329	0.33308	0.42756
1081	0.33291	0.33308	0.42759
1082	0.33288	0.33303	0.42758
1083	0.33281	0.33295	0.42752
1084	0.33277	0.3329	0.42747
1085	0.33276	0.33289	0.42744
1086	0.33276	0.3329	0.42743
1087	0.33278	0.33292	0.42742
1088	0.33281	0.33294	0.42741
1089	0.33284	0.33295	0.42741
1090	0.33285	0.33293	0.42739
1091	0.33284	0.33288	0.42735
1092	0.33281	0.33282	0.4273
1093	0.33278	0.33274	0.42726
1094	0.33279	0.3327	0.42726
1095	0.33282	0.33269	0.42726
1096	0.33282	0.33267	0.42725
1097	0.33282	0.33266	0.42724
1098	0.33283	0.33269	0.42725
1099	0.33284	0.33272	0.4273
1100	0.33285	0.33277	0.42739
1101	0.33288	0.33283	0.4275
1102	0.3329	0.33289	0.4276
1103	0.33288	0.3329	0.42766
1104	0.3328	0.33285	0.42768
1105	0.3327	0.33278	0.42763
1106	0.33257	0.33269	0.42752
1107	0.33245	0.33259	0.4274
1108	0.33236	0.33252	0.42727
1109	0.33228	0.33246	0.42714
1110	0.3322	0.33238	0.42702
1111	0.33213	0.33233	0.42693
1112	0.3321	0.33231	0.42689
1113	0.33211	0.33232	0.42688
1114	0.33214	0.33235	0.4269
1115	0.3322	0.33239	0.42694
1116	0.33223	0.3324	0.42699
1117	0.33221	0.33237	0.42701
1118	0.33219	0.33233	0.42698
1119	0.33214	0.33227	0.42689
1120	0.33204	0.33215	0.42676
1121	0.3319	0.33198	0.42661
1122	0.33174	0.33179	0.42644
1123	0.33158	0.33159	0.42629
1124	0.33142	0.33142	0.42614
1125	0.33126	0.33127	0.426
1126	0.33107	0.33108	0.42583
1127	0.33085	0.33086	0.42561
1128	0.33061	0.33063	0.42537
1129	0.33036	0.33041	0.42516
1130	0.3301	0.33018	0.42494
1131	0.32983	0.32994	0.42468
1132	0.32955	0.32968	0.42436
1133	0.32924	0.32937	0.42401
1134	0.3289	0.32903	0.42365
1135	0.32853	0.32863	0.42326
1136	0.32816	0.32823	0.42286
1137	0.32782	0.32785	0.42247
1138	0.3275	0.32749	0.42207
1139	0.32712	0.32707	0.42161
1140	0.32668	0.3266	0.4211
1141	0.32624	0.32612	0.42061
1142	0.32582	0.32567	0.42012
1143	0.32538	0.32523	0.41962
1144	0.32492	0.32479	0.41907
1145	0.32441	0.32431	0.41848
1146	0.32386	0.3238	0.41786
1147	0.3233	0.32325	0.41724
1148	0.32272	0.32267	0.41664
1149	0.32215	0.32209	0.41607
1150	0.32163	0.32156	0.41554
1151	0.32118	0.32109	0.41507
1152	0.32074	0.32061	0.41463
1153	0.32032	0.32014	0.41421
1154	0.31994	0.3197	0.4138
1155	0.31963	0.31931	0.41344
1156	0.31935	0.31895	0.41307
1157	0.31909	0.31864	0.4127
1158	0.31882	0.31833	0.41235
1159	0.31855	0.31803	0.41203
1160	0.31829	0.31775	0.41176
1161	0.31806	0.31751	0.41155
1162	0.31788	0.31731	0.4114
1163	0.31773	0.31716	0.41128
1164	0.31759	0.31704	0.41116
1165	0.31745	0.31692	0.41106
1166	0.3173	0.31679	0.41097
1167	0.31717	0.31667	0.41088
1168	0.31704	0.31656	0.41076
1169	0.31691	0.31647	0.41063
1170	0.31679	0.31639	0.41048
1171	0.31667	0.31631	0.41032
1172	0.31655	0.31623	0.41018
1173	0.31646	0.31616	0.4101
1174	0.3164	0.31613	0.41007
1175	0.31638	0.31611	0.41008
1176	0.31639	0.3161	0.41012
1177	0.31641	0.3161	0.41019
1178	0.31642	0.31609	0.41026
1179	0.31641	0.31606	0.41032
1180	0.31638	0.31599	0.41037
1181	0.31635	0.31592	0.41041
1182	0.31629	0.31586	0.41039
1183	0.31622	0.31579	0.41032
1184	0.31614	0.3157	0.4102
1185	0.31605	0.31562	0.41004
1186	0.31597	0.31556	0.4099
1187	0.31591	0.31551	0.4098
1188	0.31588	0.31548	0.40972
1189	0.31589	0.31547	0.40967
1190	0.31593	0.3155	0.40965
1191	0.31597	0.31553	0.40967
1192	0.31599	0.31554	0.40969
1193	0.31597	0.3155	0.4097
1194	0.31594	0.31545	0.4097
1195	0.31589	0.31541	0.40969
1196	0.31583	0.31536	0.40966
1197	0.31574	0.31531	0.40961
1198	0.31565	0.31527	0.40957
1199	0.31557	0.31524	0.40954
1200	0.31554	0.31525	0.40955
1201	0.31557	0.3153	0.40958
1202	0.31565	0.31537	0.40965
1203	0.31575	0.31546	0.40977
1204	0.31586	0.31556	0.40989
1205	0.31595	0.31562	0.41
1206	0.31601	0.31565	0.4101
1207	0.31607	0.31568	0.41021
1208	0.31612	0.3157	0.41031
1209	0.31614	0.3157	0.41039
1210	0.31614	0.3157	0.41046
1211	0.31615	0.3157	0.41052
1212	0.31617	0.31573	0.41058
1213	0.31623	0.3158	0.41066
1214	0.31635	0.31593	0.41076
1215	0.31651	0.31608	0.4109
1216	0.31668	0.31624	0.41107
1217	0.31687	0.31643	0.41125
1218	0.31707	0.31663	0.41143
1219	0.31724	0.31681	0.41158
1220	0.3174	0.31696	0.41173
1221	0.31754	0.31711	0.41189
1222	0.31766	0.31724	0.41206
1223	0.31775	0.31734	0.4122
1224	0.31782	0.31744	0.41232
1225	0.31787	0.31753	0.41241
1226	0.3179	0.31761	0.41251
1227	0.31793	0.31769	0.41262
1228	0.318	0.31777	0.41276
1229	0.31808	0.31784	0.41292
1230	0.31818	0.31792	0.41306
1231	0.3183	0.31803	0.41318
1232	0.3184	0.31814	0.41328
1233	0.31849	0.31822	0.41334
1234	0.31861	0.3183	0.41342
1235	0.31875	0.3184	0.41354
1236	0.31892	0.31854	0.41369
1237	0.31908	0.31869	0.41386
1238	0.31921	0.31883	0.41401
1239	0.3193	0.31893	0.41414
1240	0.31939	0.31903	0.41427
1241	0.31949	0.31914	0.41439
1242	0.31961	0.31924	0.41452
1243	0.31971	0.31933	0.41465
1244	0.31977	0.3194	0.41476
1245	0.31982	0.31948	0.41486
1246	0.31984	0.31953	0.41492
1247	0.31985	0.31956	0.41493
1248	0.31988	0.31958	0.41495
1249	0.31993	0.31962	0.415
1250	0.32	0.31968	0.41509
1251	0.32007	0.31974	0.41518
1252	0.32012	0.3198	0.41526
1253	0.32019	0.31988	0.41539
1254	0.3203	0.31999	0.41555
1255	0.32043	0.3201	0.41571
1256	0.32056	0.32021	0.41588
1257	0.32069	0.32033	0.41605
1258	0.32079	0.32044	0.4162
1259	0.3209	0.32056	0.41633
1260	0.32097	0.32063	0.41639
1261	0.321	0.32066	0.41639
1262	0.321	0.32066	0.41635
1263	0.32098	0.32065	0.41631
1264	0.32097	0.32064	0.41627
1265	0.32094	0.32062	0.41625
1266	0.32092	0.32059	0.41625
1267	0.3209	0.32057	0.41629
1268	0.32087	0.32054	0.41633
1269	0.32082	0.32048	0.41634
1270	0.32075	0.32042	0.41632
1271	0.32068	0.32037	0.4163
1272	0.32066	0.32037	0.41633
1273	0.32068	0.32042	0.41639
1274	0.32071	0.32049	0.41648
1275	0.32074	0.32057	0.41656
1276	0.32076	0.32063	0.41665
1277	0.32079	0.32068	0.41673
1278	0.32085	0.32074	0.41681
1279	0.32091	0.32076	0.41687
1280	0.32095	0.32074	0.41688
1281	0.32093	0.32066	0.41684
1282	0.32086	0.32053	0.41673
1283	0.32072	0.32035	0.41656
1284	0.32054	0.32014	0.41635
1285	0.32038	0.31997	0.41617
1286	0.32025	0.31983	0.41603
1287	0.32014	0.31972	0.41589
1288	0.32004	0.31965	0.41576
1289	0.31996	0.31959	0.41563
1290	0.31987	0.31952	0.41549
1291	0.31977	0.31944	0.41534
1292	0.31968	0.31937	0.41519
1293	0.3196	0.3193	0.41504
1294	0.3195	0.31921	0.41489
1295	0.31938	0.31911	0.41474
1296	0.31924	0.31897	0.41459
1297	0.31907	0.31881	0.41447
1298	0.3189	0.31863	0.41439
1299	0.31872	0.31846	0.41433
1300	0.31854	0.31827	0.41425
1301	0.31836	0.31807	0.41414
1302	0.31818	0.31787	0.414
1303	0.31796	0.31763	0.41378
1304	0.31769	0.31736	0.41348
1305	0.31741	0.31708	0.41314
1306	0.31714	0.31684	0.4128
1307	0.31689	0.31661	0.41246
1308	0.31664	0.31637	0.41214
1309	0.3164	0.31612	0.41183
1310	0.31614	0.31587	0.41153
1311	0.31589	0.31559	0.41126
1312	0.31562	0.31529	0.41099
1313	0.31534	0.31497	0.41071
1314	0.31503	0.31461	0.4104
1315	0.31468	0.31421	0.41004
1316	0.31426	0.31374	0.4096
1317	0.31377	0.31323	0.40907
1318	0.31326	0.31272	0.40852
1319	0.31276	0.31224	0.40797
1320	0.31229	0.31178	0.40746
1321	0.31183	0.31132	0.40699
1322	0.31137	0.31086	0.40651
1323	0.31089	0.3104	0.40602
1324	0.31039	0.3099	0.40549
1325	0.30987	0.30937	0.40494
1326	0.30931	0.3088	0.40439
1327	0.30873	0.3082	0.40383
1328	0.30815	0.30763	0.40328
1329	0.30757	0.30706	0.40273
1330	0.30697	0.30645	0.40213
1331	0.30635	0.30585	0.40152
1332	0.30575	0.30526	0.40089
1333	0.30519	0.30469	0.40029
1334	0.30469	0.30414	0.39972
1335	0.30422	0.30361	0.39914
1336	0.30374	0.30306	0.39853
1337	0.30324	0.30248	0.39787
1338	0.30269	0.30184	0.39713
1339	0.30208	0.30117	0.39636
1340	0.30144	0.30049	0.3956
1341	0.3008	0.29982	0.39489
1342	0.30021	0.29921	0.39424
1343	0.29963	0.29863	0.3936
1344	0.29904	0.29804	0.39296
1345	0.29842	0.29744	0.39235
1346	0.2978	0.29684	0.39178
1347	0.29718	0.29623	0.3912
1348	0.2966	0.29564	0.39063
1349	0.29607	0.29507	0.39009
1350	0.29556	0.29453	0.38955
1351	0.29507	0.29401	0.38902
1352	0.29457	0.29351	0.38849
1353	0.29406	0.29298	0.38792
1354	0.29354	0.29243	0.38737
1355	0.29304	0.29189	0.38684
1356	0.29255	0.29136	0.38632
1357	0.29209	0.29085	0.38581
1358	0.29161	0.29033	0.38532
1359	0.2911	0.28978	0.38485
1360	0.29054	0.2892	0.38434
1361	0.28992	0.28856	0.38374
1362	0.28927	0.28789	0.38307
1363	0.2886	0.28722	0.38238
1364	0.28791	0.28652	0.38166
1365	0.28719	0.2858	0.3809
1366	0.28641	0.28501	0.38004
1367	0.28557	0.28415	0.37906
1368	0.28469	0.28327	0.37803
1369	0.28378	0.28235	0.37694
1370	0.28283	0.28137	0.37581
1371	0.28184	0.28034	0.3746
1372	0.28077	0.27923	0.37331
1373	0.27961	0.27805	0.37194
1374	0.27838	0.2768	0.37051
1375	0.27704	0.27545	0.36894
1376	0.27561	0.27398	0.36728
1377	0.27407	0.2724	0.36553
1378	0.27242	0.27072	0.36369
1379	0.27065	0.26892	0.36171
1380	0.26874	0.26699	0.35954
1381	0.26668	0.26493	0.35718
1382	0.26449	0.26274	0.35467
1383	0.26215	0.26038	0.35195
1384	0.25965	0.25786	0.34904
1385	0.257	0.25519	0.34591
1386	0.25422	0.25238	0.34257
1387	0.25134	0.24946	0.33906
1388	0.24838	0.24645	0.33539
1389	0.24528	0.24329	0.33152
1390	0.24208	0.24002	0.3275
1391	0.23881	0.23667	0.32336
1392	0.23547	0.23329	0.31915
1393	0.23209	0.22985	0.31486
1394	0.22866	0.22639	0.3105
1395	0.22517	0.22289	0.30606
1396	0.22167	0.21937	0.30159
1397	0.21812	0.2158	0.29708
1398	0.21457	0.21223	0.29255
1399	0.21103	0.20868	0.28801
1400	0.20752	0.20516	0.28349
1401	0.20408	0.20171	0.27905
1402	0.20069	0.19831	0.27466
1403	0.19734	0.19493	0.27029
1404	0.19408	0.19166	0.26603
1405	0.19091	0.18849	0.26188
1406	0.18788	0.18545	0.25788
1407	0.18503	0.18261	0.25408
1408	0.18233	0.17993	0.25045
1409	0.17976	0.17735	0.24693
1410	0.17729	0.17488	0.24353
1411	0.17491	0.17249	0.24026
1412	0.17264	0.17023	0.23713
1413	0.1705	0.1681	0.23417
1414	0.16848	0.16609	0.23139
1415	0.16659	0.16421	0.22881
1416	0.1648	0.16244	0.22637
1417	0.16307	0.16074	0.224
1418	0.16144	0.15913	0.22177
1419	0.15992	0.15764	0.21968
1420	0.15856	0.15629	0.21778
1421	0.15734	0.15508	0.21604
1422	0.15622	0.15395	0.21441
1423	0.15514	0.15285	0.21283
1424	0.15412	0.15181	0.21134
1425	0.15317	0.15084	0.20994
1426	0.1523	0.14996	0.20867
1427	0.15149	0.14914	0.20749
1428	0.15072	0.14837	0.2064
1429	0.15	0.14764	0.20538
1430	0.14931	0.14696	0.20443
1431	0.14865	0.14628	0.20352
1432	0.14803	0.14567	0.20268
1433	0.14748	0.14514	0.20194
1434	0.147	0.14468	0.2013
1435	0.14656	0.14427	0.20073
1436	0.14618	0.1439	0.20024
1437	0.14582	0.14356	0.1998
1438	0.14551	0.14325	0.19939
1439	0.14523	0.14299	0.19904
1440	0.145	0.14277	0.19874
1441	0.14479	0.14258	0.19848
1442	0.14461	0.14242	0.19827
1443	0.14448	0.1423	0.19812
1444	0.14435	0.14219	0.19799
1445	0.14422	0.14208	0.19785
1446	0.14403	0.14192	0.19766
1447	0.14381	0.14174	0.19747
1448	0.14363	0.14158	0.19733
1449	0.14349	0.14145	0.19726
1450	0.1434	0.14134	0.19723
1451	0.1435	0.1414	0.19727
1452	0.14351	0.1414	0.19734
1453	0.14353	0.14142	0.19743
1454	0.14357	0.14146	0.19754
1455	0.14363	0.14152	0.19768
1456	0.1437	0.14159	0.19785
1457	0.1438	0.1417	0.19806
1458	0.14393	0.14184	0.19832
1459	0.14409	0.14202	0.19863
1460	0.14429	0.14223	0.19899
1461	0.14452	0.14246	0.19939
1462	0.14479	0.14273	0.19983
1463	0.14509	0.14302	0.20031
1464	0.14541	0.14335	0.20084
1465	0.14577	0.14371	0.2014
1466	0.14616	0.1441	0.20202
1467	0.14658	0.14452	0.20268
1468	0.14702	0.14496	0.20337
1469	0.14747	0.14542	0.2041
1470	0.14794	0.14588	0.20484
1471	0.14841	0.14636	0.20562
1472	0.14893	0.14687	0.20646
1473	0.14948	0.14742	0.20734
1474	0.15006	0.14801	0.20828
1475	0.15068	0.14863	0.20924
1476	0.15133	0.14928	0.21025
1477	0.152	0.14996	0.21129
1478	0.15269	0.15066	0.21235
1479	0.15339	0.15136	0.21343
1480	0.15411	0.15208	0.21455
1481	0.15486	0.15282	0.21571
1482	0.15562	0.15359	0.21687
1483	0.15639	0.15437	0.21805
1484	0.15717	0.15517	0.21924
1485	0.15797	0.15598	0.22045
1486	0.15878	0.1568	0.22167
1487	0.1596	0.15764	0.2229
1488	0.16043	0.15848	0.22415
1489	0.16128	0.15934	0.22542
1490	0.16214	0.16021	0.2267
1491	0.16301	0.1611	0.228
1492	0.16389	0.16199	0.22931
1493	0.16476	0.16289	0.23062
1494	0.16565	0.16379	0.23195
1495	0.16656	0.1647	0.23328
1496	0.16747	0.16561	0.23461
1497	0.16838	0.16652	0.23593
1498	0.1693	0.16743	0.23724
1499	0.17021	0.16834	0.23856
1500	0.17111	0.16924	0.23986
1501	0.172	0.17013	0.24115
1502	0.17289	0.17101	0.24244
1503	0.17376	0.17189	0.24371
1504	0.17464	0.17277	0.24499
1505	0.17553	0.17366	0.24628
1506	0.17642	0.17455	0.24757
1507	0.17731	0.17545	0.24885
1508	0.1782	0.17634	0.25012
1509	0.17908	0.17722	0.25138
1510	0.17996	0.17811	0.25263
1511	0.18086	0.179	0.25389
1512	0.18176	0.1799	0.25516
1513	0.18266	0.1808	0.25641
1514	0.18355	0.18169	0.25766
1515	0.18442	0.18256	0.25889
1516	0.18529	0.18343	0.2601
1517	0.18614	0.18429	0.26129
1518	0.18699	0.18516	0.26247
1519	0.18784	0.18602	0.26365
1520	0.1887	0.18688	0.26482
1521	0.18955	0.18773	0.26599
1522	0.1904	0.18857	0.26715
1523	0.19124	0.18942	0.2683
1524	0.19209	0.19025	0.26944
1525	0.19293	0.19109	0.27058
1526	0.19376	0.19191	0.2717
1527	0.19458	0.19272	0.27281
1528	0.19539	0.19353	0.2739
1529	0.19619	0.19432	0.27498
1530	0.19699	0.19512	0.27607
1531	0.19779	0.1959	0.27714
1532	0.19858	0.19668	0.27819
1533	0.19937	0.19745	0.27924
1534	0.20014	0.19821	0.28028
1535	0.20091	0.19897	0.28131
1536	0.20166	0.19971	0.28231
1537	0.2024	0.20044	0.2833
1538	0.20311	0.20116	0.28428
1539	0.20383	0.20187	0.28525
1540	0.20455	0.2026	0.28624
1541	0.20526	0.20332	0.2872
1542	0.20595	0.20402	0.28815
1543	0.20663	0.20471	0.28909
1544	0.20731	0.2054	0.29001
1545	0.208	0.20609	0.29094
1546	0.2087	0.20679	0.29188
1547	0.20941	0.20751	0.29282
1548	0.21011	0.20821	0.29375
1549	0.21079	0.20889	0.29464
1550	0.21145	0.20955	0.29551
1551	0.21209	0.2102	0.29636
1552	0.21273	0.21085	0.29721
1553	0.21338	0.21152	0.29805
1554	0.21404	0.21219	0.2989
1555	0.21469	0.21285	0.29974
1556	0.21532	0.2135	0.30056
1557	0.21594	0.21413	0.30135
1558	0.21654	0.21475	0.30213
1559	0.21713	0.21536	0.30291
1560	0.21771	0.21596	0.30368
1561	0.21829	0.21656	0.30444
1562	0.21886	0.21714	0.30519
1563	0.21943	0.21772	0.30595
1564	0.21999	0.2183	0.30671
1565	0.22054	0.21886	0.30745
1566	0.22109	0.2194	0.30817
1567	0.22163	0.21994	0.30889
1568	0.22217	0.22048	0.30959
1569	0.2227	0.221	0.31029
1570	0.22321	0.22152	0.31096
1571	0.22372	0.22202	0.31163
1572	0.22421	0.22252	0.31229
1573	0.22469	0.223	0.31294
1574	0.22515	0.22348	0.31357
1575	0.22563	0.22397	0.31421
1576	0.22609	0.22445	0.31485
1577	0.22657	0.22493	0.31548
1578	0.22705	0.22542	0.3161
1579	0.22754	0.2259	0.31672
1580	0.22803	0.22638	0.31734
1581	0.22853	0.22687	0.31796
1582	0.22902	0.22735	0.31857
1583	0.22951	0.22782	0.31917
1584	0.22998	0.22828	0.31976
1585	0.23043	0.22873	0.32033
1586	0.23089	0.22918	0.32091
1587	0.23137	0.22966	0.32151
1588	0.23186	0.23016	0.32213
1589	0.23234	0.23064	0.32273
1590	0.23279	0.23109	0.32331
1591	0.23322	0.23153	0.32388
1592	0.23364	0.23197	0.32444
1593	0.23406	0.23239	0.32499
1594	0.23447	0.23281	0.32555
1595	0.23489	0.23324	0.32611
1596	0.2353	0.23366	0.32667
1597	0.23571	0.23407	0.32721
1598	0.23611	0.23447	0.32774
1599	0.23652	0.23487	0.32828
1600	0.23694	0.23527	0.32883
1601	0.23734	0.23565	0.32936
1602	0.23772	0.23603	0.32989
1603	0.23811	0.23642	0.33042
1604	0.2385	0.2368	0.33094
1605	0.23888	0.23718	0.33145
1606	0.23927	0.23757	0.33196
1607	0.23964	0.23796	0.33246
1608	0.24	0.23834	0.33295
1609	0.24037	0.23873	0.33344
1610	0.24073	0.23912	0.33394
1611	0.2411	0.2395	0.33444
1612	0.24148	0.23988	0.33493
1613	0.24185	0.24026	0.3354
1614	0.24221	0.24062	0.33587
1615	0.24257	0.24099	0.33634
1616	0.24293	0.24134	0.33679
1617	0.24327	0.24168	0.33722
1618	0.24363	0.24203	0.33765
1619	0.24397	0.24237	0.33808
1620	0.2443	0.2427	0.33852
1621	0.24463	0.24304	0.33895
1622	0.24496	0.24337	0.33938
1623	0.24529	0.24368	0.33981
1624	0.24558	0.24397	0.3402
1625	0.24584	0.24423	0.34057
1626	0.24611	0.24449	0.34093
1627	0.24638	0.24475	0.34129
1628	0.24665	0.24502	0.34164
1629	0.24691	0.24528	0.34198
1630	0.24716	0.24554	0.34232
1631	0.24741	0.24579	0.34265
1632	0.24766	0.24603	0.34297
1633	0.2479	0.24626	0.34329
1634	0.24815	0.24649	0.34361
1635	0.2484	0.24673	0.34394
1636	0.24862	0.24696	0.34425
1637	0.24883	0.24717	0.34454
1638	0.24904	0.24738	0.34482
1639	0.24924	0.2476	0.34508
1640	0.24943	0.24781	0.34534
1641	0.24962	0.24802	0.34559
1642	0.24979	0.24823	0.34583
1643	0.24997	0.24843	0.34608
1644	0.25015	0.24864	0.34632
1645	0.25032	0.24882	0.34655
1646	0.25046	0.24899	0.34674
1647	0.2506	0.24915	0.34693
1648	0.25074	0.24932	0.34713
1649	0.25087	0.24947	0.34731
1650	0.25098	0.24961	0.34746
1651	0.25109	0.24973	0.3476
1652	0.25119	0.24983	0.34772
1653	0.25125	0.24991	0.34783
1654	0.25128	0.24997	0.34793
1655	0.2513	0.25	0.34803
1656	0.2513	0.25002	0.34812
1657	0.25131	0.25003	0.3482
1658	0.2513	0.25002	0.34828
1659	0.25128	0.25001	0.34835
1660	0.25126	0.25	0.34842
1661	0.25125	0.24999	0.3485
1662	0.25123	0.24998	0.34857
1663	0.2512	0.24996	0.34864
1664	0.25119	0.24993	0.34871
1665	0.25119	0.24991	0.34879
1666	0.25121	0.24989	0.34887
1667	0.25121	0.24986	0.34895
1668	0.2512	0.24983	0.34901
1669	0.25119	0.2498	0.34907
1670	0.25119	0.24977	0.34914
1671	0.2512	0.24975	0.3492
1672	0.2512	0.24973	0.34928
1673	0.25119	0.2497	0.34935
1674	0.25118	0.24966	0.34942
1675	0.25116	0.24963	0.34948
1676	0.25116	0.24962	0.34954
1677	0.25114	0.2496	0.34961
1678	0.25113	0.24958	0.34968
1679	0.25113	0.24957	0.34973
1680	0.25111	0.24954	0.34976
1681	0.25106	0.24948	0.34975
1682	0.25101	0.24942	0.34972
1683	0.25097	0.24937	0.34969
1684	0.25091	0.2493	0.34963
1685	0.25082	0.24921	0.34955
1686	0.2507	0.24911	0.34943
1687	0.25054	0.24896	0.34929
1688	0.25035	0.24878	0.34913
1689	0.25014	0.24861	0.34897
1690	0.24994	0.24844	0.34881
1691	0.24974	0.24825	0.34865
1692	0.24955	0.24805	0.34849
1693	0.24938	0.24787	0.34835
1694	0.2492	0.24768	0.34819
1695	0.24899	0.24746	0.34799
1696	0.24879	0.24725	0.34779
1697	0.24859	0.24705	0.34758
1698	0.24838	0.24682	0.34735
1699	0.24816	0.24658	0.3471
1700	0.24794	0.24635	0.34686
1701	0.24772	0.24613	0.34663
1702	0.24749	0.24591	0.34641
1703	0.24726	0.24569	0.3462
1704	0.24703	0.24548	0.346
1705	0.24683	0.24527	0.34582
1706	0.24664	0.24508	0.34563
1707	0.24646	0.2449	0.34544
1708	0.24626	0.24471	0.34524
1709	0.24604	0.24451	0.34504
1710	0.24583	0.24431	0.34482
1711	0.24562	0.24411	0.34461
1712	0.24541	0.24391	0.34438
1713	0.24519	0.24369	0.34413
1714	0.24498	0.24347	0.34388
1715	0.24475	0.24324	0.3436
1716	0.24451	0.24299	0.3433
1717	0.24425	0.24272	0.34298
1718	0.24399	0.24246	0.34267
1719	0.24374	0.24221	0.34237
1720	0.24345	0.24193	0.34204
1721	0.24313	0.24162	0.34168
1722	0.24279	0.24128	0.34133
1723	0.24246	0.24094	0.34099
1724	0.24216	0.24063	0.34067
1725	0.24186	0.24033	0.34036
1726	0.24156	0.24002	0.34003
1727	0.24126	0.23971	0.3397
1728	0.24098	0.23942	0.33938
1729	0.24072	0.23914	0.33907
1730	0.24042	0.23885	0.33873
1731	0.24011	0.23855	0.33839
1732	0.23981	0.23828	0.33808
1733	0.2395	0.23801	0.33777
1734	0.23919	0.23772	0.33746
1735	0.23887	0.23742	0.33715
1736	0.23857	0.23714	0.33686
1737	0.23828	0.23687	0.33657
1738	0.23801	0.2366	0.3363
1739	0.23775	0.23635	0.33603
1740	0.2375	0.23609	0.33574
1741	0.23724	0.23584	0.33544
1742	0.23699	0.23559	0.33515
1743	0.23674	0.23534	0.33487
1744	0.23649	0.23508	0.3346
1745	0.23623	0.23481	0.33431
1746	0.23594	0.23451	0.33398
1747	0.23565	0.2342	0.33365
1748	0.23536	0.23387	0.3333
1749	0.23504	0.23353	0.33292
1750	0.2347	0.23316	0.33251
1751	0.23434	0.23278	0.33208
1752	0.23399	0.2324	0.33163
1753	0.23362	0.23201	0.33118
1754	0.23325	0.23162	0.33074
1755	0.23286	0.23121	0.33029
1756	0.23245	0.23078	0.32982
1757	0.23205	0.23038	0.32938
1758	0.23167	0.23	0.32896
1759	0.23129	0.22962	0.32854
1760	0.23091	0.22925	0.3281
1761	0.23054	0.22887	0.32765
1762	0.23018	0.2285	0.32722
1763	0.22983	0.22813	0.32678
1764	0.22951	0.22778	0.32636
1765	0.2292	0.22745	0.32597
1766	0.2289	0.22714	0.3256
1767	0.22857	0.22681	0.3252
1768	0.22822	0.22647	0.32479
1769	0.22788	0.22614	0.32439
1770	0.22754	0.22581	0.324
1771	0.22723	0.2255	0.32362
1772	0.22694	0.22522	0.32327
1773	0.22667	0.22496	0.32294
1774	0.22641	0.22472	0.32262
1775	0.22616	0.22449	0.32232
1776	0.22593	0.22427	0.32204
1777	0.22573	0.22406	0.3218
1778	0.22556	0.22389	0.32159
1779	0.22542	0.22376	0.32142
1780	0.22527	0.22362	0.32123
1781	0.2251	0.22345	0.321
1782	0.22493	0.22328	0.32078
1783	0.22479	0.22313	0.32059
1784	0.22466	0.223	0.32042
1785	0.22453	0.22283	0.32026
1786	0.22445	0.22275	0.32017
1787	0.22442	0.22276	0.32014
1788	0.22435	0.2227	0.32004
1789	0.22424	0.22259	0.31989
1790	0.22412	0.22247	0.31976
1791	0.22402	0.22237	0.31966
1792	0.22397	0.22231	0.31962
1793	0.224	0.22234	0.31965
1794	0.22408	0.2224	0.31973
1795	0.22412	0.22243	0.31978
1796	0.22415	0.22246	0.31984
1797	0.22418	0.22248	0.3199
1798	0.22422	0.2225	0.31996
1799	0.22429	0.22255	0.32006
1800	0.2244	0.22265	0.32024
1801	0.22453	0.22278	0.32045
1802	0.22461	0.22287	0.32062
1803	0.22466	0.22294	0.32076
1804	0.22479	0.2231	0.32098
1805	0.225	0.22333	0.32127
1806	0.22527	0.22361	0.3216
1807	0.22557	0.22392	0.32197
1808	0.22578	0.22414	0.32225
1809	0.22589	0.22424	0.32242
1810	0.22595	0.2243	0.32255
1811	0.22605	0.22439	0.32269
1812	0.22617	0.22452	0.32285
1813	0.22626	0.22462	0.32299
1814	0.22633	0.2247	0.32311
1815	0.2264	0.22476	0.3232
1816	0.22646	0.2248	0.32325
1817	0.22653	0.22482	0.32336
1818	0.2266	0.22486	0.32352
1819	0.22666	0.22489	0.32367
1820	0.2267	0.22489	0.32377
1821	0.22672	0.22487	0.32383
1822	0.22672	0.22493	0.32388
1823	0.22667	0.22491	0.32388
1824	0.22657	0.22481	0.32378
1825	0.2265	0.22474	0.32373
1826	0.22644	0.22469	0.32372
1827	0.22637	0.22463	0.3237
1828	0.22634	0.22463	0.32372
1829	0.22636	0.22468	0.3238
1830	0.2263	0.22467	0.32383
1831	0.22606	0.22448	0.32368
1832	0.22573	0.22419	0.32343
1833	0.22552	0.22399	0.32322
1834	0.22538	0.22386	0.32307
1835	0.22528	0.22377	0.32296
1836	0.22517	0.22365	0.32284
1837	0.22504	0.22351	0.32268
1838	0.22491	0.22336	0.32252
1839	0.22478	0.22322	0.32234
1840	0.2246	0.22305	0.32207
1841	0.22432	0.22279	0.32168
1842	0.22401	0.22245	0.32121
1843	0.22361	0.222	0.32061
1844	0.22301	0.22135	0.31982
1845	0.22231	0.22062	0.31895
1846	0.22166	0.21996	0.31811
1847	0.22105	0.21933	0.3173
1848	0.22037	0.21861	0.3164
1849	0.21955	0.21773	0.31533
1850	0.21866	0.21676	0.31414
1851	0.21774	0.21579	0.31294
1852	0.21676	0.21476	0.31171
1853	0.21575	0.21375	0.31045
1854	0.21469	0.21271	0.30908
1855	0.21352	0.21153	0.30754
1856	0.21218	0.21018	0.30586
1857	0.21075	0.20874	0.30408
1858	0.20927	0.20727	0.30224
1859	0.20771	0.20572	0.30025
1860	0.20608	0.20409	0.29808
1861	0.20433	0.20235	0.29573
1862	0.20241	0.20046	0.29322
1863	0.20036	0.19844	0.29053
1864	0.19821	0.19634	0.28768
1865	0.19591	0.19411	0.28459
1866	0.19338	0.19165	0.28117
1867	0.19065	0.18899	0.27744
1868	0.1879	0.1863	0.27359
1869	0.1852	0.18363	0.26967
1870	0.18236	0.1808	0.26553
1871	0.17927	0.17771	0.26102
1872	0.17598	0.17442	0.25618
1873	0.17251	0.17098	0.25106
1874	0.16886	0.16738	0.24566
1875	0.1651	0.16368	0.24
1876	0.16128	0.15991	0.23412
1877	0.15745	0.15609	0.22811
1878	0.15358	0.15219	0.22202
1879	0.14963	0.1482	0.21578
1880	0.14557	0.14415	0.20938
1881	0.14154	0.14013	0.20289
1882	0.1376	0.13618	0.19635
1883	0.13369	0.13225	0.18973
1884	0.12973	0.12828	0.18299
1885	0.12577	0.12435	0.17621
1886	0.12195	0.12057	0.16956
1887	0.11835	0.11699	0.16307
1888	0.11487	0.11351	0.15665
1889	0.11142	0.11008	0.15023
1890	0.108	0.10667	0.14387
1891	0.10469	0.10333	0.13766
1892	0.10157	0.10016	0.13164
1893	0.098681	0.097261	0.12589
1894	0.095993	0.09459	0.12039
1895	0.093363	0.091987	0.11498
1896	0.090769	0.08943	0.10964
1897	0.088287	0.086988	0.10452
1898	0.085984	0.084719	0.099734
1899	0.083874	0.082645	0.09522
1900	0.081933	0.080743	0.090926
1901	0.080135	0.078981	0.086867
1902	0.078413	0.077323	0.083013
1903	0.076797	0.075781	0.079386
1904	0.075373	0.074369	0.076064
1905	0.07411	0.073063	0.073016
1906	0.072884	0.071832	0.07014
1907	0.071655	0.070669	0.067404
1908	0.070526	0.069622	0.06491
1909	0.069511	0.068656	0.062637
1910	0.068646	0.067806	0.060604
1911	0.067987	0.067157	0.058905
1912	0.067462	0.066636	0.057488
1913	0.066935	0.066129	0.056197
1914	0.066415	0.065653	0.055011
1915	0.065907	0.065193	0.053856
1916	0.06542	0.064747	0.052733
1917	0.065031	0.06439	0.051797
1918	0.064764	0.064156	0.051093
1919	0.064535	0.063976	0.050513
1920	0.064274	0.063759	0.049928
1921	0.064051	0.06355	0.049387
1922	0.06391	0.063397	0.048948
1923	0.063785	0.063264	0.048569
1924	0.0636	0.063099	0.048183
1925	0.063395	0.062924	0.047815
1926	0.06328	0.062803	0.047566
1927	0.06325	0.062736	0.04744
1928	0.063203	0.06267	0.047359
1929	0.063124	0.062599	0.0473
1930	0.063025	0.062515	0.047243
1931	0.062922	0.062434	0.047195
1932	0.062898	0.062432	0.047275
1933	0.06293	0.06249	0.047456
1934	0.062981	0.062575	0.047682
1935	0.063067	0.062692	0.047946
1936	0.063189	0.062841	0.048254
1937	0.063303	0.062979	0.048584
1938	0.063387	0.063085	0.048915
1939	0.063544	0.063231	0.049369
1940	0.06382	0.063458	0.050007
1941	0.064126	0.063738	0.050711
1942	0.064414	0.064036	0.051384
1943	0.06472	0.064329	0.05205
1944	0.065065	0.064594	0.052768
1945	0.065448	0.064865	0.053556
1946	0.065917	0.06526	0.054485
1947	0.066443	0.065754	0.055517
1948	0.066869	0.066175	0.056433
1949	0.067161	0.066487	0.057189
1950	0.067479	0.066795	0.057968
1951	0.067858	0.06712	0.058806
1952	0.068256	0.067478	0.059702
1953	0.068614	0.067845	0.060603
1954	0.068911	0.06817	0.061447
1955	0.069191	0.068449	0.062252
1956	0.069471	0.068709	0.063045
1957	0.069796	0.069002	0.063874
1958	0.070156	0.06933	0.064741
1959	0.070459	0.069623	0.065573
1960	0.070695	0.06987	0.066364
1961	0.070941	0.070107	0.067183
1962	0.071225	0.070347	0.068052
1963	0.071501	0.070603	0.068928
1964	0.07176	0.070895	0.069794
1965	0.072048	0.071245	0.070695
1966	0.072409	0.07166	0.071682
1967	0.072808	0.072104	0.072709
1968	0.073196	0.072497	0.073695
1969	0.073569	0.072843	0.074639
1970	0.073927	0.073186	0.075591
1971	0.07429	0.07354	0.07657
1972	0.074646	0.073879	0.077554
1973	0.074994	0.074194	0.078538
1974	0.07537	0.074526	0.079573
1975	0.075829	0.074921	0.080709
1976	0.076372	0.075387	0.081912
1977	0.076984	0.075926	0.083119
1978	0.077626	0.076501	0.084324
1979	0.0782	0.077026	0.085528
1980	0.078724	0.077524	0.086751
1981	0.079325	0.078139	0.088077
1982	0.079991	0.078857	0.089481
1983	0.080556	0.079483	0.090792
1984	0.08099	0.079988	0.091984
1985	0.08139	0.080449	0.093142
1986	0.081797	0.080905	0.094295
1987	0.0822	0.081352	0.095434
1988	0.082622	0.081822	0.096602
1989	0.083069	0.082324	0.097803
1990	0.08348	0.082782	0.098978
1991	0.083879	0.083209	0.10015
1992	0.084324	0.083686	0.10136
1993	0.084807	0.084208	0.10261
1994	0.085217	0.084683	0.1038
1995	0.085512	0.085061	0.10492
1996	0.085892	0.08546	0.10607
1997	0.086454	0.085975	0.10735
1998	0.087035	0.086521	0.10865
1999	0.087505	0.087013	0.10984
2000	0.087995	0.087542	0.11105
2001	0.088692	0.088246	0.11249
2002	0.089499	0.089029	0.11406
2003	0.090124	0.089627	0.11543
2004	0.090609	0.090083	0.11664
2005	0.091099	0.09059	0.11784
2006	0.091591	0.091149	0.11903
2007	0.092167	0.091765	0.1203
2008	0.092847	0.092433	0.12166
2009	0.093572	0.093139	0.12301
2010	0.094331	0.0939	0.12434
2011	0.095113	0.094693	0.12568
2012	0.095877	0.095463	0.12702
2013	0.096643	0.096241	0.12838
2014	0.09749	0.097104	0.12979
2015	0.098346	0.097978	0.1312
2016	0.099091	0.098724	0.1325
2017	0.099767	0.099386	0.13373
2018	0.10044	0.10002	0.13492
2019	0.10109	0.10063	0.13607
2020	0.10173	0.10122	0.13719
2021	0.10231	0.10175	0.13827
2022	0.10291	0.10227	0.13933
2023	0.10364	0.10286	0.14047
2024	0.10446	0.10353	0.14168
2025	0.10516	0.10417	0.14284
2026	0.10567	0.10468	0.14385
2027	0.10614	0.10512	0.14482
2028	0.10666	0.10557	0.14581
2029	0.10714	0.10601	0.14674
2030	0.10753	0.10638	0.14756
2031	0.10785	0.10666	0.14832
2032	0.10818	0.10694	0.14911
2033	0.10852	0.10728	0.14995
2034	0.10883	0.10762	0.15075
2035	0.1091	0.10794	0.15153
2036	0.10945	0.1083	0.15241
2037	0.10985	0.10869	0.15333
2038	0.11016	0.10896	0.15413
2039	0.11035	0.10914	0.15479
2040	0.11066	0.10949	0.15559
2041	0.11112	0.11	0.15656
2042	0.11158	0.11046	0.15752
2043	0.11203	0.11088	0.15844
2044	0.11252	0.11142	0.1594
2045	0.11306	0.11209	0.16041
2046	0.11364	0.11277	0.16146
2047	0.11424	0.1134	0.16252
2048	0.11492	0.11408	0.16364
2049	0.11572	0.11492	0.16484
2050	0.11653	0.1158	0.16596
2051	0.1171	0.11645	0.1668
2052	0.11748	0.11688	0.1675
2053	0.11808	0.11747	0.16847
2054	0.11888	0.11824	0.16968
2055	0.11955	0.11888	0.17067
2056	0.12005	0.11935	0.17144
2057	0.12054	0.11974	0.17219
2058	0.12112	0.12013	0.17297
2059	0.12172	0.12062	0.17376
2060	0.12223	0.12114	0.17451
2061	0.12258	0.12151	0.17514
2062	0.12281	0.12168	0.17565
2063	0.1231	0.12184	0.17619
2064	0.12352	0.12213	0.1769
2065	0.12393	0.12249	0.17766
2066	0.12423	0.12275	0.17839
2067	0.1245	0.12293	0.1791
2068	0.12487	0.12315	0.17985
2069	0.12532	0.12344	0.18062
2070	0.12567	0.12377	0.18135
2071	0.12596	0.12411	0.18207
2072	0.12639	0.12449	0.18292
2073	0.12698	0.12494	0.18389
2074	0.1275	0.12541	0.18486
2075	0.12786	0.12587	0.18577
2076	0.12829	0.12638	0.18665
2077	0.12887	0.1269	0.18755
2078	0.12943	0.12738	0.18843
2079	0.12989	0.12792	0.18929
2080	0.13032	0.12853	0.19014
2081	0.1308	0.1291	0.191
2082	0.13131	0.12964	0.1919
2083	0.13181	0.13024	0.19276
2084	0.13228	0.13088	0.19357
2085	0.13255	0.13136	0.19423
2086	0.13265	0.13164	0.19474
2087	0.13285	0.13194	0.19529
2088	0.13326	0.13239	0.19599
2089	0.13369	0.13285	0.19676
2090	0.13391	0.13314	0.19737
2091	0.13403	0.13333	0.19786
2092	0.13434	0.13361	0.19849
2093	0.13483	0.13404	0.19927
2094	0.13529	0.13452	0.20003
2095	0.13561	0.13496	0.20073
2096	0.13583	0.13524	0.20138
2097	0.13602	0.13542	0.20202
2098	0.13634	0.1357	0.2028
2099	0.13683	0.13615	0.20378
2100	0.13747	0.13676	0.20489
2101	0.13809	0.13737	0.20601
2102	0.13857	0.13781	0.20691
2103	0.13899	0.13815	0.20761
2104	0.13943	0.13857	0.20828
2105	0.13985	0.13913	0.209
2106	0.14037	0.13983	0.20991
2107	0.14105	0.14054	0.2109
2108	0.14176	0.14114	0.21184
2109	0.14231	0.14167	0.21269
2110	0.14283	0.14224	0.21353
2111	0.14351	0.14289	0.21443
2112	0.14435	0.14356	0.21534
2113	0.14505	0.14407	0.21612
2114	0.14545	0.14437	0.21673
2115	0.14567	0.14454	0.21728
2116	0.14587	0.14462	0.21781
2117	0.14616	0.14482	0.2183
2118	0.14645	0.14517	0.21874
2119	0.14664	0.14552	0.21921
2120	0.14674	0.14575	0.21971
2121	0.14679	0.14588	0.22019
2122	0.14695	0.1461	0.22069
2123	0.14716	0.14642	0.22121
2124	0.14724	0.14663	0.22172
2125	0.14725	0.14671	0.22231
2126	0.14741	0.14683	0.223
2127	0.14773	0.1471	0.22372
2128	0.1481	0.14747	0.2244
2129	0.14843	0.14779	0.22499
2130	0.14857	0.1479	0.22534
2131	0.14856	0.14785	0.22555
2132	0.14849	0.14776	0.22579
2133	0.14853	0.14776	0.22613
2134	0.14872	0.14792	0.22658
2135	0.14893	0.14815	0.22705
2136	0.14912	0.14842	0.22756
2137	0.14926	0.14866	0.228
2138	0.14947	0.14897	0.22831
2139	0.14981	0.14944	0.2287
2140	0.15012	0.1499	0.2292
2141	0.15041	0.1503	0.22981
2142	0.151	0.15089	0.23065
2143	0.15168	0.15159	0.23158
2144	0.15205	0.152	0.23222
2145	0.15229	0.1522	0.2326
2146	0.1527	0.15245	0.23299
2147	0.15307	0.1527	0.23342
2148	0.15328	0.15278	0.23376
2149	0.15351	0.15275	0.23395
2150	0.15372	0.15268	0.23409
2151	0.15379	0.1526	0.23424
2152	0.15383	0.1526	0.23438
2153	0.15398	0.15275	0.23452
2154	0.15413	0.15286	0.23476
2155	0.15423	0.15293	0.23515
2156	0.15437	0.15302	0.23555
2157	0.15456	0.15317	0.23589
2158	0.15471	0.15331	0.2362
2159	0.15478	0.15336	0.23651
2160	0.155	0.15348	0.23694
2161	0.15541	0.15376	0.23744
2162	0.15575	0.15403	0.23779
2163	0.15585	0.15413	0.238
2164	0.15582	0.15414	0.23815
2165	0.15578	0.15409	0.23823
2166	0.15561	0.15396	0.2383
2167	0.15538	0.15388	0.23851
2168	0.1552	0.15389	0.23877
2169	0.15508	0.15397	0.23895
2170	0.15491	0.15407	0.23917
2171	0.15478	0.15423	0.23952
2172	0.1549	0.15458	0.24
2173	0.15519	0.15505	0.24045
2174	0.15537	0.15544	0.2408
2175	0.15532	0.15563	0.24113
2176	0.15527	0.15572	0.24152
2177	0.15546	0.15596	0.24201
2178	0.15584	0.15642	0.24263
2179	0.15606	0.15674	0.24313
2180	0.15603	0.15671	0.24322
2181	0.15608	0.15667	0.24329
2182	0.15636	0.15687	0.24367
2183	0.15665	0.15703	0.24408
2184	0.15687	0.15701	0.24428
2185	0.15716	0.15711	0.24444
2186	0.15745	0.15735	0.24469
2187	0.15764	0.15749	0.24495
2188	0.15786	0.15751	0.24515
2189	0.15803	0.15744	0.24527
2190	0.15818	0.15741	0.24543
2191	0.15846	0.15754	0.24577
2192	0.15877	0.15766	0.24614
2193	0.15895	0.15765	0.2464
2194	0.15901	0.15755	0.24654
2195	0.15917	0.15755	0.24672
2196	0.15949	0.1577	0.247
2197	0.15967	0.15772	0.24726
2198	0.15957	0.1575	0.24744
2199	0.15947	0.1574	0.24768
2200	0.15954	0.15755	0.24799
2201	0.15958	0.15767	0.24831
2202	0.15952	0.15769	0.24863
2203	0.15953	0.15784	0.24892
2204	0.1596	0.15806	0.24913
2205	0.15953	0.15809	0.24927
2206	0.15932	0.158	0.24937
2207	0.15923	0.15802	0.24947
2208	0.15932	0.15822	0.24955
2209	0.15928	0.15836	0.24954
2210	0.15903	0.15837	0.24948
2211	0.15886	0.15839	0.24947
2212	0.15887	0.15844	0.24953
2213	0.15893	0.15852	0.24966
2214	0.15896	0.15864	0.24991
2215	0.15895	0.1587	0.25015
2216	0.15879	0.15861	0.25016
2217	0.1586	0.15854	0.25011
2218	0.15858	0.15862	0.25018
2219	0.15865	0.15872	0.25024
2220	0.1587	0.15882	0.25031
2221	0.15882	0.15903	0.25046
2222	0.15898	0.15919	0.25061
2223	0.15904	0.15914	0.25065
2224	0.15898	0.15895	0.25062
2225	0.15889	0.15873	0.25057
2226	0.15884	0.15856	0.25053
2227	0.1588	0.15842	0.25049
2228	0.15877	0.15829	0.2505
2229	0.15881	0.15822	0.25063
2230	0.15888	0.1582	0.25077
2231	0.159	0.15819	0.25083
2232	0.15908	0.15808	0.25084
2233	0.15898	0.15785	0.25077
2234	0.15881	0.15772	0.25061
2235	0.15873	0.15772	0.25041
2236	0.1586	0.15762	0.25013
2237	0.15833	0.15733	0.24984
2238	0.1581	0.15704	0.24963
2239	0.15794	0.15676	0.24939
2240	0.15764	0.15632	0.249
2241	0.15715	0.15573	0.24851
2242	0.15671	0.15529	0.24809
2243	0.15653	0.15514	0.2478
2244	0.15636	0.15503	0.24744
2245	0.15587	0.1546	0.24688
2246	0.15526	0.15396	0.24637
2247	0.15483	0.15341	0.24609
2248	0.15454	0.153	0.24593
2249	0.15416	0.15263	0.2457
2250	0.15362	0.15223	0.24534
2251	0.15314	0.1518	0.24495
2252	0.15282	0.15143	0.24458
2253	0.15253	0.15107	0.2442
2254	0.15216	0.15068	0.24379
2255	0.15176	0.15027	0.24334
2256	0.15147	0.14996	0.24293
2257	0.1513	0.14973	0.24259
2258	0.15103	0.14947	0.24215
2259	0.15054	0.14912	0.24153
2260	0.14993	0.14863	0.2408
2261	0.14943	0.1482	0.24012
2262	0.14905	0.14797	0.2396
2263	0.1486	0.14772	0.23905
2264	0.14809	0.14743	0.23843
2265	0.14766	0.14721	0.23782
2266	0.14735	0.14707	0.23725
2267	0.14696	0.1468	0.23655
2268	0.14632	0.14631	0.23556
2269	0.14558	0.14576	0.2344
2270	0.14506	0.14532	0.23342
2271	0.1447	0.1449	0.23267
2272	0.14411	0.14435	0.23193
2273	0.1434	0.14371	0.23118
2274	0.14282	0.14312	0.23046
2275	0.14222	0.14254	0.22969
2276	0.14146	0.142	0.22886
2277	0.14079	0.14163	0.22814
2278	0.14046	0.14145	0.22757
2279	0.14019	0.14125	0.22699
2280	0.13966	0.14077	0.22628
2281	0.13898	0.14009	0.22552
2282	0.13844	0.13955	0.22487
2283	0.13803	0.13925	0.22437
2284	0.13759	0.13902	0.22391
2285	0.13706	0.13872	0.22336
2286	0.13661	0.13833	0.22279
2287	0.13634	0.13796	0.22229
2288	0.1361	0.13761	0.22177
2289	0.13582	0.13728	0.22121
2290	0.13564	0.13705	0.22074
2291	0.13564	0.13684	0.22035
2292	0.13581	0.13669	0.22004
2293	0.13594	0.13665	0.21986
2294	0.1358	0.13656	0.21975
2295	0.13548	0.13634	0.21951
2296	0.13518	0.136	0.2189
2297	0.13522	0.13587	0.21854
2298	0.13534	0.13582	0.21854
2299	0.13495	0.13536	0.21807
2300	0.1345	0.13485	0.21721
2301	0.13425	0.13442	0.21643
2302	0.13394	0.13387	0.21573
2303	0.13333	0.13322	0.21479
2304	0.13255	0.13252	0.21359
2305	0.13191	0.13186	0.21264
2306	0.1314	0.13125	0.21207
2307	0.13082	0.13072	0.21154
2308	0.13016	0.13026	0.21078
2309	0.12965	0.12984	0.20986
2310	0.12917	0.1294	0.20892
2311	0.12861	0.12887	0.20807
2312	0.12835	0.12854	0.20755
2313	0.12861	0.12856	0.20744
2314	0.12887	0.12844	0.20728
2315	0.12857	0.12771	0.20666
2316	0.12805	0.12677	0.20584
2317	0.12773	0.12614	0.20523
2318	0.1274	0.12561	0.20465
2319	0.12681	0.12487	0.20381
2320	0.12626	0.12417	0.20281
2321	0.12598	0.12374	0.20189
2322	0.12581	0.12329	0.20099
2323	0.12558	0.12268	0.20004
2324	0.12546	0.12213	0.19928
2325	0.12536	0.12168	0.19877
2326	0.12505	0.12109	0.19823
2327	0.12459	0.1203	0.19751
2328	0.12419	0.11971	0.19686
2329	0.12373	0.11943	0.19639
2330	0.12309	0.11913	0.19583
2331	0.12263	0.11887	0.19516
2332	0.12253	0.11891	0.19482
2333	0.12267	0.11924	0.19495
2334	0.12253	0.11934	0.19475
2335	0.12189	0.11906	0.19383
2336	0.12131	0.11895	0.19299
2337	0.12081	0.11908	0.19262
2338	0.12025	0.11931	0.19256
2339	0.11965	0.11945	0.19234
2340	0.11917	0.11952	0.19192
2341	0.11883	0.11972	0.19169
2342	0.11851	0.12002	0.19158
2343	0.11827	0.12032	0.19145
2344	0.11824	0.12053	0.19127
2345	0.11831	0.12076	0.19111
2346	0.1182	0.12082	0.19111
2347	0.11811	0.12067	0.19132
2348	0.1183	0.12075	0.1916
2349	0.11844	0.12091	0.19158
2350	0.11821	0.1206	0.19125
2351	0.11766	0.1198	0.19094
2352	0.11713	0.11915	0.19062
2353	0.1169	0.11908	0.19015
2354	0.11695	0.1192	0.18966
2355	0.11695	0.11906	0.18916
2356	0.11705	0.11902	0.18893
2357	0.11735	0.11914	0.1889
2358	0.11736	0.11874	0.18834
2359	0.11696	0.11787	0.18728
2360	0.11647	0.11704	0.18611
2361	0.116	0.11614	0.18501
2362	0.11534	0.11504	0.1839
2363	0.11466	0.11419	0.18264
2364	0.11407	0.11374	0.18138
2365	0.11342	0.11327	0.18039
2366	0.11281	0.11283	0.1797
2367	0.11238	0.11265	0.1791
2368	0.11198	0.11245	0.17824
2369	0.11136	0.11181	0.17694
2370	0.11055	0.11107	0.17576
2371	0.10959	0.11063	0.17501
2372	0.10864	0.1102	0.17423
2373	0.10794	0.1095	0.1732
2374	0.10761	0.10858	0.17227
2375	0.1074	0.10784	0.1716
2376	0.10728	0.1078	0.17109
2377	0.10725	0.10796	0.17042
2378	0.107	0.10738	0.16932
2379	0.10676	0.1064	0.16824
2380	0.10672	0.10581	0.16754
2381	0.10637	0.10536	0.16688
2382	0.10604	0.10476	0.16651
2383	0.1063	0.10443	0.16656
2384	0.10622	0.10413	0.16593
2385	0.10539	0.10334	0.16471
2386	0.10451	0.1023	0.16415
2387	0.10379	0.10144	0.16393
2388	0.10314	0.10097	0.16301
2389	0.10271	0.1008	0.16189
2390	0.10226	0.10031	0.16082
2391	0.10132	0.099318	0.15924
2392	0.10049	0.098511	0.15754
2393	0.099796	0.097847	0.15584
2394	0.098888	0.096999	0.15401
2395	0.098002	0.096246	0.15251
2396	0.097389	0.0958	0.15163
2397	0.096946	0.095569	0.15126
2398	0.09592	0.094915	0.15014
2399	0.094453	0.093939	0.14817
2400	0.092995	0.093051	0.14658
2401	0.09158	0.09222	0.14568
2402	0.090444	0.091647	0.14479
2403	0.089671	0.091256	0.14364
2404	0.089206	0.090835	0.14273
2405	0.088731	0.090472	0.14223
2406	0.088585	0.090913	0.1424
2407	0.08917	0.091913	0.14288
2408	0.089576	0.091915	0.14223
2409	0.089542	0.09115	0.14103
2410	0.08993	0.091146	0.14065
2411	0.090816	0.092146	0.14074
2412	0.091222	0.092756	0.14024
2413	0.09098	0.092105	0.13921
2414	0.090261	0.090379	0.13769
2415	0.089327	0.08877	0.13591
2416	0.088605	0.088205	0.13468
2417	0.088268	0.087989	0.13409
2418	0.088199	0.087349	0.13343
2419	0.087422	0.086103	0.13154
2420	0.085584	0.084071	0.12848
2421	0.083915	0.08196	0.12596
2422	0.083486	0.08098	0.1252
2423	0.083406	0.080559	0.12458
2424	0.082286	0.07891	0.12191
2425	0.080721	0.076478	0.11862
2426	0.079688	0.074886	0.1169
2427	0.079195	0.074399	0.11656
2428	0.078436	0.073912	0.11584
2429	0.077173	0.072888	0.11441
2430	0.07605	0.071621	0.11328
2431	0.075283	0.070568	0.11268
2432	0.074676	0.070096	0.11256
2433	0.073779	0.069545	0.11223
2434	0.072548	0.068679	0.11116
2435	0.071888	0.068584	0.11072
2436	0.071742	0.069203	0.11135
2437	0.071544	0.069698	0.11177
2438	0.071567	0.069979	0.11158
2439	0.072246	0.070883	0.11174
2440	0.073182	0.073058	0.11255
2441	0.073337	0.075271	0.11289
2442	0.073167	0.076567	0.11256
2443	0.073416	0.077284	0.11209
2444	0.073482	0.07766	0.1113
2445	0.07327	0.078331	0.11043
2446	0.073026	0.079711	0.10962
2447	0.072713	0.081218	0.10876
2448	0.072398	0.082223	0.10752
2449	0.071697	0.082355	0.10541
2450	0.070079	0.081537	0.10274
2451	0.068923	0.081524	0.10131
2452	0.070149	0.083854	0.10286
2453	0.07172	0.085814	0.1046
2454	0.070483	0.084438	0.10248
2455	0.068387	0.082304	0.098898
2456	0.067431	0.081417	0.096956
2457	0.066324	0.08045	0.095559
2458	0.064153	0.078494	0.093441
2459	0.061843	0.075993	0.090789
2460	0.060217	0.073541	0.088236
2461	0.058914	0.071554	0.08673
2462	0.05766	0.070122	0.086303
2463	0.057602	0.0694	0.086168
2464	0.058879	0.068873	0.086041
2465	0.058931	0.067132	0.085032
2466	0.057376	0.064794	0.083053
2467	0.057768	0.065054	0.083344
2468	0.061181	0.068274	0.086977
2469	0.063465	0.070415	0.088969
2470	0.064188	0.07142	0.088691
2471	0.064603	0.071941	0.08791
2472	0.064641	0.071464	0.086665
2473	0.064879	0.070692	0.08566
2474	0.065323	0.06988	0.084947
2475	0.066451	0.070421	0.085822
2476	0.068005	0.072113	0.088638
2477	0.070111	0.073619	0.0924
2478	0.073013	0.074819	0.096227
2479	0.072781	0.073361	0.094886
2480	0.070129	0.070457	0.089324
