*Name: Linden top
Type: Leaf Spectrum

Origin: Remote Sensing Laboratories, University of Zurich

Description: abaxial reflectance, adaxial reflectance, and adaxial transmittance

Measurement: Hemispherical Conical Reflectance Factor HCRF measured by ASD Integrating Sphere

Wavelength [nm]	abaxial Reflectance [0 1]	adaxial Reflectance [0 1]	adaxial Transmittance [0 1]
370	0.015984	0.016762	0.0015893
371	0.021588	0.022272	0.0018247
372	0.026494	0.027043	0.0013119
373	0.031599	0.03196	0.001472
374	0.036182	0.036313	0.0019774
375	0.039557	0.039442	0.00244
376	0.041223	0.040977	0.0023414
377	0.041682	0.041233	0.0027987
378	0.040231	0.039503	0.0035003
379	0.040387	0.039734	0.0035124
380	0.040267	0.039821	0.0035858
381	0.040345	0.040112	0.0036665
382	0.040594	0.040439	0.0037011
383	0.040953	0.040762	0.0039413
384	0.040571	0.04034	0.0034257
385	0.039743	0.039406	0.002302
386	0.038894	0.038432	0.0011191
387	0.039456	0.03879	0.0015536
388	0.039956	0.039144	0.0020419
389	0.039719	0.038977	0.0017783
390	0.040361	0.039809	0.0020574
391	0.041545	0.041059	0.0030885
392	0.042005	0.041558	0.0035388
393	0.042311	0.041973	0.0037316
394	0.043083	0.042819	0.0043822
395	0.043607	0.043428	0.0047069
396	0.043903	0.043788	0.004712
397	0.044049	0.044087	0.0046612
398	0.044301	0.044395	0.0046141
399	0.044766	0.044886	0.004793
400	0.04504	0.045186	0.0048404
401	0.045404	0.045536	0.0050105
402	0.045204	0.045386	0.0046134
403	0.044751	0.04501	0.0038759
404	0.045083	0.045354	0.0038249
405	0.044884	0.045134	0.0033572
406	0.044528	0.04475	0.0027659
407	0.04496	0.04518	0.0028232
408	0.045028	0.045275	0.0025671
409	0.044914	0.045168	0.0021284
410	0.045093	0.045304	0.0019403
411	0.045464	0.045687	0.0019963
412	0.046086	0.046368	0.0023672
413	0.046793	0.047172	0.0028582
414	0.047225	0.047657	0.0030754
415	0.047671	0.048115	0.0033301
416	0.048209	0.048641	0.0036769
417	0.048625	0.049038	0.0039335
418	0.049047	0.049476	0.0042442
419	0.049547	0.049979	0.0046217
420	0.050036	0.050424	0.0049719
421	0.050546	0.05089	0.0052965
422	0.050802	0.051133	0.0054052
423	0.051058	0.05139	0.0055801
424	0.051434	0.051745	0.0058581
425	0.051712	0.052011	0.0060528
426	0.051947	0.052258	0.0062276
427	0.052293	0.052611	0.0065139
428	0.052694	0.053005	0.0068792
429	0.05307	0.053403	0.0072365
430	0.053334	0.053709	0.0074898
431	0.053403	0.053826	0.0075606
432	0.053647	0.054085	0.0077618
433	0.053959	0.054362	0.0080082
434	0.054238	0.054601	0.008244
435	0.054469	0.054833	0.0084418
436	0.054741	0.055116	0.0086982
437	0.055013	0.055399	0.008978
438	0.055225	0.055604	0.0091595
439	0.055454	0.055827	0.009368
440	0.05568	0.056063	0.0096014
441	0.055881	0.056261	0.0098118
442	0.055988	0.056381	0.0099498
443	0.056081	0.056493	0.010088
444	0.05612	0.056546	0.010171
445	0.056152	0.056581	0.010242
446	0.056207	0.056619	0.01034
447	0.056336	0.056726	0.010508
448	0.056536	0.056935	0.010775
449	0.056725	0.057133	0.011044
450	0.056867	0.057284	0.011269
451	0.057006	0.057439	0.01152
452	0.057264	0.057706	0.011909
453	0.057593	0.058041	0.012375
454	0.057829	0.058309	0.012767
455	0.057951	0.058466	0.013045
456	0.058057	0.05861	0.013301
457	0.058237	0.058822	0.013629
458	0.058351	0.058961	0.013864
459	0.058416	0.059043	0.014016
460	0.058488	0.059118	0.014141
461	0.058552	0.059167	0.014238
462	0.05857	0.059154	0.014296
463	0.058581	0.05914	0.014353
464	0.058539	0.059076	0.014352
465	0.05854	0.059056	0.014399
466	0.058622	0.059117	0.014511
467	0.058795	0.059273	0.014736
468	0.058913	0.059387	0.014916
469	0.058976	0.059448	0.015031
470	0.058997	0.059489	0.015106
471	0.059058	0.059575	0.015228
472	0.059093	0.059638	0.015308
473	0.059134	0.0597	0.015379
474	0.059141	0.059724	0.015425
475	0.059137	0.059727	0.015472
476	0.059204	0.059796	0.015579
477	0.059285	0.059888	0.015704
478	0.059296	0.059904	0.015756
479	0.059305	0.059912	0.015801
480	0.059358	0.059972	0.015901
481	0.059413	0.060043	0.016038
482	0.059393	0.060031	0.016084
483	0.05933	0.05997	0.016071
484	0.059309	0.059977	0.016121
485	0.059373	0.060064	0.016265
486	0.05946	0.060159	0.016427
487	0.059584	0.060275	0.016624
488	0.059673	0.060359	0.016785
489	0.059799	0.060477	0.016962
490	0.060081	0.060744	0.017306
491	0.0603	0.060963	0.01762
492	0.060429	0.061097	0.01786
493	0.060569	0.061235	0.018116
494	0.060761	0.06144	0.018436
495	0.060977	0.061672	0.018794
496	0.061224	0.061921	0.019198
497	0.061498	0.06219	0.019639
498	0.061831	0.062538	0.020174
499	0.0622	0.062929	0.020773
500	0.062603	0.063354	0.021418
501	0.06306	0.063828	0.022143
502	0.063528	0.064316	0.022903
503	0.064081	0.064894	0.023784
504	0.064762	0.065607	0.024861
505	0.065404	0.066285	0.02594
506	0.066056	0.066958	0.027047
507	0.066821	0.067737	0.028306
508	0.067676	0.068619	0.029698
509	0.068612	0.06958	0.031202
510	0.069595	0.070579	0.032782
511	0.070634	0.07164	0.034451
512	0.071767	0.072803	0.03626
513	0.07303	0.074095	0.038228
514	0.074378	0.075469	0.040304
515	0.075791	0.076901	0.042479
516	0.077312	0.078431	0.044788
517	0.078988	0.080125	0.047286
518	0.080757	0.081911	0.049906
519	0.082555	0.083708	0.052558
520	0.084438	0.085585	0.055304
521	0.086417	0.087569	0.058174
522	0.088452	0.089608	0.061099
523	0.090511	0.091661	0.064028
524	0.092576	0.093716	0.066944
525	0.094657	0.095786	0.06986
526	0.096719	0.09783	0.07273
527	0.098762	0.099839	0.075534
528	0.10073	0.10177	0.078225
529	0.10265	0.10366	0.080819
530	0.10451	0.10549	0.083317
531	0.10631	0.10726	0.085702
532	0.10798	0.10891	0.087918
533	0.10953	0.11044	0.08996
534	0.11103	0.11191	0.091903
535	0.1124	0.11327	0.093686
536	0.11363	0.11449	0.095294
537	0.11473	0.11559	0.096749
538	0.11575	0.11659	0.098077
539	0.11663	0.11747	0.099253
540	0.11739	0.11821	0.10029
541	0.11807	0.11888	0.10122
542	0.11871	0.11951	0.10211
543	0.11931	0.12012	0.10295
544	0.11989	0.12069	0.10375
545	0.12047	0.12127	0.10455
546	0.12103	0.12183	0.10531
547	0.12158	0.12238	0.10607
548	0.12212	0.12292	0.1068
549	0.12266	0.12347	0.10752
550	0.12317	0.12399	0.10822
551	0.12366	0.12448	0.10888
552	0.12408	0.1249	0.10947
553	0.1244	0.12522	0.10994
554	0.12463	0.12545	0.11032
555	0.12478	0.12561	0.1106
556	0.12483	0.12567	0.11077
557	0.12475	0.12559	0.11078
558	0.12457	0.12541	0.11067
559	0.12427	0.12512	0.11041
560	0.12382	0.12468	0.10997
561	0.12326	0.12414	0.10941
562	0.12262	0.12351	0.10873
563	0.1219	0.12281	0.10794
564	0.1211	0.12202	0.10705
565	0.1202	0.12113	0.10603
566	0.11921	0.12014	0.10488
567	0.11812	0.11907	0.10361
568	0.11696	0.11792	0.10225
569	0.11574	0.1167	0.10079
570	0.11445	0.11541	0.099245
571	0.11311	0.11408	0.097624
572	0.11173	0.11271	0.095947
573	0.11032	0.11131	0.094226
574	0.10892	0.10992	0.092512
575	0.10756	0.10857	0.090835
576	0.10627	0.10729	0.089224
577	0.10505	0.10607	0.087693
578	0.10388	0.10491	0.086219
579	0.10274	0.10379	0.084787
580	0.10167	0.10273	0.083437
581	0.10071	0.10177	0.082208
582	0.099787	0.10085	0.081042
583	0.098917	0.099979	0.079938
584	0.098098	0.099162	0.078905
585	0.097327	0.098398	0.077933
586	0.096613	0.097686	0.077029
587	0.095962	0.097039	0.076205
588	0.09533	0.096411	0.075416
589	0.094768	0.095843	0.074701
590	0.094291	0.095359	0.074081
591	0.093876	0.094943	0.073545
592	0.093485	0.094558	0.07305
593	0.093125	0.094203	0.072602
594	0.092826	0.093902	0.072229
595	0.092589	0.093662	0.071932
596	0.092342	0.093413	0.071638
597	0.092102	0.093177	0.071368
598	0.091852	0.092934	0.071097
599	0.091605	0.092688	0.070827
600	0.091365	0.092444	0.070564
601	0.0911	0.09217	0.070267
602	0.090792	0.09186	0.069924
603	0.090503	0.091573	0.069586
604	0.090219	0.091282	0.069231
605	0.089914	0.090976	0.068847
606	0.089565	0.090629	0.068402
607	0.089162	0.090224	0.067879
608	0.088727	0.089788	0.067307
609	0.088269	0.089335	0.066694
610	0.087784	0.088856	0.066038
611	0.087238	0.088321	0.065314
612	0.08665	0.08774	0.064536
613	0.086068	0.087156	0.063747
614	0.085474	0.086556	0.062934
615	0.084864	0.085942	0.062095
616	0.084267	0.085346	0.06127
617	0.083704	0.084783	0.060481
618	0.083168	0.084233	0.05971
619	0.082658	0.083713	0.058979
620	0.08218	0.083228	0.058291
621	0.081712	0.082752	0.057622
622	0.081292	0.082329	0.057024
623	0.080937	0.081973	0.056516
624	0.080631	0.081668	0.056074
625	0.080357	0.081399	0.055689
626	0.080142	0.081183	0.055383
627	0.079958	0.080998	0.055123
628	0.079793	0.080827	0.054896
629	0.079664	0.080691	0.054723
630	0.079592	0.080614	0.054626
631	0.079562	0.080579	0.054585
632	0.079527	0.080536	0.05454
633	0.079457	0.080462	0.054459
634	0.079361	0.080359	0.054345
635	0.079203	0.08019	0.05415
636	0.078989	0.079972	0.053879
637	0.078731	0.079712	0.053532
638	0.078408	0.079385	0.053072
639	0.078021	0.078989	0.052503
640	0.077547	0.078508	0.051804
641	0.077002	0.077955	0.050985
642	0.076418	0.077358	0.050084
643	0.075813	0.076737	0.049121
644	0.0752	0.076106	0.048115
645	0.074553	0.075439	0.04705
646	0.073859	0.074719	0.045915
647	0.073154	0.073993	0.044763
648	0.072482	0.073299	0.043648
649	0.071839	0.072637	0.042577
650	0.071243	0.072027	0.041576
651	0.070699	0.071475	0.040655
652	0.0702	0.070966	0.039805
653	0.069781	0.070531	0.039065
654	0.0694	0.070137	0.038391
655	0.069064	0.06979	0.037781
656	0.068782	0.069492	0.037228
657	0.068508	0.069196	0.03667
658	0.068213	0.068878	0.036067
659	0.067891	0.068529	0.035398
660	0.067531	0.068138	0.034652
661	0.067141	0.067723	0.033839
662	0.066704	0.067263	0.032941
663	0.066235	0.066771	0.031968
664	0.065755	0.066265	0.030952
665	0.065268	0.065752	0.029906
666	0.064771	0.065229	0.028841
667	0.064337	0.064756	0.027835
668	0.063941	0.06432	0.026875
669	0.063602	0.063937	0.025988
670	0.063354	0.063636	0.025207
671	0.063162	0.06339	0.024503
672	0.063027	0.063196	0.02388
673	0.062962	0.063061	0.023344
674	0.062949	0.062971	0.022884
675	0.062976	0.062918	0.022486
676	0.063068	0.06293	0.022168
677	0.063205	0.062984	0.021904
678	0.063376	0.063069	0.021691
679	0.063594	0.063198	0.021539
680	0.06384	0.063362	0.021445
681	0.064164	0.063605	0.021477
682	0.064562	0.063925	0.021643
683	0.065061	0.064352	0.021993
684	0.065679	0.064913	0.022579
685	0.066402	0.065597	0.023425
686	0.067246	0.066412	0.024573
687	0.068251	0.067406	0.026094
688	0.069445	0.068615	0.028045
689	0.070861	0.070067	0.030471
690	0.072565	0.071825	0.033442
691	0.074576	0.07391	0.036976
692	0.076946	0.076369	0.041107
693	0.079737	0.079253	0.045868
694	0.082969	0.082584	0.051259
695	0.086672	0.086383	0.057267
696	0.090847	0.090641	0.063838
697	0.095514	0.09538	0.070948
698	0.10063	0.10056	0.078524
699	0.10619	0.10617	0.08652
700	0.11213	0.11214	0.094832
701	0.11838	0.1184	0.10337
702	0.12488	0.12491	0.11204
703	0.13158	0.13159	0.12079
704	0.13842	0.13842	0.12954
705	0.14534	0.14533	0.13823
706	0.15229	0.15225	0.1468
707	0.15924	0.15917	0.15523
708	0.16618	0.16606	0.16351
709	0.17306	0.17289	0.17162
710	0.17989	0.17966	0.17954
711	0.18668	0.18638	0.1873
712	0.19342	0.19305	0.19492
713	0.20015	0.19969	0.20242
714	0.20684	0.20628	0.2098
715	0.2135	0.21283	0.21704
716	0.22013	0.21934	0.22418
717	0.22673	0.22582	0.23121
718	0.23329	0.23225	0.23812
719	0.23981	0.23863	0.24491
720	0.24626	0.24494	0.25158
721	0.25265	0.25118	0.25812
722	0.25897	0.25735	0.26452
723	0.26518	0.26341	0.27078
724	0.27128	0.26936	0.27688
725	0.27724	0.27518	0.2828
726	0.28306	0.28084	0.28854
727	0.28875	0.28637	0.29411
728	0.29427	0.29173	0.29947
729	0.29959	0.29691	0.30462
730	0.30472	0.30188	0.30955
731	0.30965	0.30665	0.31427
732	0.31439	0.31124	0.31877
733	0.31893	0.31563	0.32306
734	0.32324	0.3198	0.32713
735	0.32733	0.32376	0.33098
736	0.33121	0.32751	0.33462
737	0.33486	0.33106	0.33805
738	0.3383	0.33439	0.34127
739	0.34153	0.33752	0.34429
740	0.34455	0.34045	0.34712
741	0.34737	0.34319	0.34976
742	0.34999	0.34574	0.35222
743	0.35241	0.3481	0.3545
744	0.35463	0.35027	0.3566
745	0.35667	0.35227	0.35855
746	0.35856	0.35413	0.36036
747	0.36027	0.35583	0.36202
748	0.36183	0.35738	0.36356
749	0.36324	0.3588	0.36497
750	0.36451	0.3601	0.36627
751	0.36564	0.36125	0.36744
752	0.36665	0.36229	0.36852
753	0.36755	0.36323	0.36949
754	0.36834	0.36406	0.37038
755	0.36905	0.36481	0.37118
756	0.36967	0.36548	0.37191
757	0.37021	0.36607	0.37256
758	0.37069	0.36659	0.37316
759	0.37111	0.36705	0.3737
760	0.37149	0.36747	0.37419
761	0.37181	0.36784	0.37465
762	0.37209	0.36816	0.37505
763	0.37232	0.36844	0.37542
764	0.37252	0.36869	0.37575
765	0.37268	0.36889	0.37605
766	0.37281	0.36907	0.37633
767	0.3729	0.36921	0.37657
768	0.37297	0.36933	0.37679
769	0.37303	0.36944	0.377
770	0.37307	0.36952	0.37719
771	0.37309	0.36958	0.37736
772	0.37312	0.36965	0.37753
773	0.37315	0.36971	0.3777
774	0.37316	0.36976	0.37786
775	0.37317	0.36981	0.37801
776	0.37317	0.36984	0.37814
777	0.37318	0.36989	0.37828
778	0.37319	0.36994	0.37842
779	0.3732	0.36998	0.37856
780	0.37321	0.37002	0.37868
781	0.37323	0.37005	0.37882
782	0.37325	0.37009	0.37896
783	0.37327	0.37013	0.3791
784	0.3733	0.37017	0.37924
785	0.37332	0.37021	0.37938
786	0.37337	0.37026	0.37953
787	0.37341	0.37032	0.37969
788	0.37346	0.37038	0.37985
789	0.37351	0.37044	0.38001
790	0.37357	0.37052	0.38017
791	0.37364	0.37061	0.38034
792	0.37369	0.37067	0.3805
793	0.37375	0.37072	0.38065
794	0.37382	0.3708	0.38082
795	0.37389	0.37087	0.381
796	0.37396	0.37094	0.38119
797	0.37403	0.37102	0.38137
798	0.37411	0.3711	0.38154
799	0.37419	0.37117	0.38171
800	0.37427	0.37125	0.38189
801	0.37437	0.37135	0.38207
802	0.37448	0.37146	0.38225
803	0.37458	0.37157	0.38243
804	0.37469	0.37168	0.38261
805	0.37479	0.37178	0.38279
806	0.37486	0.37186	0.38295
807	0.37495	0.37196	0.38312
808	0.37504	0.37206	0.38328
809	0.37512	0.37215	0.38345
810	0.3752	0.37223	0.3836
811	0.37527	0.37231	0.38375
812	0.37536	0.3724	0.38391
813	0.37545	0.37248	0.38407
814	0.37553	0.37257	0.38422
815	0.37563	0.37266	0.38438
816	0.37572	0.37276	0.38454
817	0.37582	0.37287	0.38471
818	0.37592	0.37298	0.38489
819	0.37603	0.3731	0.38507
820	0.37614	0.37321	0.38525
821	0.37624	0.37332	0.38541
822	0.37634	0.37341	0.38557
823	0.37645	0.37351	0.38574
824	0.37655	0.37362	0.3859
825	0.37664	0.37372	0.38606
826	0.37674	0.37383	0.38622
827	0.37682	0.37392	0.38636
828	0.3769	0.37401	0.38648
829	0.37698	0.37409	0.38661
830	0.37706	0.37418	0.38675
831	0.37716	0.37427	0.38689
832	0.37726	0.37437	0.38705
833	0.37736	0.37447	0.38719
834	0.37744	0.37455	0.38732
835	0.37752	0.37463	0.38745
836	0.3776	0.37471	0.3876
837	0.37768	0.3748	0.38774
838	0.37776	0.37488	0.38787
839	0.37781	0.37494	0.38799
840	0.37786	0.37501	0.38811
841	0.37791	0.37508	0.38822
842	0.37797	0.37515	0.38834
843	0.37802	0.37521	0.38846
844	0.37808	0.37529	0.38858
845	0.37816	0.37538	0.38871
846	0.37824	0.37547	0.38884
847	0.37832	0.37556	0.38896
848	0.3784	0.37566	0.38909
849	0.37848	0.37574	0.38921
850	0.37855	0.37581	0.38932
851	0.3786	0.37586	0.38942
852	0.37864	0.37592	0.38952
853	0.37871	0.37599	0.38964
854	0.37877	0.37606	0.38975
855	0.37881	0.3761	0.38983
856	0.37883	0.37612	0.38991
857	0.37886	0.37616	0.39
858	0.37891	0.37622	0.39011
859	0.37897	0.37628	0.39022
860	0.37903	0.37636	0.39033
861	0.37909	0.37644	0.39044
862	0.37914	0.37649	0.39053
863	0.37916	0.37652	0.3906
864	0.37919	0.37655	0.39068
865	0.37922	0.37659	0.39077
866	0.37927	0.37665	0.39086
867	0.37932	0.3767	0.39093
868	0.37935	0.37672	0.39098
869	0.37937	0.37674	0.39104
870	0.37939	0.37675	0.39111
871	0.37946	0.37682	0.39122
872	0.37951	0.37688	0.39132
873	0.37954	0.37692	0.39141
874	0.37959	0.37698	0.39151
875	0.37964	0.37704	0.3916
876	0.37969	0.37709	0.39167
877	0.37972	0.37713	0.39173
878	0.37978	0.3772	0.39183
879	0.37984	0.37726	0.39192
880	0.37987	0.37729	0.39197
881	0.37985	0.37728	0.39199
882	0.37986	0.37729	0.39204
883	0.37988	0.37732	0.3921
884	0.37991	0.37735	0.39217
885	0.37994	0.37738	0.39224
886	0.37995	0.3774	0.39229
887	0.37996	0.37743	0.39233
888	0.38	0.37748	0.3924
889	0.38007	0.37757	0.39248
890	0.38012	0.37764	0.39256
891	0.38016	0.3777	0.39262
892	0.38022	0.37775	0.39271
893	0.38028	0.3778	0.39279
894	0.38032	0.37784	0.39287
895	0.38037	0.37789	0.39295
896	0.38043	0.37794	0.39304
897	0.38047	0.37797	0.3931
898	0.38049	0.37798	0.39313
899	0.3805	0.37798	0.39317
900	0.38052	0.378	0.39322
901	0.38055	0.37804	0.39327
902	0.38058	0.37807	0.39332
903	0.38063	0.37813	0.39339
904	0.38067	0.37817	0.39347
905	0.3807	0.3782	0.39353
906	0.38074	0.37823	0.39358
907	0.3808	0.3783	0.39367
908	0.38086	0.37838	0.39375
909	0.38091	0.37843	0.39381
910	0.38098	0.3785	0.39387
911	0.38103	0.37857	0.39391
912	0.38106	0.3786	0.39396
913	0.38107	0.37861	0.394
914	0.38107	0.37863	0.39402
915	0.38109	0.37865	0.39406
916	0.38112	0.37868	0.39412
917	0.38118	0.37872	0.39418
918	0.38122	0.37876	0.39424
919	0.38127	0.37882	0.39432
920	0.38136	0.37891	0.39442
921	0.3814	0.37894	0.39446
922	0.3814	0.37894	0.39448
923	0.38139	0.37894	0.39449
924	0.38142	0.37897	0.39449
925	0.38139	0.37895	0.39449
926	0.38133	0.37889	0.39447
927	0.38124	0.3788	0.39444
928	0.38119	0.37876	0.39444
929	0.38115	0.37874	0.39447
930	0.38115	0.37873	0.39452
931	0.38117	0.37874	0.39457
932	0.38125	0.37882	0.3947
933	0.38135	0.37892	0.39484
934	0.3814	0.37896	0.39493
935	0.38136	0.3789	0.39491
936	0.3813	0.37883	0.39488
937	0.38123	0.37876	0.39485
938	0.38117	0.37868	0.3948
939	0.38108	0.37861	0.39475
940	0.38097	0.37851	0.39468
941	0.38086	0.37842	0.39461
942	0.38077	0.37835	0.39457
943	0.3807	0.37828	0.39453
944	0.38066	0.37823	0.3945
945	0.38063	0.37821	0.39451
946	0.38061	0.37819	0.39455
947	0.38053	0.3781	0.39452
948	0.38042	0.37798	0.39444
949	0.38031	0.37783	0.39435
950	0.38013	0.37764	0.39425
951	0.37997	0.37747	0.39416
952	0.3798	0.37729	0.39407
953	0.3796	0.37711	0.39394
954	0.37941	0.37693	0.39381
955	0.37925	0.37677	0.39371
956	0.37912	0.37664	0.39363
957	0.379	0.3765	0.39355
958	0.37886	0.37638	0.39348
959	0.3787	0.37623	0.39339
960	0.37856	0.37609	0.3933
961	0.37846	0.37601	0.39318
962	0.37837	0.3759	0.39306
963	0.37826	0.3758	0.39299
964	0.37812	0.37567	0.39294
965	0.37799	0.37554	0.39286
966	0.37795	0.3755	0.39282
967	0.37799	0.37554	0.39285
968	0.37809	0.37562	0.39296
969	0.37817	0.3757	0.39305
970	0.37827	0.37579	0.39317
971	0.37837	0.37587	0.39331
972	0.37846	0.37595	0.39348
973	0.3785	0.37598	0.39358
974	0.37851	0.37599	0.39363
975	0.37853	0.37601	0.39367
976	0.37852	0.37599	0.3937
977	0.37849	0.37597	0.39374
978	0.37843	0.3759	0.39372
979	0.37837	0.37581	0.39363
980	0.37842	0.37586	0.39363
981	0.37854	0.37599	0.39373
982	0.37865	0.37613	0.39383
983	0.37872	0.37626	0.39387
984	0.37884	0.37641	0.39398
985	0.37892	0.37652	0.39408
986	0.37901	0.37664	0.39422
987	0.37913	0.37677	0.39438
988	0.37934	0.37692	0.39455
989	0.37962	0.37716	0.39478
990	0.37994	0.37746	0.39503
991	0.38023	0.37775	0.39523
992	0.38046	0.37799	0.39537
993	0.38075	0.37827	0.39559
994	0.38111	0.37864	0.3959
995	0.38154	0.37907	0.39627
996	0.38279	0.38041	0.39724
997	0.3832	0.38087	0.39762
998	0.38297	0.38063	0.39747
999	0.38212	0.37975	0.39689
1000	0.38087	0.37847	0.39608
1001	0.37937	0.37693	0.39509
1002	0.37772	0.37523	0.39398
1003	0.37594	0.37349	0.39283
1004	0.37415	0.37176	0.39168
1005	0.3725	0.37015	0.39063
1006	0.37113	0.36876	0.38976
1007	0.3702	0.36776	0.38922
1008	0.36978	0.36727	0.38902
1009	0.36999	0.36739	0.38924
1010	0.37093	0.36829	0.38997
1011	0.37102	0.36832	0.39005
1012	0.37116	0.36843	0.39011
1013	0.37125	0.36851	0.39019
1014	0.37133	0.36857	0.39032
1015	0.37138	0.36866	0.39044
1016	0.37137	0.36875	0.39057
1017	0.37134	0.36886	0.39074
1018	0.37134	0.36896	0.39092
1019	0.37136	0.36906	0.39108
1020	0.37141	0.36919	0.39123
1021	0.37146	0.36932	0.39134
1022	0.37151	0.36946	0.39143
1023	0.37158	0.36959	0.3915
1024	0.37171	0.36974	0.39157
1025	0.37191	0.36994	0.39167
1026	0.37214	0.37009	0.39176
1027	0.37236	0.37016	0.39182
1028	0.37256	0.37022	0.39186
1029	0.37273	0.37027	0.39191
1030	0.37288	0.37035	0.39199
1031	0.37302	0.37045	0.39211
1032	0.37312	0.37052	0.39226
1033	0.37317	0.37061	0.39245
1034	0.37321	0.37072	0.39263
1035	0.3732	0.37081	0.39278
1036	0.37318	0.37085	0.39292
1037	0.37317	0.37085	0.39301
1038	0.37317	0.37078	0.39306
1039	0.37311	0.37067	0.39309
1040	0.37306	0.37055	0.39311
1041	0.3731	0.37045	0.39314
1042	0.37322	0.37042	0.39319
1043	0.37335	0.37046	0.39331
1044	0.37345	0.37055	0.39346
1045	0.3735	0.37061	0.39358
1046	0.37347	0.37065	0.39367
1047	0.37342	0.37068	0.39375
1048	0.37343	0.37073	0.39378
1049	0.37345	0.37079	0.39378
1050	0.37347	0.37087	0.39377
1051	0.37348	0.37099	0.39374
1052	0.37349	0.37111	0.39368
1053	0.3735	0.37122	0.39368
1054	0.37365	0.37137	0.39378
1055	0.3739	0.37156	0.39395
1056	0.37414	0.37177	0.39409
1057	0.37432	0.37196	0.39421
1058	0.37443	0.37207	0.39428
1059	0.37447	0.37208	0.3943
1060	0.37441	0.37205	0.3943
1061	0.37433	0.37199	0.39432
1062	0.37428	0.37194	0.39438
1063	0.3742	0.37188	0.39445
1064	0.37411	0.37184	0.39452
1065	0.3741	0.37188	0.39463
1066	0.37416	0.37194	0.39475
1067	0.37427	0.37201	0.39492
1068	0.37443	0.3721	0.39511
1069	0.37453	0.37216	0.39524
1070	0.37457	0.37216	0.3953
1071	0.37457	0.3721	0.39533
1072	0.37456	0.37202	0.39535
1073	0.37453	0.37196	0.3954
1074	0.37447	0.37194	0.39548
1075	0.37441	0.37193	0.39555
1076	0.37439	0.37192	0.3956
1077	0.37436	0.37192	0.39556
1078	0.37434	0.37194	0.39546
1079	0.37434	0.372	0.39539
1080	0.37439	0.37207	0.39535
1081	0.37445	0.3721	0.39532
1082	0.37445	0.37208	0.39528
1083	0.3744	0.37201	0.39526
1084	0.37435	0.3719	0.39529
1085	0.37431	0.37178	0.39535
1086	0.37431	0.37171	0.39544
1087	0.37433	0.37169	0.39559
1088	0.37436	0.37167	0.39575
1089	0.37438	0.37162	0.39589
1090	0.37435	0.37157	0.39594
1091	0.37428	0.37152	0.39591
1092	0.37419	0.37148	0.39587
1093	0.37412	0.37146	0.39588
1094	0.37408	0.37146	0.39594
1095	0.37405	0.37145	0.396
1096	0.37399	0.37139	0.39604
1097	0.37393	0.37131	0.39609
1098	0.37389	0.37122	0.39614
1099	0.37389	0.37116	0.39613
1100	0.37392	0.37115	0.39611
1101	0.37395	0.37119	0.39614
1102	0.37398	0.37122	0.39619
1103	0.37395	0.37118	0.3962
1104	0.37385	0.3711	0.39614
1105	0.37371	0.37104	0.39604
1106	0.37354	0.37098	0.39594
1107	0.37337	0.37088	0.39583
1108	0.37321	0.37075	0.39573
1109	0.37305	0.37061	0.39563
1110	0.37289	0.37046	0.39551
1111	0.37274	0.37034	0.39543
1112	0.37261	0.37024	0.39538
1113	0.37251	0.37016	0.39535
1114	0.37244	0.37013	0.39536
1115	0.3724	0.37012	0.39542
1116	0.37235	0.3701	0.39549
1117	0.37228	0.37003	0.39553
1118	0.37222	0.36996	0.39554
1119	0.37214	0.36989	0.39553
1120	0.37202	0.36973	0.39548
1121	0.37187	0.3695	0.3954
1122	0.37169	0.36926	0.39532
1123	0.3715	0.36903	0.39522
1124	0.3713	0.36884	0.39512
1125	0.37107	0.36864	0.39505
1126	0.37082	0.36839	0.39495
1127	0.37054	0.3681	0.3948
1128	0.37026	0.3678	0.39465
1129	0.36998	0.36752	0.3945
1130	0.36971	0.36723	0.39434
1131	0.36943	0.36694	0.39412
1132	0.36913	0.36661	0.39387
1133	0.36877	0.36623	0.39361
1134	0.36836	0.36578	0.39333
1135	0.36792	0.36532	0.393
1136	0.36747	0.36488	0.39266
1137	0.36705	0.36444	0.39235
1138	0.36662	0.364	0.39204
1139	0.36614	0.36351	0.39168
1140	0.36562	0.36296	0.39127
1141	0.36508	0.3624	0.39085
1142	0.36453	0.36184	0.39046
1143	0.36398	0.3613	0.39008
1144	0.36342	0.36075	0.38964
1145	0.36279	0.36015	0.38916
1146	0.36211	0.35951	0.38865
1147	0.36142	0.35885	0.38816
1148	0.36076	0.35821	0.38765
1149	0.36013	0.3576	0.38717
1150	0.35957	0.35703	0.38678
1151	0.35905	0.35649	0.38651
1152	0.35853	0.35593	0.38627
1153	0.35801	0.3554	0.38603
1154	0.35752	0.3549	0.3858
1155	0.35707	0.35445	0.3856
1156	0.35667	0.35407	0.3854
1157	0.35632	0.35374	0.38518
1158	0.356	0.35342	0.38493
1159	0.35568	0.3531	0.38464
1160	0.3554	0.35281	0.38437
1161	0.35519	0.35259	0.38413
1162	0.35504	0.35244	0.38393
1163	0.35495	0.35234	0.38379
1164	0.35485	0.35225	0.38369
1165	0.35473	0.35211	0.38361
1166	0.35456	0.35194	0.38356
1167	0.35437	0.35176	0.3835
1168	0.35416	0.35159	0.38344
1169	0.35396	0.35145	0.38338
1170	0.35377	0.35131	0.38333
1171	0.35358	0.35117	0.38326
1172	0.35342	0.35101	0.38318
1173	0.3533	0.35089	0.38311
1174	0.35321	0.3508	0.38307
1175	0.35318	0.35073	0.38305
1176	0.3532	0.35071	0.38307
1177	0.35325	0.35071	0.38312
1178	0.35329	0.3507	0.38318
1179	0.35329	0.35066	0.38323
1180	0.35324	0.3506	0.38329
1181	0.35315	0.35051	0.38333
1182	0.35303	0.3504	0.38337
1183	0.3529	0.35029	0.38338
1184	0.35275	0.35018	0.38336
1185	0.35262	0.35008	0.38332
1186	0.35253	0.35001	0.38329
1187	0.35248	0.34995	0.38327
1188	0.35245	0.34989	0.38327
1189	0.35246	0.34984	0.38329
1190	0.35249	0.34983	0.38332
1191	0.35252	0.34986	0.38336
1192	0.3525	0.34987	0.38338
1193	0.35243	0.34983	0.38338
1194	0.35232	0.34974	0.38336
1195	0.35219	0.34961	0.38334
1196	0.35206	0.34947	0.38332
1197	0.35193	0.34935	0.38331
1198	0.35184	0.34928	0.38332
1199	0.35181	0.34924	0.38337
1200	0.35184	0.34924	0.38345
1201	0.35192	0.34925	0.38355
1202	0.35201	0.34928	0.38367
1203	0.35209	0.34931	0.3838
1204	0.35217	0.34938	0.3839
1205	0.35222	0.34946	0.38395
1206	0.35225	0.34952	0.38397
1207	0.35224	0.34955	0.38402
1208	0.35222	0.34956	0.38407
1209	0.35219	0.34958	0.38409
1210	0.35217	0.3496	0.3841
1211	0.35219	0.34964	0.38411
1212	0.35225	0.34971	0.38414
1213	0.35237	0.34985	0.38418
1214	0.35253	0.35003	0.38424
1215	0.35271	0.35021	0.38431
1216	0.35286	0.35037	0.38441
1217	0.35299	0.35053	0.38457
1218	0.35314	0.3507	0.38474
1219	0.35328	0.35088	0.38491
1220	0.35341	0.35102	0.38509
1221	0.3535	0.35115	0.3853
1222	0.35357	0.35126	0.38549
1223	0.35362	0.35135	0.38564
1224	0.35367	0.35143	0.38577
1225	0.35373	0.35148	0.38587
1226	0.35378	0.35152	0.38597
1227	0.35385	0.35158	0.38606
1228	0.35396	0.35167	0.38616
1229	0.35407	0.35177	0.38625
1230	0.3542	0.35187	0.38635
1231	0.35433	0.35197	0.38647
1232	0.35445	0.35206	0.38657
1233	0.35457	0.35214	0.38663
1234	0.35467	0.3522	0.38671
1235	0.35475	0.35226	0.38682
1236	0.35485	0.35236	0.38697
1237	0.35497	0.35249	0.38716
1238	0.35509	0.35262	0.38737
1239	0.3552	0.35275	0.38759
1240	0.35532	0.35289	0.38778
1241	0.35548	0.35306	0.38796
1242	0.35565	0.35325	0.38812
1243	0.35581	0.35343	0.38825
1244	0.35593	0.35357	0.38832
1245	0.35602	0.35366	0.38836
1246	0.35604	0.35369	0.38834
1247	0.356	0.35368	0.38831
1248	0.35593	0.35364	0.38831
1249	0.35588	0.35362	0.38831
1250	0.35587	0.35363	0.38835
1251	0.35587	0.35363	0.38843
1252	0.35586	0.35364	0.38856
1253	0.35587	0.3537	0.38871
1254	0.35593	0.35381	0.38887
1255	0.35602	0.35393	0.38902
1256	0.35614	0.35405	0.38917
1257	0.35627	0.35417	0.38932
1258	0.3564	0.35429	0.38944
1259	0.35652	0.35438	0.38956
1260	0.35662	0.35445	0.38968
1261	0.35667	0.35447	0.38972
1262	0.3567	0.35448	0.38969
1263	0.35673	0.35447	0.38966
1264	0.35676	0.35444	0.38965
1265	0.35677	0.35439	0.38965
1266	0.35676	0.35434	0.38963
1267	0.35671	0.35431	0.38961
1268	0.35663	0.35427	0.38958
1269	0.35654	0.35421	0.38952
1270	0.35645	0.35414	0.38945
1271	0.35637	0.35408	0.38939
1272	0.3563	0.35405	0.38935
1273	0.35627	0.35403	0.38937
1274	0.3563	0.35403	0.3894
1275	0.35633	0.35405	0.3894
1276	0.35637	0.35408	0.38942
1277	0.35643	0.35413	0.3895
1278	0.35653	0.35419	0.3896
1279	0.35662	0.35425	0.38969
1280	0.35667	0.35428	0.38976
1281	0.35665	0.35426	0.38981
1282	0.35656	0.35418	0.3898
1283	0.35642	0.35406	0.38973
1284	0.35623	0.35389	0.38963
1285	0.35602	0.35372	0.38952
1286	0.3558	0.35352	0.38941
1287	0.3556	0.3533	0.38929
1288	0.35542	0.35308	0.38917
1289	0.35525	0.35288	0.38907
1290	0.35505	0.35269	0.38897
1291	0.35486	0.35251	0.38887
1292	0.35472	0.35237	0.38879
1293	0.3546	0.35225	0.38872
1294	0.35448	0.35214	0.38866
1295	0.35435	0.35204	0.38859
1296	0.3542	0.35194	0.38849
1297	0.35404	0.3518	0.38838
1298	0.35386	0.35164	0.38829
1299	0.35368	0.35147	0.38819
1300	0.35349	0.35126	0.38806
1301	0.35325	0.35098	0.38795
1302	0.35296	0.35065	0.38783
1303	0.35262	0.35029	0.38768
1304	0.35223	0.34989	0.38749
1305	0.35183	0.34949	0.3873
1306	0.35146	0.34912	0.38712
1307	0.35114	0.34881	0.38693
1308	0.35086	0.34853	0.38673
1309	0.35059	0.34827	0.38651
1310	0.35031	0.34799	0.38628
1311	0.35002	0.34768	0.38603
1312	0.34974	0.34735	0.38575
1313	0.34943	0.34702	0.38542
1314	0.34903	0.3466	0.38506
1315	0.34853	0.34608	0.38468
1316	0.34795	0.34548	0.38424
1317	0.34732	0.34483	0.38377
1318	0.34666	0.3442	0.38333
1319	0.34604	0.3436	0.38293
1320	0.3455	0.34303	0.38254
1321	0.34501	0.3425	0.38215
1322	0.34449	0.34196	0.38175
1323	0.34393	0.34141	0.38136
1324	0.34332	0.3408	0.38095
1325	0.34268	0.34016	0.38054
1326	0.34202	0.33953	0.38013
1327	0.3413	0.33887	0.3797
1328	0.34058	0.3382	0.37927
1329	0.3399	0.33752	0.37883
1330	0.3392	0.33681	0.37837
1331	0.3385	0.33611	0.37792
1332	0.33783	0.33544	0.37748
1333	0.33722	0.33478	0.37702
1334	0.33669	0.33415	0.37654
1335	0.33615	0.33353	0.37605
1336	0.33557	0.33289	0.37553
1337	0.335	0.33223	0.375
1338	0.33437	0.3315	0.37443
1339	0.33366	0.33073	0.37383
1340	0.3329	0.32996	0.37322
1341	0.33213	0.32918	0.37263
1342	0.33137	0.32842	0.37205
1343	0.33062	0.32771	0.37151
1344	0.32984	0.32699	0.37099
1345	0.32904	0.32625	0.37045
1346	0.32823	0.3255	0.36991
1347	0.32739	0.32474	0.36937
1348	0.32656	0.32398	0.36885
1349	0.32577	0.32327	0.36838
1350	0.32505	0.32259	0.36793
1351	0.32436	0.32192	0.36749
1352	0.32366	0.32122	0.36705
1353	0.32293	0.32048	0.3666
1354	0.32221	0.31972	0.36615
1355	0.3215	0.31901	0.36569
1356	0.3208	0.31835	0.36525
1357	0.32015	0.31774	0.36483
1358	0.31952	0.31713	0.3644
1359	0.31888	0.31648	0.36395
1360	0.31819	0.3158	0.36349
1361	0.3174	0.31506	0.36297
1362	0.31658	0.3143	0.36244
1363	0.31578	0.31355	0.36189
1364	0.31499	0.31276	0.3613
1365	0.3142	0.31194	0.36067
1366	0.31341	0.31109	0.36001
1367	0.31258	0.31019	0.35928
1368	0.3117	0.30926	0.35846
1369	0.31078	0.30832	0.35757
1370	0.30982	0.30731	0.35661
1371	0.30882	0.30621	0.35559
1372	0.30771	0.30499	0.3545
1373	0.30647	0.30366	0.35333
1374	0.30509	0.30223	0.35209
1375	0.30354	0.30065	0.35072
1376	0.3018	0.29891	0.34923
1377	0.29991	0.29701	0.34763
1378	0.29791	0.29499	0.34596
1379	0.29578	0.29285	0.34419
1380	0.2935	0.29059	0.34233
1381	0.29103	0.28818	0.34031
1382	0.28841	0.28561	0.33814
1383	0.28563	0.28284	0.33579
1384	0.2827	0.27991	0.33324
1385	0.27963	0.27682	0.33049
1386	0.27645	0.27361	0.32757
1387	0.27319	0.27031	0.3245
1388	0.26983	0.26694	0.32126
1389	0.26629	0.26342	0.31781
1390	0.26262	0.25978	0.31423
1391	0.25886	0.25603	0.31056
1392	0.25505	0.25221	0.30683
1393	0.25117	0.24833	0.30303
1394	0.24722	0.24441	0.29916
1395	0.2432	0.24042	0.29523
1396	0.23915	0.23637	0.29125
1397	0.23506	0.23228	0.28718
1398	0.23096	0.2282	0.28305
1399	0.2269	0.22416	0.27891
1400	0.22291	0.22021	0.27481
1401	0.21901	0.21637	0.27077
1402	0.21519	0.21263	0.26677
1403	0.21141	0.20897	0.26278
1404	0.20776	0.20543	0.25891
1405	0.20424	0.20203	0.25513
1406	0.20089	0.19879	0.25148
1407	0.19774	0.19575	0.24801
1408	0.19479	0.19286	0.24471
1409	0.19197	0.19007	0.24154
1410	0.1893	0.18738	0.23849
1411	0.18674	0.18476	0.23555
1412	0.1843	0.18226	0.23277
1413	0.182	0.17991	0.23016
1414	0.17984	0.1777	0.22771
1415	0.17782	0.17566	0.22543
1416	0.17592	0.17374	0.22326
1417	0.17407	0.17189	0.22115
1418	0.17232	0.17017	0.21916
1419	0.17067	0.1686	0.2173
1420	0.16916	0.1672	0.2156
1421	0.16777	0.16594	0.21404
1422	0.16649	0.16477	0.21259
1423	0.16528	0.16364	0.21119
1424	0.16415	0.16256	0.20987
1425	0.16308	0.16153	0.20865
1426	0.16211	0.16059	0.20756
1427	0.16122	0.15974	0.20656
1428	0.1604	0.15893	0.20561
1429	0.15964	0.15817	0.20473
1430	0.15894	0.15745	0.20391
1431	0.15826	0.15676	0.20315
1432	0.15762	0.15614	0.20246
1433	0.15704	0.15561	0.20185
1434	0.15652	0.15517	0.20131
1435	0.15607	0.15478	0.20082
1436	0.15567	0.15444	0.20038
1437	0.15531	0.1541	0.19997
1438	0.15497	0.15377	0.19959
1439	0.15466	0.15346	0.19926
1440	0.15438	0.1532	0.199
1441	0.15412	0.15296	0.19878
1442	0.15391	0.15275	0.19859
1443	0.15375	0.15258	0.19846
1444	0.15361	0.15244	0.19837
1445	0.15347	0.15231	0.19828
1446	0.15328	0.15212	0.19816
1447	0.15307	0.1519	0.19802
1448	0.1529	0.15173	0.19791
1449	0.15278	0.15159	0.19785
1450	0.15269	0.1515	0.19782
1451	0.15273	0.15159	0.19788
1452	0.15274	0.15159	0.19795
1453	0.15276	0.15161	0.19804
1454	0.15282	0.15165	0.19815
1455	0.15289	0.15172	0.1983
1456	0.15298	0.15182	0.19847
1457	0.1531	0.15196	0.19868
1458	0.15327	0.15213	0.19893
1459	0.15347	0.15233	0.19923
1460	0.1537	0.15257	0.19957
1461	0.15396	0.15284	0.19995
1462	0.15426	0.15314	0.20037
1463	0.15459	0.15347	0.20084
1464	0.15495	0.15384	0.20135
1465	0.15534	0.15425	0.20192
1466	0.15576	0.15469	0.20253
1467	0.15621	0.15516	0.20318
1468	0.15669	0.15566	0.20385
1469	0.15719	0.15618	0.20455
1470	0.1577	0.1567	0.20527
1471	0.15823	0.15724	0.20603
1472	0.1588	0.15781	0.20684
1473	0.15942	0.15844	0.20771
1474	0.16008	0.15912	0.20861
1475	0.16077	0.15984	0.20956
1476	0.1615	0.16059	0.21054
1477	0.16227	0.16137	0.21157
1478	0.16305	0.16215	0.21262
1479	0.16384	0.16295	0.21369
1480	0.16466	0.16377	0.21478
1481	0.16549	0.1646	0.2159
1482	0.16634	0.16546	0.21703
1483	0.16721	0.16634	0.21817
1484	0.16811	0.16724	0.21932
1485	0.16902	0.16817	0.22049
1486	0.16995	0.1691	0.22167
1487	0.17089	0.17004	0.22285
1488	0.17185	0.171	0.22405
1489	0.17282	0.17195	0.22525
1490	0.17381	0.17291	0.22646
1491	0.1748	0.17389	0.22769
1492	0.1758	0.17488	0.22892
1493	0.17681	0.17587	0.23018
1494	0.17783	0.17687	0.23144
1495	0.17886	0.17788	0.23269
1496	0.17989	0.17889	0.23395
1497	0.18092	0.17991	0.2352
1498	0.18195	0.18093	0.23644
1499	0.18297	0.18194	0.23768
1500	0.18398	0.18294	0.23892
1501	0.18499	0.18394	0.24016
1502	0.18599	0.18493	0.24139
1503	0.18697	0.18592	0.2426
1504	0.18797	0.18691	0.24381
1505	0.18898	0.18791	0.24503
1506	0.18999	0.1889	0.24624
1507	0.191	0.18991	0.24745
1508	0.19202	0.19091	0.24866
1509	0.19303	0.19191	0.24985
1510	0.19404	0.19292	0.25103
1511	0.19506	0.19392	0.25223
1512	0.1961	0.19492	0.25343
1513	0.19713	0.19592	0.25464
1514	0.19816	0.19691	0.25583
1515	0.19917	0.1979	0.25701
1516	0.20017	0.19889	0.25816
1517	0.20117	0.19987	0.25931
1518	0.20216	0.20085	0.26045
1519	0.20316	0.20183	0.26158
1520	0.20414	0.2028	0.26271
1521	0.20512	0.20376	0.26381
1522	0.2061	0.20472	0.26492
1523	0.20708	0.20567	0.26601
1524	0.20804	0.2066	0.26709
1525	0.20899	0.20753	0.26816
1526	0.20994	0.20846	0.26923
1527	0.21088	0.20939	0.27029
1528	0.21182	0.2103	0.27133
1529	0.21275	0.21122	0.27238
1530	0.21368	0.21214	0.27341
1531	0.2146	0.21306	0.27443
1532	0.2155	0.21398	0.27544
1533	0.2164	0.21488	0.27644
1534	0.21728	0.21577	0.27743
1535	0.21814	0.21665	0.27841
1536	0.21899	0.21751	0.27938
1537	0.21983	0.21837	0.28033
1538	0.22065	0.21921	0.28125
1539	0.22148	0.22005	0.28216
1540	0.22231	0.22088	0.28307
1541	0.22312	0.22171	0.28396
1542	0.22392	0.22253	0.28483
1543	0.22471	0.22333	0.28571
1544	0.22552	0.22414	0.28658
1545	0.22634	0.22494	0.28747
1546	0.22717	0.22575	0.28837
1547	0.228	0.22655	0.28928
1548	0.22882	0.22735	0.29017
1549	0.22962	0.22813	0.29104
1550	0.23039	0.2289	0.29189
1551	0.23114	0.22966	0.2927
1552	0.23189	0.2304	0.29351
1553	0.23264	0.23116	0.29431
1554	0.23339	0.23191	0.29512
1555	0.23413	0.23265	0.29591
1556	0.23485	0.23337	0.29669
1557	0.23557	0.23408	0.29745
1558	0.23627	0.23478	0.2982
1559	0.23696	0.23547	0.29893
1560	0.23763	0.23615	0.29966
1561	0.23831	0.23682	0.30038
1562	0.23898	0.23747	0.30109
1563	0.23965	0.23813	0.30181
1564	0.24031	0.23878	0.30254
1565	0.24095	0.23943	0.30324
1566	0.24158	0.24005	0.30391
1567	0.24221	0.24067	0.30458
1568	0.24282	0.24128	0.30524
1569	0.24343	0.24188	0.30589
1570	0.24402	0.24247	0.30651
1571	0.2446	0.24306	0.30713
1572	0.24518	0.24364	0.30773
1573	0.24575	0.2442	0.30833
1574	0.24631	0.24475	0.30892
1575	0.24686	0.2453	0.30951
1576	0.24741	0.24584	0.3101
1577	0.24796	0.2464	0.31069
1578	0.24853	0.24696	0.31129
1579	0.2491	0.24752	0.3119
1580	0.24967	0.24807	0.31251
1581	0.25023	0.24861	0.31312
1582	0.25078	0.24914	0.31372
1583	0.25132	0.24967	0.31431
1584	0.25184	0.25019	0.31488
1585	0.25235	0.25071	0.31543
1586	0.25287	0.25124	0.31597
1587	0.2534	0.25177	0.31652
1588	0.25394	0.25232	0.31708
1589	0.25447	0.25284	0.31763
1590	0.25497	0.25334	0.31815
1591	0.25547	0.25382	0.31868
1592	0.25597	0.2543	0.31921
1593	0.25646	0.25479	0.31971
1594	0.25694	0.25527	0.32021
1595	0.25743	0.25574	0.32071
1596	0.25791	0.25621	0.32122
1597	0.25838	0.25667	0.32172
1598	0.25884	0.25713	0.32221
1599	0.25931	0.2576	0.32271
1600	0.25977	0.25806	0.3232
1601	0.26022	0.25851	0.32366
1602	0.26066	0.25895	0.32412
1603	0.2611	0.25938	0.32459
1604	0.26154	0.25981	0.32506
1605	0.26197	0.26024	0.32552
1606	0.26241	0.26068	0.32597
1607	0.26282	0.2611	0.32641
1608	0.2632	0.26151	0.32684
1609	0.26359	0.26192	0.32726
1610	0.26398	0.26234	0.3277
1611	0.26437	0.26276	0.32813
1612	0.26478	0.26317	0.32856
1613	0.26518	0.26358	0.32899
1614	0.26557	0.26396	0.32941
1615	0.26596	0.26433	0.32984
1616	0.26634	0.2647	0.33025
1617	0.26671	0.26506	0.33065
1618	0.26708	0.26541	0.33104
1619	0.26744	0.26576	0.33141
1620	0.26779	0.26611	0.33178
1621	0.26814	0.26644	0.33213
1622	0.26848	0.26677	0.33248
1623	0.26882	0.26709	0.33282
1624	0.26913	0.26739	0.33314
1625	0.26942	0.26767	0.33345
1626	0.26972	0.26795	0.33377
1627	0.27003	0.26824	0.3341
1628	0.27032	0.26851	0.3344
1629	0.2706	0.26877	0.33468
1630	0.27088	0.26904	0.33497
1631	0.27115	0.26931	0.33526
1632	0.27142	0.26958	0.33555
1633	0.27167	0.26983	0.33584
1634	0.27193	0.27008	0.33614
1635	0.27218	0.27033	0.33644
1636	0.27242	0.27057	0.33672
1637	0.27264	0.27078	0.33698
1638	0.27286	0.27098	0.33725
1639	0.27307	0.27119	0.33752
1640	0.27327	0.27139	0.33777
1641	0.27347	0.2716	0.33801
1642	0.27365	0.2718	0.33824
1643	0.27383	0.27201	0.33845
1644	0.27402	0.27222	0.33868
1645	0.27422	0.27243	0.33891
1646	0.2744	0.2726	0.33913
1647	0.27458	0.27275	0.33935
1648	0.27475	0.27291	0.33958
1649	0.2749	0.27305	0.33978
1650	0.27504	0.2732	0.33998
1651	0.27518	0.27333	0.34017
1652	0.27531	0.27345	0.34036
1653	0.2754	0.27353	0.34052
1654	0.27546	0.27359	0.34065
1655	0.27549	0.27362	0.34077
1656	0.27551	0.27365	0.34089
1657	0.27553	0.27367	0.341
1658	0.27554	0.27368	0.3411
1659	0.27554	0.27369	0.34121
1660	0.27554	0.27368	0.34132
1661	0.27555	0.27368	0.34143
1662	0.27555	0.27368	0.34155
1663	0.27556	0.27368	0.34164
1664	0.27557	0.27369	0.34174
1665	0.2756	0.27372	0.34187
1666	0.27563	0.27374	0.342
1667	0.27564	0.27375	0.34214
1668	0.27564	0.27372	0.34227
1669	0.27561	0.27369	0.3424
1670	0.27558	0.27365	0.34251
1671	0.27556	0.27361	0.34259
1672	0.27554	0.27356	0.34267
1673	0.27551	0.2735	0.34275
1674	0.27548	0.27343	0.34282
1675	0.27544	0.27337	0.34288
1676	0.27542	0.27333	0.34294
1677	0.27538	0.27328	0.34299
1678	0.27535	0.27324	0.34304
1679	0.27533	0.27321	0.3431
1680	0.2753	0.27315	0.34314
1681	0.27524	0.27305	0.34315
1682	0.27516	0.27295	0.34316
1683	0.27508	0.27285	0.34317
1684	0.27499	0.27275	0.34315
1685	0.27489	0.27264	0.34312
1686	0.27477	0.2725	0.34307
1687	0.27461	0.27232	0.34299
1688	0.27443	0.27211	0.34288
1689	0.27424	0.27192	0.34275
1690	0.27404	0.27172	0.34263
1691	0.27384	0.27151	0.3425
1692	0.27364	0.27131	0.34238
1693	0.27346	0.27113	0.34226
1694	0.27327	0.27094	0.34215
1695	0.27306	0.27074	0.34203
1696	0.27285	0.27054	0.3419
1697	0.27264	0.27036	0.34177
1698	0.27241	0.27015	0.34164
1699	0.27218	0.26992	0.34151
1700	0.27193	0.26968	0.34139
1701	0.27167	0.26942	0.34126
1702	0.27139	0.26916	0.34112
1703	0.27108	0.26889	0.34098
1704	0.27079	0.26863	0.34083
1705	0.2705	0.26836	0.34066
1706	0.27022	0.26811	0.34049
1707	0.26995	0.26785	0.34031
1708	0.26966	0.26759	0.34013
1709	0.26937	0.26732	0.33995
1710	0.26908	0.26705	0.33977
1711	0.26878	0.26679	0.33959
1712	0.26847	0.26651	0.33941
1713	0.26814	0.26622	0.33921
1714	0.26782	0.26592	0.33898
1715	0.26751	0.2656	0.33872
1716	0.26716	0.26525	0.33844
1717	0.26679	0.26487	0.33815
1718	0.26644	0.26452	0.33786
1719	0.2661	0.26419	0.33758
1720	0.26573	0.26382	0.33728
1721	0.26533	0.26342	0.33696
1722	0.26493	0.26301	0.3366
1723	0.26452	0.26261	0.33621
1724	0.26414	0.26225	0.33585
1725	0.26376	0.2619	0.33552
1726	0.26338	0.26155	0.33518
1727	0.26302	0.2612	0.33484
1728	0.26268	0.26088	0.33455
1729	0.26236	0.26057	0.33428
1730	0.26202	0.26025	0.334
1731	0.26168	0.25993	0.33373
1732	0.26135	0.25963	0.33349
1733	0.26103	0.25934	0.33325
1734	0.2607	0.25904	0.33302
1735	0.26038	0.25873	0.33279
1736	0.26008	0.25845	0.33256
1737	0.2598	0.25818	0.33232
1738	0.25952	0.25792	0.3321
1739	0.25925	0.25767	0.33187
1740	0.25899	0.25743	0.33163
1741	0.25874	0.25719	0.3314
1742	0.25847	0.25695	0.33117
1743	0.2582	0.2567	0.33094
1744	0.25793	0.25644	0.33072
1745	0.25762	0.25617	0.33046
1746	0.25729	0.25586	0.33017
1747	0.25695	0.25553	0.32986
1748	0.2566	0.25517	0.32952
1749	0.25623	0.25478	0.32915
1750	0.25584	0.25434	0.32874
1751	0.25541	0.25388	0.32832
1752	0.25497	0.25339	0.32789
1753	0.25451	0.2529	0.32748
1754	0.25404	0.2524	0.32706
1755	0.25352	0.25189	0.32664
1756	0.25297	0.25134	0.32619
1757	0.25244	0.25082	0.32574
1758	0.25194	0.25033	0.32531
1759	0.25144	0.24984	0.32488
1760	0.25095	0.24936	0.32446
1761	0.25049	0.24889	0.32406
1762	0.25005	0.24842	0.32367
1763	0.24961	0.24797	0.32331
1764	0.24919	0.24756	0.32298
1765	0.24883	0.24719	0.32267
1766	0.24849	0.24685	0.32237
1767	0.24812	0.24648	0.32205
1768	0.24773	0.24611	0.3217
1769	0.24738	0.24573	0.32136
1770	0.24706	0.24534	0.32101
1771	0.24677	0.245	0.32068
1772	0.24652	0.24469	0.32036
1773	0.24626	0.24441	0.32004
1774	0.24601	0.24413	0.31973
1775	0.24576	0.24389	0.31942
1776	0.24553	0.24367	0.31914
1777	0.24531	0.24347	0.31887
1778	0.24512	0.24329	0.31865
1779	0.24495	0.24314	0.31848
1780	0.24477	0.24298	0.3183
1781	0.24457	0.24279	0.3181
1782	0.24438	0.24259	0.31791
1783	0.24422	0.24239	0.31776
1784	0.24406	0.24218	0.31763
1785	0.24416	0.24219	0.31771
1786	0.24427	0.24217	0.3178
1787	0.24436	0.24212	0.31788
1788	0.2443	0.24195	0.31781
1789	0.2441	0.24169	0.31763
1790	0.24381	0.24141	0.31743
1791	0.24345	0.24114	0.31724
1792	0.24309	0.24088	0.31709
1793	0.24276	0.2406	0.31698
1794	0.24242	0.24031	0.31689
1795	0.24204	0.23998	0.31677
1796	0.24164	0.23965	0.31665
1797	0.24124	0.23931	0.31655
1798	0.24085	0.23897	0.31645
1799	0.24047	0.23868	0.31641
1800	0.24012	0.23843	0.31643
1801	0.23978	0.23819	0.31643
1802	0.23943	0.2379	0.3163
1803	0.23905	0.23757	0.3161
1804	0.23878	0.2373	0.31602
1805	0.2386	0.23708	0.31604
1806	0.23849	0.23695	0.31612
1807	0.23842	0.23689	0.31627
1808	0.2383	0.23678	0.31634
1809	0.23811	0.23659	0.31632
1810	0.23791	0.23641	0.31631
1811	0.23777	0.23631	0.31639
1812	0.23768	0.23624	0.31652
1813	0.23759	0.23617	0.31666
1814	0.23751	0.2361	0.31684
1815	0.23749	0.23612	0.3171
1816	0.23753	0.2362	0.31739
1817	0.23766	0.23634	0.31768
1818	0.23791	0.23653	0.31798
1819	0.23823	0.23676	0.3183
1820	0.23858	0.23703	0.31863
1821	0.23898	0.23734	0.31899
1822	0.23916	0.23739	0.31911
1823	0.23925	0.23738	0.31916
1824	0.23924	0.23733	0.31908
1825	0.23924	0.23733	0.31905
1826	0.23924	0.23736	0.31911
1827	0.23922	0.23736	0.3192
1828	0.23922	0.23736	0.31932
1829	0.23926	0.23739	0.31947
1830	0.23924	0.2374	0.31956
1831	0.23903	0.2373	0.31946
1832	0.23872	0.23713	0.31924
1833	0.23849	0.23702	0.31911
1834	0.23833	0.23693	0.31903
1835	0.23821	0.23687	0.31894
1836	0.23811	0.23678	0.31874
1837	0.238	0.23663	0.31847
1838	0.23787	0.23646	0.31821
1839	0.23773	0.23628	0.31802
1840	0.23757	0.23604	0.31784
1841	0.23734	0.23571	0.31755
1842	0.23702	0.23529	0.31717
1843	0.23657	0.23473	0.31665
1844	0.23592	0.23399	0.31597
1845	0.23516	0.23318	0.31525
1846	0.23443	0.23241	0.31456
1847	0.23375	0.23168	0.31387
1848	0.23298	0.23085	0.31307
1849	0.23206	0.22988	0.31215
1850	0.23106	0.22886	0.31116
1851	0.23008	0.22787	0.31015
1852	0.22905	0.22682	0.30901
1853	0.22793	0.22565	0.30772
1854	0.2267	0.22439	0.30633
1855	0.22536	0.22304	0.30486
1856	0.22392	0.22159	0.30331
1857	0.22241	0.22003	0.30164
1858	0.22082	0.21836	0.29985
1859	0.21911	0.21659	0.29789
1860	0.21729	0.21476	0.29575
1861	0.21534	0.21281	0.29345
1862	0.21319	0.21071	0.29102
1863	0.21087	0.20848	0.28841
1864	0.20842	0.20617	0.28562
1865	0.2058	0.20374	0.28257
1866	0.20291	0.20107	0.27922
1867	0.19982	0.1982	0.27564
1868	0.19671	0.19525	0.27195
1869	0.19366	0.19229	0.26816
1870	0.19048	0.1892	0.26408
1871	0.18704	0.18586	0.25969
1872	0.18337	0.18232	0.25507
1873	0.17953	0.17858	0.25022
1874	0.17555	0.17466	0.24512
1875	0.17148	0.17061	0.23977
1876	0.16732	0.16646	0.23423
1877	0.16307	0.16224	0.22853
1878	0.15874	0.15797	0.22265
1879	0.15437	0.15365	0.2166
1880	0.15	0.14933	0.2104
1881	0.14569	0.14505	0.20409
1882	0.14145	0.14085	0.19771
1883	0.13721	0.13669	0.19129
1884	0.13292	0.13249	0.18478
1885	0.12865	0.12831	0.17822
1886	0.12455	0.12428	0.17172
1887	0.12064	0.12044	0.16533
1888	0.11683	0.11667	0.159
1889	0.11306	0.11293	0.15271
1890	0.10939	0.10929	0.14651
1891	0.10591	0.10582	0.14046
1892	0.10263	0.10252	0.13459
1893	0.09955	0.099412	0.12893
1894	0.096671	0.0965	0.12348
1895	0.093917	0.093733	0.11812
1896	0.091267	0.091094	0.11284
1897	0.088737	0.088588	0.10778
1898	0.086368	0.086246	0.10304
1899	0.084189	0.084085	0.098568
1900	0.082195	0.082086	0.09433
1901	0.080363	0.080218	0.090349
1902	0.078616	0.078455	0.08659
1903	0.07698	0.076822	0.08304
1904	0.075525	0.075362	0.079734
1905	0.074226	0.074041	0.076676
1906	0.072988	0.072789	0.073828
1907	0.071782	0.071586	0.071161
1908	0.070713	0.07049	0.068687
1909	0.069781	0.069471	0.066398
1910	0.068963	0.068574	0.064343
1911	0.068297	0.067867	0.062589
1912	0.067757	0.067292	0.061069
1913	0.067245	0.066749	0.059641
1914	0.066768	0.066247	0.058316
1915	0.066314	0.065788	0.057074
1916	0.065882	0.065369	0.055909
1917	0.065521	0.065043	0.054933
1918	0.06525	0.06483	0.054182
1919	0.065041	0.064655	0.053542
1920	0.06481	0.064439	0.052888
1921	0.064579	0.064228	0.052292
1922	0.06437	0.064059	0.051831
1923	0.064151	0.063905	0.05146
1924	0.063914	0.063702	0.051093
1925	0.063684	0.06348	0.050749
1926	0.063514	0.063356	0.050536
1927	0.063397	0.063339	0.050455
1928	0.063266	0.063327	0.050402
1929	0.06312	0.063291	0.050337
1930	0.062984	0.063252	0.05027
1931	0.062885	0.063253	0.05025
1932	0.062866	0.063329	0.05038
1933	0.062882	0.063417	0.05061
1934	0.06291	0.063505	0.050891
1935	0.062998	0.063629	0.051222
1936	0.063137	0.063796	0.051605
1937	0.063233	0.06397	0.051999
1938	0.06326	0.06413	0.052377
1939	0.063354	0.064326	0.052837
1940	0.063574	0.064596	0.053429
1941	0.063848	0.064899	0.054082
1942	0.064134	0.065193	0.054743
1943	0.064429	0.065469	0.055428
1944	0.06469	0.065733	0.056149
1945	0.064942	0.066006	0.056924
1946	0.065317	0.066345	0.057853
1947	0.065787	0.066733	0.058894
1948	0.066186	0.067064	0.059832
1949	0.066479	0.067321	0.06062
1950	0.066795	0.067598	0.061427
1951	0.06716	0.067904	0.062294
1952	0.067555	0.068231	0.063196
1953	0.067933	0.06857	0.06406
1954	0.068242	0.068891	0.064849
1955	0.068493	0.069164	0.065604
1956	0.068718	0.069408	0.066357
1957	0.069007	0.069708	0.067174
1958	0.069355	0.070062	0.068056
1959	0.069656	0.070383	0.0689
1960	0.069909	0.070646	0.069689
1961	0.070182	0.070924	0.07052
1962	0.070506	0.071252	0.071429
1963	0.070846	0.071587	0.072345
1964	0.07118	0.071916	0.073218
1965	0.071555	0.072295	0.074124
1966	0.072017	0.072785	0.075177
1967	0.072523	0.073338	0.076316
1968	0.073035	0.073849	0.077369
1969	0.073546	0.07431	0.078336
1970	0.074009	0.074749	0.079338
1971	0.074437	0.075182	0.080404
1972	0.074858	0.075608	0.081482
1973	0.075286	0.076028	0.082544
1974	0.075749	0.076456	0.08365
1975	0.076268	0.076919	0.084873
1976	0.076853	0.077433	0.086189
1977	0.07751	0.078012	0.087515
1978	0.078186	0.078614	0.088833
1979	0.078746	0.079147	0.090145
1980	0.079226	0.079632	0.09147
1981	0.079868	0.080193	0.092893
1982	0.080665	0.080814	0.094398
1983	0.081327	0.081364	0.095813
1984	0.081816	0.081825	0.097121
1985	0.082258	0.082241	0.098421
1986	0.082713	0.082623	0.099736
1987	0.083181	0.083012	0.10102
1988	0.083703	0.083502	0.10229
1989	0.084259	0.08407	0.10355
1990	0.084736	0.084558	0.10475
1991	0.085173	0.084976	0.10594
1992	0.085662	0.08547	0.10718
1993	0.086204	0.086048	0.10847
1994	0.086678	0.086579	0.10972
1995	0.087044	0.086982	0.11087
1996	0.087501	0.087371	0.11206
1997	0.088148	0.087872	0.11337
1998	0.088816	0.088444	0.1147
1999	0.089359	0.089009	0.11592
2000	0.089904	0.089636	0.11715
2001	0.090668	0.090469	0.11856
2002	0.091579	0.091419	0.12009
2003	0.092345	0.09215	0.12141
2004	0.092983	0.092703	0.12256
2005	0.093546	0.09331	0.12372
2006	0.094042	0.093972	0.12492
2007	0.094672	0.094698	0.12621
2008	0.095461	0.095493	0.12759
2009	0.096228	0.096295	0.12894
2010	0.09692	0.097082	0.13027
2011	0.097658	0.097857	0.1316
2012	0.098505	0.098616	0.13294
2013	0.09941	0.099392	0.13428
2014	0.1003	0.10023	0.13571
2015	0.10113	0.10107	0.13721
2016	0.1019	0.10184	0.13862
2017	0.10265	0.10257	0.13996
2018	0.10331	0.10326	0.14131
2019	0.10384	0.10388	0.14269
2020	0.10442	0.10453	0.14402
2021	0.10507	0.10522	0.14522
2022	0.10574	0.10587	0.14636
2023	0.1064	0.10651	0.14759
2024	0.10712	0.10723	0.14889
2025	0.1078	0.10793	0.15008
2026	0.10831	0.10845	0.1511
2027	0.10873	0.10883	0.15215
2028	0.10917	0.1092	0.1533
2029	0.10959	0.10964	0.15436
2030	0.10995	0.11006	0.15526
2031	0.11027	0.11041	0.15613
2032	0.11062	0.11079	0.15704
2033	0.11099	0.11126	0.15801
2034	0.11135	0.11172	0.15892
2035	0.1117	0.11218	0.1598
2036	0.1121	0.11275	0.16077
2037	0.11254	0.11333	0.16176
2038	0.11287	0.11371	0.16255
2039	0.11305	0.11392	0.16318
2040	0.11335	0.11438	0.16402
2041	0.1138	0.1151	0.16505
2042	0.11429	0.11568	0.16603
2043	0.11482	0.11611	0.16698
2044	0.11539	0.11669	0.16797
2045	0.11599	0.11743	0.16898
2046	0.1167	0.11818	0.17003
2047	0.11753	0.11885	0.17116
2048	0.11839	0.1196	0.17243
2049	0.11925	0.12055	0.17381
2050	0.12008	0.12152	0.17514
2051	0.12077	0.12221	0.17623
2052	0.12136	0.12272	0.17718
2053	0.12211	0.12349	0.17829
2054	0.12302	0.12448	0.17956
2055	0.12383	0.12526	0.18065
2056	0.12457	0.12583	0.18153
2057	0.12522	0.12631	0.18235
2058	0.1258	0.12675	0.18326
2059	0.12638	0.12728	0.18432
2060	0.12698	0.12791	0.18541
2061	0.12749	0.1284	0.18626
2062	0.1278	0.12858	0.18687
2063	0.12811	0.12876	0.18757
2064	0.1286	0.12927	0.18845
2065	0.12914	0.12994	0.18927
2066	0.12953	0.13041	0.18996
2067	0.12986	0.1307	0.19066
2068	0.13028	0.13106	0.19149
2069	0.13075	0.13145	0.19236
2070	0.13111	0.13174	0.19318
2071	0.13138	0.132	0.194
2072	0.13179	0.13247	0.19494
2073	0.13238	0.13308	0.19593
2074	0.13294	0.13358	0.19691
2075	0.1334	0.13403	0.19795
2076	0.13391	0.13461	0.19899
2077	0.13455	0.13525	0.19992
2078	0.13515	0.13576	0.20083
2079	0.13564	0.13623	0.20187
2080	0.13609	0.13679	0.20293
2081	0.13662	0.13734	0.20386
2082	0.13721	0.13777	0.20479
2083	0.13771	0.13824	0.20582
2084	0.13815	0.13881	0.20686
2085	0.13857	0.13926	0.20764
2086	0.13899	0.1395	0.20821
2087	0.13945	0.1398	0.20887
2088	0.14	0.14036	0.20969
2089	0.14057	0.14092	0.2105
2090	0.141	0.14114	0.21113
2091	0.14128	0.1413	0.21176
2092	0.14163	0.14179	0.21258
2093	0.14216	0.14246	0.21357
2094	0.14273	0.14307	0.21453
2095	0.14319	0.14361	0.21537
2096	0.1435	0.14408	0.21605
2097	0.14378	0.14445	0.21658
2098	0.14413	0.14484	0.21719
2099	0.14463	0.14542	0.21801
2100	0.14529	0.14625	0.21897
2101	0.14592	0.14705	0.21984
2102	0.14634	0.14756	0.2206
2103	0.14668	0.14795	0.22139
2104	0.14709	0.14844	0.22233
2105	0.14754	0.14898	0.22335
2106	0.14807	0.14965	0.2245
2107	0.14878	0.15049	0.22579
2108	0.14955	0.15133	0.22701
2109	0.15017	0.15192	0.22805
2110	0.15071	0.15232	0.22904
2111	0.15137	0.15282	0.23014
2112	0.15213	0.15351	0.23127
2113	0.15275	0.15408	0.23222
2114	0.15312	0.15435	0.23301
2115	0.15337	0.15441	0.23374
2116	0.15367	0.15453	0.23437
2117	0.1541	0.15493	0.235
2118	0.15453	0.15548	0.23575
2119	0.15496	0.15596	0.23654
2120	0.15546	0.1563	0.23724
2121	0.1559	0.15658	0.23769
2122	0.15628	0.15697	0.23803
2123	0.15677	0.15741	0.2384
2124	0.15729	0.15765	0.23877
2125	0.15771	0.15786	0.23921
2126	0.15819	0.15838	0.23984
2127	0.1588	0.15916	0.24055
2128	0.15942	0.15972	0.24114
2129	0.1599	0.16002	0.24157
2130	0.16015	0.1602	0.24187
2131	0.16016	0.1603	0.24207
2132	0.16002	0.1603	0.24217
2133	0.15994	0.16027	0.24229
2134	0.16012	0.16032	0.24268
2135	0.16043	0.16049	0.24327
2136	0.16073	0.16077	0.24386
2137	0.16088	0.16095	0.24429
2138	0.161	0.16109	0.24469
2139	0.16125	0.16136	0.24527
2140	0.16149	0.16161	0.24601
2141	0.16171	0.16184	0.24678
2142	0.16215	0.16232	0.24774
2143	0.16265	0.16291	0.24885
2144	0.16283	0.16321	0.24977
2145	0.16289	0.16332	0.25052
2146	0.16311	0.16358	0.25136
2147	0.16329	0.16388	0.25216
2148	0.16333	0.16402	0.25269
2149	0.1634	0.16406	0.2531
2150	0.16355	0.16406	0.25361
2151	0.16363	0.16407	0.25415
2152	0.16365	0.16424	0.25456
2153	0.16371	0.16451	0.25491
2154	0.16381	0.16464	0.25523
2155	0.16402	0.16468	0.25548
2156	0.16428	0.16486	0.25556
2157	0.16451	0.16515	0.25546
2158	0.16476	0.16536	0.25541
2159	0.16513	0.16537	0.25548
2160	0.16556	0.16547	0.25567
2161	0.16598	0.16591	0.25599
2162	0.16632	0.16626	0.25622
2163	0.16637	0.16617	0.2562
2164	0.16618	0.16589	0.25608
2165	0.16597	0.16578	0.25605
2166	0.16574	0.16565	0.25602
2167	0.16548	0.16542	0.25591
2168	0.16527	0.16526	0.25581
2169	0.16523	0.16521	0.25594
2170	0.16526	0.16518	0.2562
2171	0.16526	0.1652	0.25631
2172	0.16548	0.16545	0.25637
2173	0.16591	0.16587	0.2566
2174	0.16617	0.16618	0.25695
2175	0.16611	0.16625	0.25727
2176	0.16604	0.16627	0.25759
2177	0.16624	0.16657	0.25807
2178	0.16661	0.16716	0.25883
2179	0.16678	0.16756	0.25957
2180	0.16668	0.16751	0.25998
2181	0.16674	0.16738	0.2603
2182	0.16701	0.16752	0.26066
2183	0.16715	0.16764	0.26085
2184	0.16718	0.16759	0.26096
2185	0.16734	0.16759	0.26119
2186	0.16758	0.16772	0.26146
2187	0.1677	0.16788	0.2616
2188	0.16776	0.16799	0.26164
2189	0.16787	0.168	0.26162
2190	0.16811	0.168	0.26159
2191	0.16854	0.16811	0.26162
2192	0.16894	0.16818	0.26161
2193	0.16913	0.16813	0.26152
2194	0.16923	0.16803	0.26142
2195	0.16943	0.16803	0.26143
2196	0.16969	0.16823	0.26161
2197	0.16978	0.16838	0.26178
2198	0.16963	0.16819	0.26172
2199	0.16951	0.168	0.26162
2200	0.16962	0.1681	0.26172
2201	0.16977	0.16823	0.26187
2202	0.16982	0.1682	0.26196
2203	0.16987	0.16821	0.26199
2204	0.16995	0.16831	0.26201
2205	0.16992	0.16825	0.26203
2206	0.16979	0.16812	0.26192
2207	0.16983	0.16821	0.26175
2208	0.17005	0.16854	0.26171
2209	0.17003	0.16878	0.26168
2210	0.16967	0.16883	0.26156
2211	0.16941	0.16886	0.26148
2212	0.16938	0.16893	0.2615
2213	0.16937	0.16902	0.26165
2214	0.16924	0.16911	0.2619
2215	0.16903	0.1691	0.26209
2216	0.16879	0.16896	0.26208
2217	0.16863	0.16891	0.262
2218	0.16851	0.16903	0.26198
2219	0.16834	0.16917	0.2621
2220	0.1682	0.16924	0.26228
2221	0.16826	0.16935	0.26252
2222	0.16838	0.1695	0.26273
2223	0.16838	0.16958	0.2628
2224	0.16827	0.16948	0.26283
2225	0.16811	0.16916	0.26288
2226	0.16796	0.16877	0.26301
2227	0.16788	0.16848	0.26321
2228	0.16786	0.16839	0.2634
2229	0.16786	0.16844	0.26367
2230	0.16783	0.16843	0.26394
2231	0.16792	0.16831	0.26412
2232	0.16812	0.16813	0.26408
2233	0.16814	0.16788	0.26384
2234	0.16798	0.16759	0.26362
2235	0.1679	0.16731	0.26346
2236	0.16785	0.16701	0.26323
2237	0.16769	0.16667	0.26291
2238	0.16751	0.16636	0.26264
2239	0.1673	0.16608	0.26234
2240	0.16698	0.16568	0.26197
2241	0.1666	0.16521	0.2616
2242	0.16633	0.1649	0.26126
2243	0.16625	0.16486	0.26093
2244	0.16609	0.16482	0.26056
2245	0.16558	0.16442	0.26009
2246	0.16497	0.1638	0.2597
2247	0.16455	0.16324	0.2594
2248	0.16421	0.1628	0.25908
2249	0.16379	0.16248	0.25873
2250	0.16328	0.16219	0.25838
2251	0.16286	0.16185	0.25803
2252	0.16259	0.16156	0.25777
2253	0.1623	0.16129	0.25758
2254	0.16182	0.16102	0.25733
2255	0.16125	0.16068	0.25693
2256	0.16085	0.16033	0.25652
2257	0.16066	0.16005	0.25632
2258	0.16038	0.15985	0.25615
2259	0.15983	0.15965	0.25588
2260	0.15908	0.15921	0.25562
2261	0.15843	0.15869	0.25552
2262	0.15809	0.15847	0.25555
2263	0.15782	0.15836	0.25541
2264	0.15732	0.15807	0.255
2265	0.15679	0.15768	0.25459
2266	0.15646	0.15734	0.25423
2267	0.15613	0.15691	0.25366
2268	0.1554	0.15622	0.25285
2269	0.15435	0.15537	0.25207
2270	0.15357	0.15462	0.25148
2271	0.15314	0.15401	0.25095
2272	0.15249	0.15338	0.25036
2273	0.15165	0.15268	0.24982
2274	0.15101	0.15197	0.24936
2275	0.15051	0.1512	0.24882
2276	0.14997	0.15044	0.24809
2277	0.14956	0.14984	0.24731
2278	0.14943	0.14952	0.24656
2279	0.14927	0.14933	0.24571
2280	0.14879	0.14888	0.2447
2281	0.14824	0.14823	0.24369
2282	0.14793	0.14772	0.24281
2283	0.14774	0.1474	0.24197
2284	0.14748	0.14718	0.24108
2285	0.1472	0.14707	0.24015
2286	0.14699	0.14702	0.23938
2287	0.14683	0.14698	0.23885
2288	0.14668	0.1469	0.23842
2289	0.14656	0.14677	0.23796
2290	0.14649	0.1466	0.23754
2291	0.1464	0.14644	0.23727
2292	0.14644	0.14652	0.23724
2293	0.14659	0.14671	0.23728
2294	0.14664	0.14675	0.23717
2295	0.14668	0.14677	0.23707
2296	0.14663	0.14669	0.23703
2297	0.14666	0.14671	0.23713
2298	0.1467	0.14682	0.23718
2299	0.14627	0.14664	0.23677
2300	0.14567	0.14633	0.23619
2301	0.14525	0.14592	0.23575
2302	0.14482	0.1454	0.23541
2303	0.14403	0.14483	0.23503
2304	0.14287	0.14419	0.23443
2305	0.14174	0.14362	0.23368
2306	0.14087	0.14313	0.23314
2307	0.14013	0.14262	0.23287
2308	0.13929	0.14205	0.23252
2309	0.13846	0.14151	0.23194
2310	0.13785	0.14087	0.2313
2311	0.13743	0.14012	0.23069
2312	0.13737	0.13965	0.2302
2313	0.13772	0.13959	0.22999
2314	0.13803	0.13942	0.22978
2315	0.1378	0.13872	0.22905
2316	0.13735	0.13781	0.22806
2317	0.13701	0.13717	0.22733
2318	0.13652	0.13658	0.22664
2319	0.13566	0.13581	0.22557
2320	0.13487	0.1351	0.22448
2321	0.13446	0.13471	0.22394
2322	0.1341	0.1344	0.22364
2323	0.13345	0.13385	0.22314
2324	0.13283	0.13308	0.22275
2325	0.1323	0.13227	0.22268
2326	0.13153	0.1315	0.22245
2327	0.13062	0.13093	0.22182
2328	0.13011	0.13049	0.2211
2329	0.13005	0.12996	0.22055
2330	0.13002	0.12959	0.22008
2331	0.12991	0.12976	0.21959
2332	0.12993	0.13005	0.21927
2333	0.13035	0.13012	0.21924
2334	0.13064	0.12995	0.21878
2335	0.13022	0.12959	0.2177
2336	0.12968	0.12917	0.21683
2337	0.12941	0.12856	0.21639
2338	0.1292	0.12807	0.21588
2339	0.12849	0.12804	0.21474
2340	0.12727	0.1282	0.2134
2341	0.12639	0.12801	0.21254
2342	0.12625	0.12763	0.21207
2343	0.12645	0.12751	0.21139
2344	0.12636	0.1273	0.21039
2345	0.12612	0.12688	0.2096
2346	0.12608	0.12646	0.209
2347	0.12634	0.12609	0.20836
2348	0.12681	0.12568	0.20781
2349	0.12697	0.12508	0.20744
2350	0.12654	0.12439	0.20709
2351	0.12585	0.12368	0.20638
2352	0.12526	0.12295	0.20542
2353	0.12469	0.12238	0.20463
2354	0.12413	0.12206	0.20415
2355	0.12361	0.1217	0.20396
2356	0.12347	0.12164	0.20417
2357	0.12362	0.12196	0.20443
2358	0.12331	0.12163	0.20421
2359	0.12259	0.12068	0.20382
2360	0.1219	0.12005	0.20326
2361	0.12114	0.11961	0.20202
2362	0.12043	0.11898	0.20029
2363	0.12014	0.11851	0.19887
2364	0.11993	0.11824	0.19808
2365	0.11964	0.11809	0.19757
2366	0.11966	0.11819	0.1969
2367	0.11998	0.11825	0.19636
2368	0.12016	0.11777	0.19619
2369	0.11984	0.1169	0.1956
2370	0.11901	0.11633	0.19448
2371	0.11795	0.11619	0.19371
2372	0.11728	0.11583	0.19335
2373	0.11714	0.11515	0.19277
2374	0.11677	0.11486	0.19162
2375	0.11577	0.11503	0.19043
2376	0.11496	0.11494	0.19017
2377	0.11484	0.11408	0.1902
2378	0.11457	0.11296	0.18919
2379	0.1139	0.11228	0.18761
2380	0.1133	0.11177	0.18656
2381	0.1127	0.111	0.18585
2382	0.11264	0.11052	0.18561
2383	0.11335	0.11051	0.18614
2384	0.11335	0.11018	0.18593
2385	0.11213	0.10958	0.18464
2386	0.11083	0.10944	0.18391
2387	0.10999	0.1093	0.18376
2388	0.10937	0.10859	0.18325
2389	0.10871	0.10809	0.18261
2390	0.10759	0.10785	0.18182
2391	0.10595	0.1071	0.18047
2392	0.10472	0.1064	0.17907
2393	0.1039	0.10582	0.17782
2394	0.10284	0.1051	0.17663
2395	0.10177	0.10504	0.17528
2396	0.10102	0.10559	0.1734
2397	0.10056	0.10587	0.17177
2398	0.099648	0.10532	0.17044
2399	0.098119	0.10438	0.16877
2400	0.096545	0.10365	0.16667
2401	0.095301	0.10315	0.16449
2402	0.094066	0.10238	0.16281
2403	0.092537	0.1011	0.16166
2404	0.091207	0.099962	0.16045
2405	0.090275	0.099314	0.15896
2406	0.090103	0.099394	0.15824
2407	0.09056	0.099778	0.15819
2408	0.090637	0.099352	0.15717
2409	0.090117	0.098614	0.15553
2410	0.089443	0.098615	0.1548
2411	0.08925	0.099144	0.15503
2412	0.089515	0.09973	0.15548
2413	0.089629	0.10006	0.15548
2414	0.089035	0.099628	0.15447
2415	0.08823	0.098901	0.15325
2416	0.087966	0.098196	0.15287
2417	0.088205	0.097598	0.15324
2418	0.088636	0.097553	0.15346
2419	0.087981	0.097036	0.15228
2420	0.085987	0.095063	0.14984
2421	0.084539	0.092886	0.14808
2422	0.08439	0.092186	0.14801
2423	0.084276	0.091821	0.14765
2424	0.083224	0.089763	0.1453
2425	0.081756	0.087324	0.14266
2426	0.08099	0.086031	0.14129
2427	0.081232	0.085462	0.14085
2428	0.081516	0.084729	0.14042
2429	0.081249	0.083732	0.13967
2430	0.080367	0.082978	0.13885
2431	0.079219	0.082334	0.13781
2432	0.07833	0.08102	0.13659
2433	0.077105	0.078805	0.13544
2434	0.075405	0.076926	0.13376
2435	0.074485	0.076354	0.13191
2436	0.07416	0.0762	0.13096
2437	0.073528	0.075299	0.131
2438	0.072998	0.073771	0.13136
2439	0.073337	0.072842	0.13132
2440	0.07468	0.073262	0.13081
2441	0.075684	0.073754	0.13034
2442	0.075566	0.073177	0.13022
2443	0.075121	0.072378	0.13005
2444	0.075294	0.072853	0.12985
2445	0.075893	0.074214	0.13003
2446	0.076423	0.075641	0.12998
2447	0.077328	0.077163	0.12934
2448	0.078713	0.078908	0.12851
2449	0.079147	0.079702	0.12682
2450	0.0779	0.078936	0.12396
2451	0.077203	0.078563	0.12194
2452	0.079319	0.079742	0.12188
2453	0.081472	0.080995	0.12113
2454	0.07958	0.079804	0.11717
2455	0.076554	0.077714	0.11297
2456	0.075268	0.077167	0.11092
2457	0.074052	0.077	0.10829
2458	0.071361	0.07571	0.10359
2459	0.068917	0.073741	0.098583
2460	0.067958	0.072141	0.094735
2461	0.067061	0.070587	0.092059
2462	0.065709	0.067995	0.089456
2463	0.064815	0.065935	0.08708
2464	0.064476	0.065336	0.086166
2465	0.063114	0.06352	0.084501
2466	0.05982	0.059347	0.081074
2467	0.058939	0.057638	0.079336
2468	0.06184	0.059661	0.081265
2469	0.06387	0.060453	0.083758
2470	0.064381	0.05928	0.085435
2471	0.063933	0.057164	0.086709
2472	0.062371	0.054005	0.088071
2473	0.061169	0.051747	0.089141
2474	0.060681	0.051244	0.089199
2475	0.060023	0.051675	0.090841
2476	0.05909	0.052526	0.094837
2477	0.059434	0.054427	0.10044
2478	0.06105	0.057188	0.10649
2479	0.060986	0.058038	0.10792
2480	0.059905	0.058029	0.10632
