*Name: Maple bot
Type: Leaf Spectrum

Origin: Remote Sensing Laboratories, University of Zurich

Description: abaxial reflectance, adaxial reflectance, and adaxial transmittance

Measurement: Hemispherical Conical Reflectance Factor HCRF measured by ASD Integrating Sphere

Wavelength [nm]	abaxial Reflectance [0 1]	adaxial Reflectance [0 1]	adaxial Transmittance [0 1]
370	0.020445	0.019516	0.0043924
371	0.027341	0.026351	0.0049955
372	0.033297	0.032525	0.0046435
373	0.039237	0.038541	0.0050087
374	0.044521	0.043821	0.005888
375	0.04841	0.047738	0.0068525
376	0.049943	0.049604	0.0069209
377	0.049486	0.049549	0.007319
378	0.046552	0.046965	0.0076617
379	0.046765	0.046726	0.0075926
380	0.046934	0.046931	0.0077296
381	0.046836	0.046751	0.0072892
382	0.046751	0.046476	0.0069663
383	0.047227	0.046994	0.0077394
384	0.047056	0.046971	0.0067436
385	0.046326	0.046439	0.0047372
386	0.04532	0.04555	0.0021458
387	0.045892	0.045985	0.0020494
388	0.046587	0.046613	0.0024745
389	0.04648	0.046578	0.0017179
390	0.046856	0.047068	0.0019879
391	0.047764	0.04791	0.0033178
392	0.048302	0.048304	0.0040243
393	0.048964	0.048782	0.0049455
394	0.049653	0.049368	0.0060035
395	0.04998	0.049605	0.0065448
396	0.050113	0.049793	0.0070379
397	0.050351	0.050262	0.0075961
398	0.050678	0.05068	0.0081587
399	0.051187	0.051178	0.0088461
400	0.05127	0.051268	0.0085137
401	0.051596	0.051731	0.0087723
402	0.051431	0.051715	0.0081043
403	0.05105	0.051392	0.0069641
404	0.051444	0.05174	0.0073174
405	0.051345	0.051671	0.0069235
406	0.051014	0.051402	0.0061048
407	0.051374	0.051722	0.0064727
408	0.051365	0.051585	0.00606
409	0.051166	0.051279	0.0054192
410	0.051197	0.051285	0.0053764
411	0.05148	0.051465	0.0056465
412	0.052072	0.051911	0.0064851
413	0.052729	0.052437	0.0074369
414	0.052947	0.052586	0.0076097
415	0.053232	0.052828	0.0079319
416	0.053633	0.053185	0.0084493
417	0.054008	0.053483	0.0089131
418	0.054329	0.053766	0.0093352
419	0.054635	0.054065	0.0097029
420	0.05489	0.054279	0.00996
421	0.055262	0.054575	0.010483
422	0.055427	0.054695	0.010666
423	0.05557	0.054842	0.01087
424	0.055755	0.055055	0.011204
425	0.055848	0.055142	0.01139
426	0.055908	0.055191	0.011505
427	0.05606	0.055337	0.011806
428	0.056268	0.05553	0.012235
429	0.056462	0.055687	0.012583
430	0.05655	0.055724	0.012704
431	0.056548	0.055656	0.012663
432	0.056685	0.055748	0.012898
433	0.056842	0.055859	0.013201
434	0.056967	0.055914	0.013436
435	0.057078	0.055982	0.013623
436	0.057233	0.056125	0.013907
437	0.057425	0.056304	0.014266
438	0.057547	0.056419	0.014498
439	0.057671	0.056553	0.014735
440	0.057795	0.056682	0.014978
441	0.057923	0.056793	0.0153
442	0.057997	0.056842	0.01556
443	0.058032	0.056871	0.015796
444	0.057987	0.056822	0.015902
445	0.057955	0.056788	0.016035
446	0.057935	0.05677	0.016202
447	0.057987	0.056808	0.016474
448	0.058092	0.056898	0.016845
449	0.058166	0.056964	0.017203
450	0.058217	0.057016	0.017541
451	0.058308	0.05709	0.017976
452	0.058488	0.057263	0.018589
453	0.058717	0.057492	0.019276
454	0.058864	0.057646	0.01987
455	0.05893	0.057723	0.020363
456	0.058979	0.057782	0.020786
457	0.059084	0.057902	0.021281
458	0.059122	0.057934	0.021583
459	0.059115	0.057917	0.021755
460	0.059149	0.057911	0.021928
461	0.059172	0.057897	0.022059
462	0.059116	0.057824	0.022079
463	0.059083	0.05776	0.022134
464	0.059011	0.05768	0.02214
465	0.058964	0.057628	0.022214
466	0.058966	0.057634	0.022346
467	0.059028	0.057719	0.02255
468	0.059044	0.057754	0.022708
469	0.059044	0.057742	0.022803
470	0.059043	0.057718	0.022846
471	0.059096	0.057754	0.023001
472	0.059107	0.05775	0.023074
473	0.059108	0.05772	0.02312
474	0.059084	0.057672	0.023115
475	0.059036	0.057638	0.023116
476	0.059077	0.057691	0.023307
477	0.05914	0.057744	0.023516
478	0.059109	0.057729	0.023593
479	0.059072	0.057715	0.023672
480	0.059086	0.057756	0.023811
481	0.059119	0.057812	0.023986
482	0.059102	0.057792	0.024095
483	0.059041	0.057722	0.024155
484	0.059027	0.057702	0.024251
485	0.059075	0.05774	0.024449
486	0.059103	0.057759	0.024635
487	0.059153	0.057792	0.024856
488	0.059181	0.057806	0.025027
489	0.059256	0.057853	0.025286
490	0.059466	0.058037	0.025796
491	0.059628	0.058169	0.026226
492	0.059739	0.058259	0.026636
493	0.05987	0.058387	0.027123
494	0.060059	0.058574	0.027747
495	0.060276	0.058789	0.028497
496	0.060516	0.059046	0.02937
497	0.060759	0.059308	0.030296
498	0.061061	0.059615	0.031329
499	0.061391	0.059944	0.03247
500	0.061742	0.060284	0.033727
501	0.062157	0.060684	0.035158
502	0.062586	0.061094	0.036684
503	0.063102	0.061574	0.038408
504	0.063724	0.062174	0.040408
505	0.064313	0.062744	0.042465
506	0.064897	0.063318	0.044622
507	0.065568	0.06398	0.04703
508	0.066328	0.064721	0.049717
509	0.067165	0.065555	0.05267
510	0.06801	0.066417	0.055799
511	0.068892	0.067302	0.059106
512	0.069884	0.06828	0.06271
513	0.070998	0.069377	0.066657
514	0.072191	0.070546	0.070852
515	0.073449	0.071785	0.075264
516	0.074818	0.073127	0.079954
517	0.076342	0.074611	0.084959
518	0.077938	0.076174	0.090153
519	0.079543	0.077745	0.0954
520	0.081224	0.079389	0.10079
521	0.083004	0.081124	0.10633
522	0.084833	0.082916	0.11192
523	0.086683	0.084729	0.11749
524	0.088512	0.086516	0.12296
525	0.090365	0.088316	0.12836
526	0.092219	0.090112	0.13363
527	0.094029	0.091882	0.13871
528	0.095761	0.093576	0.14352
529	0.097433	0.095208	0.14806
530	0.09905	0.096781	0.15239
531	0.10058	0.098269	0.15643
532	0.10199	0.099621	0.1601
533	0.10325	0.10083	0.16341
534	0.10444	0.10198	0.16647
535	0.1055	0.10301	0.16919
536	0.10641	0.10389	0.17157
537	0.10721	0.10465	0.17365
538	0.10789	0.10531	0.17546
539	0.10846	0.10586	0.177
540	0.10891	0.1063	0.17829
541	0.10927	0.10667	0.17938
542	0.10959	0.10702	0.18035
543	0.10989	0.10732	0.18123
544	0.11016	0.10761	0.18206
545	0.11046	0.1079	0.18288
546	0.11074	0.10819	0.18367
547	0.11102	0.10847	0.18445
548	0.11129	0.10876	0.18523
549	0.11156	0.10905	0.18601
550	0.11183	0.10932	0.18678
551	0.11207	0.10958	0.1875
552	0.11226	0.10979	0.18811
553	0.11238	0.10993	0.18858
554	0.11242	0.10998	0.18887
555	0.1124	0.10997	0.18899
556	0.11227	0.10987	0.18889
557	0.11203	0.10964	0.18853
558	0.11171	0.10932	0.18795
559	0.11128	0.1089	0.18711
560	0.11071	0.10834	0.18599
561	0.11005	0.10769	0.18463
562	0.10931	0.10697	0.18305
563	0.1085	0.10618	0.1813
564	0.10761	0.10532	0.17935
565	0.10663	0.10437	0.17717
566	0.10557	0.10334	0.17479
567	0.10444	0.10225	0.17222
568	0.10326	0.10108	0.16948
569	0.10203	0.099878	0.1666
570	0.10076	0.098618	0.16356
571	0.099458	0.09733	0.16042
572	0.098158	0.096028	0.15722
573	0.096851	0.094716	0.15397
574	0.095573	0.093424	0.15074
575	0.094347	0.092185	0.1476
576	0.093187	0.09102	0.14459
577	0.092098	0.089929	0.14172
578	0.091058	0.088891	0.13896
579	0.090045	0.087893	0.1363
580	0.089095	0.086962	0.1338
581	0.088244	0.086123	0.13148
582	0.087433	0.08532	0.1293
583	0.086664	0.084564	0.12723
584	0.085941	0.083854	0.12527
585	0.085262	0.083183	0.12341
586	0.084633	0.082557	0.12168
587	0.084062	0.081983	0.12009
588	0.083487	0.081404	0.11854
589	0.082959	0.080873	0.11712
590	0.082499	0.080409	0.11584
591	0.082088	0.08	0.1147
592	0.081708	0.079618	0.11364
593	0.081359	0.079273	0.11269
594	0.081071	0.078991	0.11187
595	0.080854	0.078768	0.11119
596	0.080635	0.078541	0.11056
597	0.080426	0.078322	0.10997
598	0.080211	0.07811	0.10939
599	0.080005	0.07791	0.10882
600	0.079812	0.077721	0.1083
601	0.079592	0.077499	0.10771
602	0.079317	0.077224	0.10703
603	0.079062	0.07697	0.10636
604	0.078819	0.076721	0.10567
605	0.078559	0.076462	0.10494
606	0.078272	0.076174	0.10411
607	0.077949	0.075846	0.10317
608	0.077601	0.0755	0.10215
609	0.077242	0.075142	0.10109
610	0.076868	0.074768	0.09995
611	0.076447	0.074351	0.098696
612	0.075998	0.073915	0.09736
613	0.075561	0.073487	0.096016
614	0.075119	0.073052	0.094639
615	0.074663	0.072598	0.093218
616	0.074217	0.072158	0.091813
617	0.073798	0.071748	0.090462
618	0.073391	0.071347	0.089145
619	0.072998	0.070962	0.087877
620	0.072635	0.0706	0.08669
621	0.07227	0.070237	0.085548
622	0.071933	0.069907	0.084511
623	0.071647	0.069626	0.083602
624	0.071411	0.069387	0.082819
625	0.0712	0.069167	0.082126
626	0.071029	0.06899	0.081551
627	0.070876	0.06884	0.081067
628	0.070728	0.0687	0.080643
629	0.070602	0.068577	0.080298
630	0.07052	0.068492	0.080052
631	0.070468	0.068443	0.079872
632	0.070406	0.068382	0.079669
633	0.070314	0.068283	0.079403
634	0.070201	0.068162	0.079069
635	0.070021	0.067982	0.07857
636	0.06979	0.067749	0.077901
637	0.06952	0.067471	0.077071
638	0.069204	0.067146	0.076056
639	0.068835	0.066776	0.074836
640	0.068392	0.06634	0.073393
641	0.067893	0.065851	0.071763
642	0.067367	0.06533	0.069999
643	0.066832	0.064801	0.068145
644	0.066309	0.064277	0.066248
645	0.065783	0.063753	0.064312
646	0.065241	0.063212	0.062341
647	0.064708	0.062682	0.0604
648	0.064214	0.062195	0.058557
649	0.063751	0.061734	0.056817
650	0.063345	0.061325	0.055237
651	0.062997	0.060971	0.053836
652	0.062695	0.060668	0.052588
653	0.062447	0.060423	0.051507
654	0.062221	0.060204	0.050541
655	0.062033	0.060022	0.049681
656	0.061889	0.059876	0.048914
657	0.061747	0.059729	0.048151
658	0.061594	0.059569	0.047345
659	0.061429	0.059401	0.046473
660	0.061243	0.059211	0.045496
661	0.061039	0.059003	0.044409
662	0.060801	0.058757	0.043195
663	0.060554	0.058496	0.041893
664	0.060318	0.058241	0.040545
665	0.060078	0.057981	0.039151
666	0.059832	0.057711	0.037724
667	0.059619	0.057472	0.03634
668	0.059438	0.057263	0.035013
669	0.059307	0.057099	0.033787
670	0.059254	0.056996	0.032698
671	0.059252	0.056935	0.031713
672	0.059306	0.05693	0.030853
673	0.05942	0.056981	0.030125
674	0.059586	0.057073	0.029494
675	0.059802	0.057208	0.028952
676	0.060088	0.057413	0.028527
677	0.060432	0.057676	0.028201
678	0.060818	0.057974	0.027948
679	0.061259	0.058317	0.027785
680	0.061743	0.058694	0.02771
681	0.062295	0.059134	0.027791
682	0.062914	0.059641	0.028046
683	0.063619	0.060234	0.02856
684	0.064413	0.060911	0.029398
685	0.065272	0.061659	0.030606
686	0.066186	0.062476	0.03224
687	0.067176	0.063382	0.034422
688	0.068269	0.064404	0.037269
689	0.069478	0.065562	0.040858
690	0.070847	0.066901	0.045341
691	0.072406	0.068442	0.050809
692	0.074209	0.070238	0.057357
693	0.076326	0.072347	0.065066
694	0.078809	0.074821	0.073969
695	0.081718	0.077718	0.084065
696	0.085082	0.081066	0.09529
697	0.088958	0.084919	0.1076
698	0.093345	0.089277	0.12084
699	0.098247	0.094147	0.1349
700	0.10364	0.099501	0.14955
701	0.10947	0.1053	0.16463
702	0.11569	0.11148	0.17993
703	0.12222	0.11799	0.19527
704	0.12901	0.12476	0.21054
705	0.13597	0.1317	0.22557
706	0.14301	0.13874	0.24025
707	0.15011	0.14583	0.25453
708	0.15721	0.15295	0.26838
709	0.16428	0.16003	0.28175
710	0.17129	0.16706	0.29466
711	0.17827	0.17406	0.30717
712	0.1852	0.181	0.31927
713	0.1921	0.18791	0.33105
714	0.19896	0.19479	0.34249
715	0.2058	0.20164	0.35365
716	0.21261	0.20847	0.36455
717	0.21941	0.21527	0.37521
718	0.22618	0.22205	0.38563
719	0.23292	0.22879	0.39582
720	0.2396	0.23549	0.4058
721	0.24625	0.24214	0.41554
722	0.25283	0.24873	0.42507
723	0.25934	0.25525	0.43436
724	0.26576	0.26169	0.44342
725	0.27209	0.26803	0.45221
726	0.27829	0.27424	0.46072
727	0.28438	0.28034	0.46896
728	0.29033	0.2863	0.47691
729	0.29612	0.29208	0.48456
730	0.30172	0.29769	0.49189
731	0.30715	0.30312	0.4989
732	0.31239	0.30837	0.50564
733	0.31743	0.31342	0.51206
734	0.32227	0.31826	0.51816
735	0.32688	0.32288	0.52394
736	0.33128	0.32729	0.52941
737	0.33547	0.33148	0.53457
738	0.33944	0.33545	0.53941
739	0.34317	0.33919	0.54394
740	0.34668	0.34271	0.54818
741	0.34996	0.34601	0.55213
742	0.35302	0.34909	0.5558
743	0.35584	0.35194	0.55919
744	0.35843	0.35456	0.5623
745	0.3608	0.35698	0.56516
746	0.36297	0.35921	0.56781
747	0.36494	0.36125	0.57022
748	0.36671	0.3631	0.57239
749	0.36831	0.36477	0.57437
750	0.36973	0.36628	0.57614
751	0.37099	0.36762	0.5777
752	0.37209	0.36881	0.57908
753	0.37304	0.36985	0.5803
754	0.37386	0.37077	0.58137
755	0.37458	0.37158	0.5823
756	0.37519	0.37229	0.58311
757	0.37571	0.37291	0.58381
758	0.37616	0.37345	0.58442
759	0.37653	0.37393	0.58496
760	0.37686	0.37434	0.58544
761	0.37713	0.3747	0.58586
762	0.37734	0.375	0.5862
763	0.37751	0.37524	0.58648
764	0.37763	0.37544	0.5867
765	0.3777	0.37558	0.58687
766	0.37774	0.37568	0.587
767	0.37773	0.37574	0.58706
768	0.37769	0.37577	0.58709
769	0.37763	0.37578	0.58709
770	0.37756	0.37578	0.58707
771	0.37746	0.37575	0.58702
772	0.37736	0.37572	0.58699
773	0.37726	0.37568	0.58695
774	0.37716	0.37564	0.5869
775	0.37706	0.37559	0.58684
776	0.37695	0.37553	0.58676
777	0.37686	0.37548	0.5867
778	0.37678	0.37544	0.58665
779	0.3767	0.37539	0.58659
780	0.37662	0.37535	0.58653
781	0.37654	0.37531	0.58648
782	0.37648	0.37528	0.58644
783	0.37643	0.37527	0.58641
784	0.37639	0.37525	0.58637
785	0.37633	0.37521	0.58633
786	0.37629	0.3752	0.58632
787	0.37627	0.3752	0.58631
788	0.37624	0.3752	0.5863
789	0.37622	0.3752	0.58628
790	0.37622	0.37521	0.58628
791	0.37623	0.37524	0.58631
792	0.37622	0.37524	0.58632
793	0.37621	0.37525	0.58633
794	0.37623	0.37528	0.58636
795	0.37626	0.37532	0.58642
796	0.37629	0.37536	0.58647
797	0.37633	0.3754	0.58651
798	0.37637	0.37545	0.58655
799	0.3764	0.37548	0.58659
800	0.37643	0.37551	0.58664
801	0.37648	0.37556	0.58669
802	0.37654	0.37563	0.58674
803	0.3766	0.37569	0.58679
804	0.37666	0.37575	0.58684
805	0.37671	0.37581	0.5869
806	0.37675	0.37585	0.58694
807	0.37679	0.37589	0.58698
808	0.37685	0.37594	0.58703
809	0.37689	0.37599	0.58708
810	0.37693	0.37604	0.58711
811	0.37697	0.37609	0.58714
812	0.37702	0.37614	0.58719
813	0.37706	0.37618	0.58723
814	0.37712	0.37623	0.58726
815	0.37717	0.37629	0.58729
816	0.37722	0.37636	0.58731
817	0.37729	0.37645	0.58735
818	0.37736	0.37654	0.58738
819	0.37744	0.37663	0.58743
820	0.37751	0.37671	0.58747
821	0.37758	0.37678	0.58748
822	0.37763	0.37685	0.58749
823	0.37769	0.37693	0.58752
824	0.37775	0.377	0.58754
825	0.37781	0.37706	0.58756
826	0.37787	0.37713	0.5876
827	0.37792	0.37719	0.58762
828	0.37796	0.37723	0.58761
829	0.378	0.37727	0.58761
830	0.37805	0.37734	0.58762
831	0.37812	0.37741	0.58764
832	0.37819	0.37749	0.58766
833	0.37824	0.37755	0.58768
834	0.37829	0.37761	0.58768
835	0.37834	0.37768	0.58768
836	0.37838	0.37774	0.58769
837	0.37844	0.37781	0.58771
838	0.37848	0.37786	0.58771
839	0.37851	0.3779	0.58767
840	0.37854	0.37795	0.58764
841	0.37857	0.37798	0.5876
842	0.3786	0.37801	0.58757
843	0.37862	0.37804	0.58751
844	0.37866	0.37808	0.58748
845	0.3787	0.37814	0.58746
846	0.37874	0.37819	0.58746
847	0.37879	0.37824	0.58746
848	0.37883	0.37831	0.58746
849	0.37887	0.37836	0.58747
850	0.37889	0.3784	0.58746
851	0.3789	0.37843	0.58743
852	0.37891	0.37846	0.58739
853	0.37894	0.3785	0.58736
854	0.37897	0.37855	0.58733
855	0.37897	0.37856	0.58728
856	0.37895	0.37855	0.58719
857	0.37895	0.37856	0.5871
858	0.37897	0.37858	0.58706
859	0.379	0.37862	0.58703
860	0.37905	0.37866	0.58704
861	0.37909	0.3787	0.58703
862	0.3791	0.37872	0.587
863	0.37909	0.37871	0.58695
864	0.37907	0.3787	0.58689
865	0.37907	0.37871	0.58685
866	0.37908	0.37874	0.58682
867	0.37908	0.37875	0.58675
868	0.37904	0.37873	0.58665
869	0.37898	0.3787	0.58654
870	0.37896	0.37868	0.58641
871	0.37898	0.37872	0.58637
872	0.379	0.37874	0.58632
873	0.37901	0.37875	0.58626
874	0.37902	0.37878	0.58622
875	0.37904	0.37881	0.5862
876	0.37905	0.37883	0.58617
877	0.37905	0.37882	0.5861
878	0.37908	0.37886	0.58607
879	0.37909	0.3789	0.58603
880	0.37908	0.37889	0.58594
881	0.37903	0.37884	0.58578
882	0.379	0.37883	0.58565
883	0.37899	0.37883	0.58554
884	0.37901	0.37885	0.58546
885	0.37903	0.37886	0.58539
886	0.37902	0.37884	0.58527
887	0.379	0.37882	0.58516
888	0.379	0.37883	0.58509
889	0.37904	0.37886	0.58506
890	0.37906	0.37887	0.58501
891	0.37906	0.37887	0.58494
892	0.37907	0.37889	0.58488
893	0.37907	0.37889	0.58481
894	0.37907	0.37889	0.58473
895	0.37909	0.37892	0.58467
896	0.37913	0.37898	0.58461
897	0.37914	0.379	0.58452
898	0.37912	0.37899	0.5844
899	0.37909	0.37896	0.58427
900	0.37908	0.37896	0.58416
901	0.37908	0.37896	0.58407
902	0.37908	0.37896	0.58398
903	0.37909	0.37896	0.5839
904	0.37909	0.37896	0.58381
905	0.37907	0.37894	0.58369
906	0.37905	0.37893	0.58357
907	0.37907	0.37895	0.58351
908	0.3791	0.37897	0.58346
909	0.37911	0.37899	0.5834
910	0.37911	0.37901	0.58335
911	0.37911	0.37901	0.5833
912	0.3791	0.379	0.58325
913	0.37909	0.37898	0.58317
914	0.37907	0.37896	0.58306
915	0.37905	0.37895	0.58294
916	0.37905	0.37895	0.58282
917	0.37907	0.37896	0.58271
918	0.37908	0.37897	0.58259
919	0.37912	0.379	0.58249
920	0.37918	0.37907	0.58244
921	0.37918	0.37908	0.58233
922	0.37915	0.37907	0.5822
923	0.3791	0.37903	0.58207
924	0.37905	0.379	0.58195
925	0.37897	0.37894	0.58182
926	0.37887	0.37885	0.58165
927	0.37876	0.37874	0.58145
928	0.37867	0.37866	0.58131
929	0.37863	0.37861	0.58122
930	0.37862	0.37861	0.58117
931	0.37864	0.37865	0.58113
932	0.37872	0.37873	0.58116
933	0.37882	0.37882	0.58118
934	0.37888	0.37888	0.58112
935	0.37885	0.37883	0.58092
936	0.37879	0.37878	0.58075
937	0.3787	0.37869	0.58056
938	0.37857	0.37856	0.58032
939	0.37841	0.37841	0.58007
940	0.37824	0.37823	0.57981
941	0.37806	0.37804	0.57957
942	0.3779	0.37786	0.57938
943	0.37775	0.37774	0.5792
944	0.37764	0.37765	0.57903
945	0.37758	0.37759	0.57886
946	0.37755	0.37755	0.57874
947	0.37743	0.37745	0.57849
948	0.37729	0.37729	0.5782
949	0.37715	0.37711	0.57791
950	0.37696	0.37691	0.57767
951	0.37678	0.3767	0.57743
952	0.37659	0.37649	0.57715
953	0.37637	0.37627	0.57685
954	0.37615	0.37604	0.57657
955	0.37595	0.37584	0.5763
956	0.37577	0.37567	0.57604
957	0.37561	0.37553	0.57576
958	0.3755	0.37543	0.57545
959	0.37538	0.37532	0.57515
960	0.37524	0.37519	0.57485
961	0.37508	0.37502	0.57452
962	0.37492	0.37483	0.57421
963	0.37478	0.37465	0.57398
964	0.37462	0.37446	0.57378
965	0.37439	0.37422	0.57351
966	0.37427	0.3741	0.57331
967	0.37425	0.37407	0.57323
968	0.37428	0.37408	0.57325
969	0.3743	0.37411	0.57322
970	0.37435	0.37417	0.57319
971	0.37442	0.37426	0.5732
972	0.3745	0.37439	0.57325
973	0.37455	0.37449	0.57326
974	0.37451	0.3745	0.57316
975	0.37444	0.37443	0.57304
976	0.37438	0.37434	0.573
977	0.37431	0.37429	0.57296
978	0.37418	0.37418	0.57281
979	0.37401	0.37402	0.57257
980	0.37399	0.37397	0.57251
981	0.37404	0.37399	0.57255
982	0.37406	0.374	0.57258
983	0.37404	0.37399	0.57251
984	0.37412	0.37405	0.57247
985	0.37416	0.37411	0.57251
986	0.37422	0.37421	0.57259
987	0.37432	0.37432	0.57264
988	0.3744	0.37442	0.57271
989	0.37459	0.37463	0.57293
990	0.37483	0.37489	0.57322
991	0.37498	0.37511	0.57339
992	0.37511	0.37527	0.57341
993	0.37533	0.37549	0.57357
994	0.3756	0.37576	0.57382
995	0.3759	0.37608	0.57408
996	0.37649	0.37669	0.57475
997	0.37675	0.37695	0.57499
998	0.37675	0.37692	0.57484
999	0.37647	0.37662	0.57447
1000	0.37608	0.37617	0.57393
1001	0.37566	0.37566	0.57328
1002	0.37525	0.37519	0.57256
1003	0.3749	0.37476	0.5718
1004	0.37448	0.37426	0.57094
1005	0.374	0.37372	0.57002
1006	0.37359	0.37331	0.56915
1007	0.37337	0.37311	0.56857
1008	0.37331	0.37307	0.56826
1009	0.37341	0.3732	0.56833
1010	0.37374	0.37356	0.5688
1011	0.3737	0.37355	0.56884
1012	0.37366	0.37358	0.5689
1013	0.37359	0.3736	0.56904
1014	0.37358	0.37363	0.56928
1015	0.37364	0.37366	0.56963
1016	0.37376	0.37374	0.57003
1017	0.37393	0.37386	0.57039
1018	0.37406	0.37394	0.57062
1019	0.3741	0.37397	0.57076
1020	0.37412	0.374	0.57085
1021	0.37412	0.37399	0.57083
1022	0.37408	0.37392	0.57075
1023	0.374	0.37384	0.57065
1024	0.37392	0.37379	0.57053
1025	0.37388	0.37382	0.5704
1026	0.37387	0.3739	0.57033
1027	0.37391	0.37401	0.57037
1028	0.37405	0.37419	0.57056
1029	0.37427	0.37442	0.57087
1030	0.37457	0.37469	0.57118
1031	0.3749	0.37497	0.57141
1032	0.37516	0.37523	0.57159
1033	0.37537	0.37544	0.57172
1034	0.3755	0.37558	0.57175
1035	0.37549	0.37565	0.57164
1036	0.37541	0.37566	0.57147
1037	0.37525	0.37559	0.57133
1038	0.37503	0.37542	0.5712
1039	0.37482	0.37518	0.57114
1040	0.3747	0.37498	0.57115
1041	0.37472	0.37492	0.57121
1042	0.37486	0.37501	0.57131
1043	0.37506	0.37515	0.57142
1044	0.37526	0.37529	0.57149
1045	0.37541	0.37545	0.57144
1046	0.37554	0.37566	0.57129
1047	0.37569	0.37589	0.57107
1048	0.37578	0.37611	0.5709
1049	0.37582	0.3763	0.57074
1050	0.37585	0.37644	0.57059
1051	0.37586	0.37648	0.57056
1052	0.37585	0.37643	0.5707
1053	0.37591	0.37636	0.57098
1054	0.37606	0.37638	0.57129
1055	0.37624	0.37648	0.57159
1056	0.37637	0.37656	0.57183
1057	0.37643	0.37661	0.57202
1058	0.37643	0.37665	0.57218
1059	0.37639	0.3767	0.57224
1060	0.37635	0.37675	0.57217
1061	0.3763	0.3768	0.57206
1062	0.37627	0.37685	0.57193
1063	0.37625	0.37688	0.57175
1064	0.37623	0.37688	0.57149
1065	0.37623	0.37686	0.57126
1066	0.37622	0.37681	0.5711
1067	0.37621	0.37676	0.571
1068	0.3762	0.37673	0.57095
1069	0.37617	0.3767	0.5709
1070	0.37612	0.37664	0.57086
1071	0.37609	0.37656	0.57094
1072	0.37607	0.37647	0.57115
1073	0.37605	0.37642	0.57141
1074	0.37604	0.37638	0.57161
1075	0.37607	0.37637	0.57178
1076	0.37617	0.3764	0.57192
1077	0.37626	0.37642	0.57192
1078	0.37633	0.37642	0.57176
1079	0.37637	0.3764	0.57151
1080	0.37636	0.37634	0.57122
1081	0.37633	0.37625	0.57099
1082	0.37629	0.37618	0.57076
1083	0.37625	0.37612	0.57055
1084	0.37623	0.37603	0.57042
1085	0.37622	0.37592	0.5704
1086	0.37619	0.37587	0.57049
1087	0.37614	0.37586	0.57063
1088	0.37609	0.3759	0.57077
1089	0.37608	0.37599	0.57086
1090	0.37607	0.37606	0.57084
1091	0.37604	0.3761	0.57071
1092	0.37599	0.37614	0.57054
1093	0.37593	0.37617	0.57034
1094	0.37586	0.37619	0.57023
1095	0.37579	0.37623	0.57022
1096	0.37568	0.37622	0.57019
1097	0.37557	0.37615	0.57016
1098	0.37549	0.37604	0.57013
1099	0.37546	0.37594	0.57012
1100	0.37543	0.37587	0.57013
1101	0.37542	0.3758	0.57012
1102	0.37543	0.37571	0.57008
1103	0.37539	0.37557	0.56998
1104	0.37533	0.37539	0.56983
1105	0.37524	0.37522	0.56968
1106	0.37513	0.37509	0.56954
1107	0.37498	0.37493	0.56944
1108	0.3748	0.37475	0.56939
1109	0.37461	0.37459	0.56936
1110	0.37444	0.37445	0.56929
1111	0.37431	0.37433	0.5692
1112	0.37425	0.37426	0.56912
1113	0.37423	0.37423	0.56899
1114	0.3742	0.3742	0.56881
1115	0.37418	0.3742	0.56863
1116	0.37417	0.3742	0.56851
1117	0.37413	0.37418	0.5684
1118	0.37407	0.37417	0.56826
1119	0.37398	0.37414	0.56811
1120	0.37383	0.37406	0.56789
1121	0.37363	0.3739	0.56761
1122	0.37343	0.37376	0.56732
1123	0.37325	0.37365	0.56705
1124	0.3731	0.37357	0.56686
1125	0.37295	0.37349	0.56669
1126	0.37278	0.37336	0.5665
1127	0.37257	0.37316	0.56626
1128	0.37235	0.37291	0.56599
1129	0.37213	0.37263	0.56574
1130	0.37191	0.37231	0.56548
1131	0.37164	0.37193	0.56514
1132	0.37134	0.37151	0.56473
1133	0.37101	0.37107	0.56427
1134	0.37064	0.3706	0.56375
1135	0.37025	0.37011	0.56317
1136	0.36986	0.36964	0.56257
1137	0.36945	0.36922	0.56201
1138	0.36904	0.36884	0.56151
1139	0.36857	0.36843	0.56102
1140	0.36807	0.36796	0.56048
1141	0.36756	0.36751	0.55983
1142	0.36704	0.36706	0.5591
1143	0.3665	0.36659	0.55833
1144	0.36595	0.36609	0.55752
1145	0.36536	0.36553	0.55667
1146	0.36475	0.36493	0.55582
1147	0.36414	0.36432	0.55504
1148	0.36356	0.36371	0.55434
1149	0.36301	0.36311	0.55369
1150	0.36249	0.36256	0.55313
1151	0.36201	0.36208	0.55265
1152	0.36153	0.36158	0.5522
1153	0.36106	0.36108	0.5518
1154	0.36062	0.36061	0.55141
1155	0.36021	0.36019	0.551
1156	0.35984	0.3598	0.55062
1157	0.35948	0.35941	0.55026
1158	0.3591	0.359	0.54989
1159	0.35869	0.35856	0.54949
1160	0.35832	0.35816	0.54916
1161	0.35804	0.35785	0.54891
1162	0.35782	0.35765	0.5487
1163	0.35767	0.35753	0.54851
1164	0.35755	0.35746	0.5483
1165	0.35743	0.35738	0.54803
1166	0.35732	0.35731	0.54775
1167	0.35726	0.35725	0.54749
1168	0.35721	0.35718	0.54729
1169	0.35715	0.35709	0.54712
1170	0.35706	0.35698	0.54697
1171	0.35689	0.35683	0.54682
1172	0.35668	0.35664	0.54669
1173	0.35646	0.35643	0.54666
1174	0.35627	0.35624	0.54674
1175	0.35613	0.35607	0.5469
1176	0.35604	0.35594	0.54709
1177	0.356	0.35585	0.54727
1178	0.35598	0.35576	0.54739
1179	0.35598	0.35568	0.54739
1180	0.35601	0.35563	0.54729
1181	0.35605	0.35562	0.54715
1182	0.35608	0.35562	0.547
1183	0.35606	0.35562	0.54684
1184	0.35597	0.3556	0.54669
1185	0.35583	0.35557	0.54653
1186	0.3557	0.35554	0.5464
1187	0.35557	0.35552	0.54631
1188	0.35547	0.3555	0.54624
1189	0.3554	0.3555	0.54621
1190	0.35536	0.3555	0.54622
1191	0.35534	0.35549	0.54622
1192	0.35533	0.35545	0.54618
1193	0.35531	0.35537	0.54607
1194	0.35528	0.35527	0.5459
1195	0.35524	0.35516	0.54573
1196	0.35519	0.35505	0.54561
1197	0.35513	0.35494	0.54553
1198	0.35506	0.35486	0.54546
1199	0.35502	0.35481	0.54539
1200	0.35501	0.35482	0.54532
1201	0.35501	0.35487	0.54525
1202	0.35504	0.35495	0.54521
1203	0.3551	0.35507	0.54523
1204	0.35519	0.35519	0.54531
1205	0.35528	0.35529	0.54539
1206	0.35535	0.35535	0.54546
1207	0.35537	0.35536	0.54551
1208	0.35536	0.35531	0.54554
1209	0.35534	0.35525	0.5456
1210	0.35532	0.35519	0.5457
1211	0.35532	0.35514	0.54582
1212	0.35533	0.35512	0.54593
1213	0.35538	0.35514	0.54602
1214	0.35546	0.35522	0.54611
1215	0.35557	0.35535	0.5462
1216	0.35569	0.35553	0.54628
1217	0.35584	0.35576	0.54642
1218	0.35601	0.35601	0.54659
1219	0.35615	0.35624	0.54676
1220	0.35624	0.35643	0.54693
1221	0.35632	0.35658	0.54712
1222	0.35642	0.35669	0.54733
1223	0.35652	0.35677	0.54752
1224	0.35662	0.35681	0.54765
1225	0.35671	0.3568	0.54774
1226	0.35677	0.35678	0.54783
1227	0.35684	0.35677	0.5479
1228	0.35692	0.35679	0.54799
1229	0.35699	0.35684	0.54807
1230	0.35706	0.35689	0.54813
1231	0.35714	0.35697	0.54822
1232	0.3572	0.35707	0.54825
1233	0.35725	0.35717	0.54824
1234	0.35727	0.35728	0.54827
1235	0.35731	0.35739	0.54835
1236	0.35742	0.35755	0.54848
1237	0.35755	0.35773	0.5486
1238	0.35769	0.35788	0.54872
1239	0.3578	0.35799	0.54886
1240	0.35788	0.35807	0.54901
1241	0.35795	0.35814	0.54916
1242	0.35802	0.3582	0.54932
1243	0.35808	0.35821	0.54943
1244	0.35812	0.35819	0.54948
1245	0.35816	0.35818	0.54947
1246	0.35817	0.35817	0.54941
1247	0.35811	0.35815	0.54933
1248	0.35802	0.35812	0.54932
1249	0.35795	0.35809	0.54937
1250	0.35795	0.35811	0.54947
1251	0.35797	0.35817	0.54957
1252	0.35801	0.35824	0.54964
1253	0.35807	0.35833	0.54972
1254	0.35816	0.35843	0.54978
1255	0.35825	0.35851	0.54985
1256	0.35837	0.35857	0.54992
1257	0.35852	0.35864	0.54998
1258	0.35869	0.3587	0.55001
1259	0.35885	0.35877	0.55005
1260	0.35897	0.35881	0.55009
1261	0.359	0.35881	0.55007
1262	0.35898	0.35876	0.55003
1263	0.35895	0.35868	0.55002
1264	0.3589	0.35863	0.55
1265	0.35883	0.35861	0.54996
1266	0.35873	0.35858	0.54993
1267	0.35863	0.35855	0.5499
1268	0.35853	0.35851	0.54984
1269	0.35843	0.35846	0.54979
1270	0.35833	0.35842	0.54977
1271	0.35825	0.3584	0.54975
1272	0.35821	0.3584	0.54971
1273	0.35819	0.35841	0.54968
1274	0.35819	0.35843	0.54967
1275	0.35819	0.35844	0.54963
1276	0.35819	0.35847	0.54962
1277	0.35822	0.3585	0.54963
1278	0.35825	0.3585	0.54967
1279	0.35827	0.35847	0.54967
1280	0.35825	0.3584	0.54962
1281	0.35819	0.35829	0.54949
1282	0.35807	0.35812	0.54929
1283	0.35788	0.35791	0.54908
1284	0.35766	0.35767	0.54889
1285	0.35745	0.35744	0.54869
1286	0.35728	0.35724	0.54843
1287	0.35716	0.35711	0.54813
1288	0.35707	0.35702	0.54789
1289	0.35701	0.35696	0.54772
1290	0.35692	0.35691	0.54759
1291	0.35681	0.35683	0.54747
1292	0.3567	0.35672	0.54736
1293	0.35658	0.35661	0.54724
1294	0.35642	0.35647	0.54708
1295	0.3562	0.35629	0.54692
1296	0.35591	0.35605	0.54673
1297	0.35564	0.3558	0.54655
1298	0.3554	0.35556	0.54639
1299	0.35518	0.35534	0.5462
1300	0.35497	0.35516	0.54595
1301	0.35477	0.35497	0.54566
1302	0.35456	0.35476	0.54538
1303	0.35434	0.35454	0.54511
1304	0.35407	0.35429	0.54481
1305	0.35375	0.35399	0.54449
1306	0.35342	0.35365	0.54416
1307	0.35309	0.35331	0.54379
1308	0.35276	0.35296	0.54341
1309	0.35243	0.35261	0.54307
1310	0.35213	0.35227	0.54275
1311	0.35187	0.35193	0.54242
1312	0.35158	0.3516	0.54205
1313	0.35125	0.35123	0.54163
1314	0.35086	0.35078	0.54115
1315	0.35042	0.35027	0.54058
1316	0.34995	0.34973	0.53993
1317	0.34944	0.3492	0.53923
1318	0.34892	0.34867	0.53855
1319	0.34837	0.34814	0.53787
1320	0.34785	0.34764	0.53719
1321	0.34734	0.34716	0.5365
1322	0.34682	0.34668	0.53584
1323	0.34629	0.3462	0.53523
1324	0.34575	0.34569	0.53472
1325	0.34519	0.34516	0.53422
1326	0.34462	0.34461	0.53369
1327	0.34402	0.344	0.53313
1328	0.34343	0.34337	0.53254
1329	0.34286	0.34274	0.53191
1330	0.34226	0.34207	0.53126
1331	0.34163	0.3414	0.53062
1332	0.34096	0.34074	0.52992
1333	0.34027	0.3401	0.52913
1334	0.33958	0.33948	0.52832
1335	0.33886	0.33883	0.52749
1336	0.33813	0.33816	0.52665
1337	0.33741	0.33748	0.52584
1338	0.3367	0.3368	0.52505
1339	0.33604	0.33615	0.52423
1340	0.33543	0.33552	0.52337
1341	0.33487	0.33492	0.5225
1342	0.33438	0.33435	0.52168
1343	0.33388	0.33379	0.52095
1344	0.33336	0.3332	0.52029
1345	0.33284	0.33259	0.51967
1346	0.33229	0.33199	0.51904
1347	0.33173	0.33139	0.51842
1348	0.33118	0.3308	0.51785
1349	0.33065	0.33024	0.51731
1350	0.33015	0.32972	0.51676
1351	0.32969	0.32925	0.51623
1352	0.32925	0.32881	0.51567
1353	0.3288	0.32839	0.51504
1354	0.32833	0.32796	0.51438
1355	0.32783	0.3275	0.51371
1356	0.3273	0.32701	0.51307
1357	0.32678	0.32653	0.5125
1358	0.32629	0.32602	0.51195
1359	0.32582	0.32551	0.51139
1360	0.32535	0.32497	0.5108
1361	0.32481	0.32436	0.51019
1362	0.32422	0.32371	0.50956
1363	0.32362	0.32307	0.50885
1364	0.32301	0.32242	0.50805
1365	0.32237	0.32175	0.50718
1366	0.32164	0.321	0.50619
1367	0.32078	0.32016	0.50504
1368	0.31982	0.31924	0.50373
1369	0.31876	0.3182	0.50232
1370	0.31761	0.31701	0.50084
1371	0.3164	0.31572	0.49929
1372	0.3151	0.31436	0.49763
1373	0.3137	0.31291	0.49585
1374	0.31219	0.31137	0.494
1375	0.31052	0.3097	0.49205
1376	0.30877	0.30798	0.48999
1377	0.30695	0.3062	0.48777
1378	0.30504	0.30432	0.48541
1379	0.30299	0.30229	0.48289
1380	0.30078	0.30011	0.48018
1381	0.29841	0.29777	0.47719
1382	0.2959	0.29527	0.47396
1383	0.29321	0.29255	0.47052
1384	0.29036	0.28962	0.46688
1385	0.28735	0.28653	0.46298
1386	0.28418	0.28329	0.45883
1387	0.28088	0.27989	0.45445
1388	0.27745	0.27636	0.4499
1389	0.27387	0.27267	0.44512
1390	0.27019	0.26891	0.44012
1391	0.26641	0.26507	0.43493
1392	0.26252	0.26115	0.4296
1393	0.25857	0.25718	0.42416
1394	0.25456	0.25319	0.41862
1395	0.25052	0.24917	0.41299
1396	0.24647	0.24516	0.40732
1397	0.24239	0.24115	0.40159
1398	0.23833	0.23714	0.39586
1399	0.23428	0.23312	0.39018
1400	0.23029	0.2291	0.38458
1401	0.22637	0.22512	0.37912
1402	0.22252	0.2212	0.37378
1403	0.21873	0.21733	0.36846
1404	0.21507	0.21362	0.3632
1405	0.21156	0.21005	0.35803
1406	0.20821	0.20664	0.35301
1407	0.20506	0.20346	0.34818
1408	0.20209	0.20047	0.34354
1409	0.19924	0.19761	0.33909
1410	0.19651	0.19489	0.33483
1411	0.19389	0.19227	0.33073
1412	0.19139	0.18976	0.32684
1413	0.189	0.18739	0.3232
1414	0.18675	0.18516	0.31981
1415	0.18465	0.18309	0.31666
1416	0.18269	0.18116	0.31369
1417	0.18081	0.17929	0.31084
1418	0.17906	0.17754	0.30819
1419	0.17744	0.17595	0.30572
1420	0.17597	0.17451	0.30345
1421	0.17461	0.17323	0.30138
1422	0.17331	0.17203	0.2995
1423	0.17206	0.17084	0.29775
1424	0.17088	0.16971	0.2961
1425	0.1698	0.16865	0.29451
1426	0.16882	0.16769	0.29303
1427	0.16791	0.16681	0.29164
1428	0.16703	0.16597	0.29032
1429	0.16623	0.16518	0.28906
1430	0.16548	0.16444	0.28787
1431	0.1648	0.16372	0.28677
1432	0.16418	0.16306	0.28579
1433	0.16365	0.16249	0.28493
1434	0.16319	0.16201	0.28419
1435	0.16275	0.16159	0.28355
1436	0.16235	0.16122	0.28298
1437	0.16197	0.16087	0.28245
1438	0.1616	0.16053	0.28196
1439	0.16128	0.16023	0.28153
1440	0.161	0.15998	0.28113
1441	0.16071	0.15974	0.28078
1442	0.16046	0.15951	0.28052
1443	0.16027	0.15932	0.28033
1444	0.16013	0.15917	0.28017
1445	0.16	0.15902	0.28006
1446	0.15985	0.15883	0.27997
1447	0.15971	0.15863	0.2799
1448	0.15961	0.15847	0.27986
1449	0.15956	0.15837	0.27988
1450	0.15951	0.15831	0.27994
1451	0.1594	0.15835	0.27994
1452	0.15939	0.15835	0.28006
1453	0.1594	0.15838	0.28021
1454	0.15946	0.15843	0.28041
1455	0.15956	0.15852	0.28064
1456	0.15967	0.15862	0.28091
1457	0.15983	0.15875	0.28125
1458	0.16002	0.15891	0.28163
1459	0.16024	0.15912	0.28207
1460	0.1605	0.15936	0.28255
1461	0.16079	0.15964	0.28308
1462	0.1611	0.15995	0.28366
1463	0.16145	0.1603	0.28431
1464	0.16184	0.16069	0.28502
1465	0.16227	0.16112	0.28578
1466	0.16274	0.16159	0.2866
1467	0.16326	0.16209	0.28748
1468	0.16379	0.16262	0.2884
1469	0.16436	0.16317	0.28937
1470	0.16493	0.16374	0.2904
1471	0.16552	0.16433	0.2915
1472	0.16616	0.16497	0.29266
1473	0.16685	0.16565	0.29391
1474	0.16756	0.16637	0.29521
1475	0.16829	0.16712	0.29656
1476	0.16906	0.1679	0.29796
1477	0.16986	0.16872	0.29941
1478	0.17068	0.16956	0.3009
1479	0.17152	0.17042	0.3024
1480	0.17238	0.17131	0.30393
1481	0.17326	0.17222	0.30548
1482	0.17415	0.17314	0.30705
1483	0.17506	0.17408	0.30865
1484	0.17598	0.17504	0.31027
1485	0.17691	0.17601	0.31191
1486	0.17785	0.177	0.31357
1487	0.17881	0.178	0.31525
1488	0.1798	0.17902	0.31694
1489	0.18082	0.18005	0.31863
1490	0.18184	0.18109	0.32034
1491	0.18287	0.18214	0.32205
1492	0.18392	0.18318	0.32378
1493	0.18497	0.18423	0.32551
1494	0.18605	0.18529	0.32725
1495	0.18713	0.18636	0.32898
1496	0.18821	0.18742	0.33072
1497	0.18929	0.18848	0.33246
1498	0.19036	0.18955	0.33421
1499	0.19144	0.19062	0.33595
1500	0.19252	0.1917	0.33768
1501	0.19359	0.19277	0.3394
1502	0.19465	0.19382	0.34109
1503	0.1957	0.19485	0.34277
1504	0.19673	0.19588	0.34445
1505	0.19777	0.19694	0.34615
1506	0.1988	0.198	0.34786
1507	0.19986	0.19906	0.34957
1508	0.2009	0.2001	0.35126
1509	0.20194	0.20113	0.35293
1510	0.20297	0.20216	0.35458
1511	0.20401	0.2032	0.35624
1512	0.20507	0.20425	0.35789
1513	0.20614	0.20531	0.35954
1514	0.20719	0.20635	0.36116
1515	0.20822	0.20737	0.36275
1516	0.20923	0.20838	0.36432
1517	0.21024	0.20939	0.36588
1518	0.21124	0.2104	0.36744
1519	0.21225	0.21141	0.36899
1520	0.21325	0.21242	0.37053
1521	0.21425	0.21341	0.37206
1522	0.21524	0.2144	0.37358
1523	0.21624	0.2154	0.37508
1524	0.21724	0.2164	0.37656
1525	0.21822	0.2174	0.37805
1526	0.21921	0.21839	0.37953
1527	0.2202	0.21936	0.381
1528	0.22119	0.22032	0.38245
1529	0.22216	0.22127	0.38389
1530	0.22312	0.22221	0.38534
1531	0.22406	0.22315	0.38678
1532	0.22498	0.22408	0.38821
1533	0.22591	0.22502	0.38962
1534	0.22683	0.22596	0.39101
1535	0.22773	0.22688	0.3924
1536	0.22861	0.22779	0.39377
1537	0.22947	0.22868	0.39509
1538	0.2303	0.22955	0.39638
1539	0.23114	0.23042	0.39766
1540	0.23199	0.2313	0.39895
1541	0.23282	0.23216	0.40022
1542	0.23364	0.233	0.40146
1543	0.23446	0.23383	0.40267
1544	0.23526	0.23465	0.40387
1545	0.23606	0.23547	0.40506
1546	0.23688	0.23632	0.40627
1547	0.23771	0.23716	0.40748
1548	0.23854	0.238	0.40868
1549	0.23935	0.2388	0.40984
1550	0.24014	0.23958	0.41096
1551	0.24091	0.24035	0.41206
1552	0.24167	0.24112	0.41314
1553	0.24244	0.24189	0.4142
1554	0.2432	0.24265	0.41525
1555	0.24395	0.24339	0.41628
1556	0.24468	0.24411	0.4173
1557	0.2454	0.24482	0.41832
1558	0.24612	0.24553	0.41932
1559	0.24682	0.24621	0.42031
1560	0.2475	0.24688	0.4213
1561	0.24817	0.24755	0.42228
1562	0.24884	0.24821	0.42322
1563	0.24951	0.24886	0.42417
1564	0.25017	0.24951	0.42512
1565	0.25079	0.25014	0.42604
1566	0.25139	0.25076	0.42695
1567	0.252	0.25138	0.42784
1568	0.25261	0.25199	0.42872
1569	0.2532	0.25259	0.42959
1570	0.25377	0.25316	0.43045
1571	0.25432	0.25371	0.43129
1572	0.25487	0.25427	0.43209
1573	0.2554	0.25483	0.43286
1574	0.25593	0.25537	0.43364
1575	0.25645	0.2559	0.43444
1576	0.25697	0.25644	0.43522
1577	0.25749	0.25698	0.43599
1578	0.25801	0.25754	0.43676
1579	0.25856	0.2581	0.43754
1580	0.25912	0.25867	0.43832
1581	0.25968	0.25924	0.43912
1582	0.26025	0.2598	0.43992
1583	0.2608	0.26035	0.44072
1584	0.26135	0.26089	0.44149
1585	0.26188	0.26141	0.44223
1586	0.26241	0.26193	0.44294
1587	0.26292	0.26246	0.44366
1588	0.26344	0.26299	0.44439
1589	0.26395	0.2635	0.44509
1590	0.26445	0.26397	0.44579
1591	0.26493	0.26443	0.44647
1592	0.2654	0.26489	0.44713
1593	0.26586	0.26535	0.44778
1594	0.26631	0.26581	0.44843
1595	0.26675	0.26626	0.44906
1596	0.26719	0.26671	0.44966
1597	0.26763	0.26716	0.45025
1598	0.26806	0.2676	0.45083
1599	0.2685	0.26803	0.45143
1600	0.26894	0.26845	0.45202
1601	0.26934	0.26885	0.45258
1602	0.26974	0.26924	0.45314
1603	0.27015	0.26964	0.45369
1604	0.27056	0.27004	0.45425
1605	0.27095	0.27045	0.45479
1606	0.27135	0.27086	0.45533
1607	0.27174	0.27126	0.45585
1608	0.27211	0.27165	0.45637
1609	0.27248	0.27204	0.4569
1610	0.27286	0.27242	0.45741
1611	0.27325	0.2728	0.45794
1612	0.27363	0.27318	0.45847
1613	0.27402	0.27356	0.459
1614	0.2744	0.27393	0.45954
1615	0.27478	0.27429	0.46007
1616	0.27515	0.27463	0.4606
1617	0.2755	0.27496	0.46115
1618	0.27585	0.2753	0.46169
1619	0.27618	0.27564	0.46223
1620	0.2765	0.27596	0.46274
1621	0.2768	0.27627	0.46322
1622	0.27709	0.27657	0.46368
1623	0.27736	0.27686	0.46414
1624	0.27759	0.27713	0.46458
1625	0.27782	0.27737	0.465
1626	0.27805	0.27762	0.46541
1627	0.27828	0.27789	0.46582
1628	0.27851	0.27816	0.46622
1629	0.27873	0.27843	0.46662
1630	0.27897	0.27869	0.467
1631	0.27921	0.27894	0.46736
1632	0.27947	0.27919	0.46771
1633	0.2797	0.27942	0.46808
1634	0.27994	0.27965	0.46846
1635	0.28018	0.27989	0.46883
1636	0.2804	0.28013	0.46918
1637	0.2806	0.28037	0.46951
1638	0.28081	0.28061	0.46982
1639	0.28103	0.28086	0.47011
1640	0.28125	0.2811	0.47041
1641	0.28147	0.28134	0.4707
1642	0.28168	0.28155	0.47097
1643	0.2819	0.28174	0.47124
1644	0.28212	0.28193	0.47152
1645	0.28233	0.2821	0.47178
1646	0.28252	0.28226	0.47204
1647	0.28271	0.28242	0.47233
1648	0.28291	0.28259	0.47262
1649	0.28308	0.28274	0.47289
1650	0.28325	0.28287	0.47314
1651	0.2834	0.283	0.47338
1652	0.28353	0.2831	0.47362
1653	0.28364	0.28318	0.47384
1654	0.28373	0.28324	0.47402
1655	0.2838	0.2833	0.47419
1656	0.28386	0.28334	0.47434
1657	0.2839	0.28338	0.47446
1658	0.28393	0.28342	0.47458
1659	0.28394	0.28346	0.47473
1660	0.28396	0.28348	0.47489
1661	0.28401	0.28351	0.47507
1662	0.28405	0.28354	0.47524
1663	0.28409	0.28359	0.4754
1664	0.28413	0.28364	0.47554
1665	0.28418	0.28369	0.47568
1666	0.28424	0.28375	0.47581
1667	0.28429	0.28378	0.47595
1668	0.28432	0.28379	0.47607
1669	0.28432	0.2838	0.47617
1670	0.28433	0.28383	0.47626
1671	0.28436	0.28389	0.47635
1672	0.2844	0.28395	0.47644
1673	0.2844	0.28399	0.47653
1674	0.28439	0.28401	0.4766
1675	0.28437	0.28402	0.47669
1676	0.28434	0.28403	0.47678
1677	0.28431	0.28401	0.47687
1678	0.28427	0.28397	0.47695
1679	0.28422	0.28392	0.47702
1680	0.28415	0.28385	0.47707
1681	0.28405	0.28375	0.47711
1682	0.28394	0.28363	0.47714
1683	0.28384	0.28351	0.47715
1684	0.28374	0.28338	0.47712
1685	0.28362	0.28322	0.47702
1686	0.28346	0.28303	0.4769
1687	0.28327	0.28281	0.47674
1688	0.28305	0.28257	0.47655
1689	0.28284	0.28232	0.47636
1690	0.28263	0.28207	0.47617
1691	0.28241	0.28181	0.476
1692	0.28218	0.28156	0.47582
1693	0.28195	0.28134	0.47565
1694	0.28172	0.2811	0.47547
1695	0.28147	0.28083	0.4753
1696	0.28123	0.28057	0.47511
1697	0.28099	0.28033	0.47492
1698	0.28076	0.28008	0.47472
1699	0.28052	0.27982	0.47449
1700	0.2803	0.27958	0.47426
1701	0.28011	0.27936	0.47402
1702	0.27991	0.27915	0.47378
1703	0.2797	0.27893	0.47354
1704	0.27949	0.27874	0.47329
1705	0.27929	0.27856	0.47304
1706	0.2791	0.2784	0.47284
1707	0.27893	0.27825	0.47269
1708	0.27872	0.27807	0.47252
1709	0.27849	0.27787	0.47231
1710	0.27828	0.27766	0.4721
1711	0.27808	0.27744	0.47188
1712	0.27789	0.27722	0.47167
1713	0.2777	0.27699	0.47145
1714	0.27748	0.27675	0.47119
1715	0.27723	0.27649	0.47087
1716	0.27696	0.2762	0.47053
1717	0.27669	0.27591	0.47018
1718	0.27642	0.27562	0.46981
1719	0.27617	0.27534	0.46941
1720	0.27588	0.27504	0.46897
1721	0.27555	0.27471	0.46851
1722	0.27519	0.27437	0.46807
1723	0.27482	0.27404	0.46766
1724	0.27448	0.2737	0.46726
1725	0.27415	0.27335	0.46685
1726	0.27379	0.27299	0.46643
1727	0.27341	0.27262	0.466
1728	0.27303	0.27229	0.4656
1729	0.27266	0.27197	0.46522
1730	0.27226	0.27161	0.46483
1731	0.27185	0.27125	0.46445
1732	0.27148	0.27092	0.46406
1733	0.27113	0.27061	0.46368
1734	0.27076	0.27027	0.46329
1735	0.27038	0.26993	0.46291
1736	0.27002	0.26964	0.46254
1737	0.26966	0.26934	0.46219
1738	0.26929	0.26901	0.46184
1739	0.26893	0.26867	0.46149
1740	0.26859	0.26832	0.4611
1741	0.26825	0.26798	0.46073
1742	0.26794	0.26766	0.46038
1743	0.26764	0.26735	0.46003
1744	0.26735	0.26704	0.45961
1745	0.26706	0.2667	0.45917
1746	0.26674	0.26633	0.45873
1747	0.2664	0.26595	0.45826
1748	0.26604	0.26557	0.45776
1749	0.26565	0.26515	0.45719
1750	0.26522	0.2647	0.45654
1751	0.26478	0.26424	0.45589
1752	0.26433	0.26379	0.45527
1753	0.26389	0.26331	0.45464
1754	0.26346	0.26283	0.454
1755	0.26301	0.26234	0.45334
1756	0.26253	0.26185	0.45265
1757	0.26208	0.26138	0.45199
1758	0.26165	0.26096	0.45136
1759	0.2612	0.26049	0.45074
1760	0.26074	0.25999	0.45011
1761	0.26028	0.25949	0.44949
1762	0.25981	0.25901	0.44888
1763	0.25936	0.25855	0.44831
1764	0.25892	0.2581	0.4478
1765	0.25852	0.25767	0.44729
1766	0.25815	0.25725	0.4468
1767	0.25773	0.25682	0.44629
1768	0.2573	0.25639	0.44577
1769	0.25688	0.25596	0.44529
1770	0.25647	0.25552	0.44483
1771	0.25609	0.25512	0.4444
1772	0.25574	0.25476	0.44398
1773	0.2554	0.25442	0.44356
1774	0.25508	0.25408	0.44314
1775	0.25478	0.25375	0.44273
1776	0.25449	0.25343	0.44235
1777	0.25422	0.25314	0.44202
1778	0.25399	0.25287	0.44173
1779	0.25378	0.25264	0.4415
1780	0.25358	0.25242	0.44125
1781	0.25336	0.25217	0.44097
1782	0.25315	0.25195	0.44069
1783	0.25296	0.25175	0.44042
1784	0.25279	0.25158	0.44016
1785	0.25267	0.25152	0.44011
1786	0.25257	0.25151	0.44004
1787	0.25249	0.25153	0.43996
1788	0.2524	0.25145	0.43981
1789	0.25231	0.25127	0.4396
1790	0.25217	0.2511	0.43938
1791	0.25198	0.25093	0.43916
1792	0.25181	0.25081	0.43893
1793	0.25172	0.25077	0.4387
1794	0.25166	0.25071	0.43848
1795	0.25155	0.25056	0.43823
1796	0.25146	0.25041	0.43796
1797	0.25134	0.2503	0.43768
1798	0.2512	0.2502	0.43743
1799	0.25113	0.25013	0.43719
1800	0.25116	0.2501	0.43695
1801	0.25117	0.25007	0.43672
1802	0.25109	0.24997	0.43649
1803	0.25094	0.24985	0.43627
1804	0.25088	0.24981	0.43614
1805	0.25088	0.24985	0.43609
1806	0.25092	0.24994	0.43609
1807	0.25101	0.2501	0.43613
1808	0.25105	0.25022	0.4362
1809	0.25104	0.25025	0.43627
1810	0.25102	0.25024	0.43635
1811	0.25102	0.25024	0.43644
1812	0.25106	0.25028	0.43654
1813	0.25113	0.25034	0.43662
1814	0.25124	0.25042	0.43673
1815	0.25138	0.25055	0.4369
1816	0.25155	0.25071	0.43707
1817	0.25171	0.2509	0.43737
1818	0.25185	0.25114	0.43785
1819	0.25203	0.25136	0.43835
1820	0.25223	0.25157	0.43881
1821	0.25245	0.25175	0.43925
1822	0.25257	0.25183	0.43946
1823	0.25262	0.2518	0.43962
1824	0.25258	0.2517	0.43974
1825	0.25249	0.25167	0.43985
1826	0.25239	0.25164	0.43992
1827	0.25232	0.25157	0.43991
1828	0.25232	0.25153	0.43985
1829	0.25237	0.25155	0.43982
1830	0.25235	0.2515	0.43974
1831	0.25215	0.25129	0.43951
1832	0.25187	0.251	0.43918
1833	0.25164	0.2508	0.43888
1834	0.25148	0.25065	0.43858
1835	0.25135	0.25052	0.43828
1836	0.25114	0.25039	0.43797
1837	0.25085	0.25017	0.43765
1838	0.25056	0.24988	0.43727
1839	0.2503	0.24958	0.43686
1840	0.24997	0.24929	0.43644
1841	0.24955	0.24892	0.43594
1842	0.2491	0.24853	0.43537
1843	0.24857	0.24805	0.4347
1844	0.24791	0.2474	0.43382
1845	0.24718	0.24663	0.43273
1846	0.24645	0.24585	0.43155
1847	0.24571	0.24507	0.43037
1848	0.24491	0.24423	0.42913
1849	0.24402	0.24334	0.42773
1850	0.24303	0.24238	0.42623
1851	0.24196	0.24131	0.42471
1852	0.24075	0.24008	0.4231
1853	0.23952	0.23883	0.42143
1854	0.23828	0.23751	0.4196
1855	0.23696	0.2361	0.41754
1856	0.23547	0.23456	0.41529
1857	0.23381	0.2329	0.41288
1858	0.23198	0.23111	0.4103
1859	0.23002	0.22918	0.40752
1860	0.22797	0.2272	0.4046
1861	0.22583	0.22508	0.40148
1862	0.22355	0.22271	0.39812
1863	0.22108	0.22017	0.39452
1864	0.2185	0.21757	0.39072
1865	0.21577	0.21486	0.38663
1866	0.21278	0.21188	0.38211
1867	0.20953	0.20867	0.37717
1868	0.2062	0.20541	0.37199
1869	0.20287	0.20214	0.3667
1870	0.19939	0.1987	0.36114
1871	0.19564	0.19499	0.35516
1872	0.19171	0.19103	0.34875
1873	0.18762	0.18683	0.34197
1874	0.18334	0.18246	0.33488
1875	0.1789	0.17802	0.32753
1876	0.17436	0.17355	0.31993
1877	0.16982	0.16901	0.31207
1878	0.16529	0.16439	0.30397
1879	0.1607	0.15964	0.2956
1880	0.156	0.15482	0.28695
1881	0.15127	0.15003	0.27818
1882	0.14661	0.14534	0.26942
1883	0.14203	0.14074	0.26063
1884	0.13741	0.13613	0.25161
1885	0.1328	0.13152	0.24245
1886	0.12834	0.12701	0.23338
1887	0.12411	0.1227	0.22454
1888	0.12008	0.1186	0.21584
1889	0.1162	0.11464	0.20724
1890	0.11238	0.11075	0.19873
1891	0.10862	0.10699	0.19039
1892	0.10502	0.10339	0.18226
1893	0.1017	0.10002	0.17443
1894	0.09867	0.096913	0.16695
1895	0.095737	0.093941	0.15974
1896	0.092852	0.091059	0.15277
1897	0.090064	0.088283	0.14608
1898	0.087445	0.085684	0.13974
1899	0.08504	0.08334	0.13375
1900	0.08284	0.081241	0.12806
1901	0.080768	0.07931	0.12266
1902	0.078703	0.077444	0.11758
1903	0.076724	0.075679	0.11289
1904	0.075016	0.074083	0.10861
1905	0.073546	0.072632	0.1047
1906	0.072153	0.071247	0.10101
1907	0.070786	0.069902	0.097523
1908	0.069543	0.06869	0.094347
1909	0.06843	0.067619	0.091445
1910	0.067478	0.066696	0.088836
1911	0.066716	0.065953	0.086638
1912	0.06609	0.065325	0.084778
1913	0.065532	0.064664	0.083009
1914	0.065026	0.064007	0.081336
1915	0.064498	0.063409	0.079802
1916	0.063946	0.062878	0.078411
1917	0.063522	0.062465	0.077251
1918	0.06327	0.062188	0.07632
1919	0.063041	0.06194	0.075476
1920	0.062732	0.061637	0.074611
1921	0.06247	0.061386	0.073867
1922	0.062375	0.061254	0.0733
1923	0.062356	0.061158	0.072817
1924	0.062286	0.060988	0.072302
1925	0.062189	0.060784	0.071789
1926	0.06215	0.060681	0.071443
1927	0.062172	0.060686	0.071258
1928	0.062226	0.060739	0.071141
1929	0.06231	0.060846	0.071053
1930	0.062334	0.060925	0.070991
1931	0.062306	0.060938	0.071007
1932	0.062342	0.061009	0.071184
1933	0.062399	0.06115	0.071428
1934	0.06245	0.061319	0.071708
1935	0.062535	0.061545	0.072145
1936	0.062655	0.061813	0.072734
1937	0.062741	0.062006	0.073344
1938	0.062766	0.062091	0.073928
1939	0.062918	0.062219	0.07459
1940	0.063278	0.062455	0.075417
1941	0.063675	0.062733	0.076344
1942	0.06399	0.063007	0.077259
1943	0.064279	0.063285	0.078177
1944	0.064643	0.063543	0.079168
1945	0.065075	0.063794	0.080252
1946	0.06554	0.064137	0.081483
1947	0.066019	0.064544	0.082817
1948	0.066466	0.064898	0.084039
1949	0.066872	0.065158	0.085109
1950	0.067265	0.065406	0.086254
1951	0.067618	0.065639	0.087494
1952	0.067955	0.065886	0.088742
1953	0.068278	0.066181	0.089914
1954	0.068567	0.066466	0.091016
1955	0.068868	0.066654	0.092151
1956	0.0692	0.066786	0.093321
1957	0.069545	0.067	0.094483
1958	0.069906	0.067294	0.09564
1959	0.070221	0.067562	0.096801
1960	0.070486	0.067789	0.097966
1961	0.070743	0.068072	0.099164
1962	0.070987	0.068448	0.1004
1963	0.071245	0.068869	0.10162
1964	0.071579	0.069317	0.10286
1965	0.072	0.069805	0.10417
1966	0.072468	0.070332	0.10556
1967	0.072946	0.070868	0.10699
1968	0.073392	0.071373	0.10839
1969	0.073799	0.071851	0.10977
1970	0.074216	0.072347	0.11124
1971	0.074664	0.072879	0.1128
1972	0.075104	0.073364	0.11432
1973	0.075531	0.073771	0.11577
1974	0.076009	0.074193	0.11728
1975	0.076603	0.074703	0.1189
1976	0.077274	0.075291	0.12061
1977	0.077945	0.075951	0.1224
1978	0.07861	0.076638	0.12425
1979	0.079298	0.077255	0.12605
1980	0.080018	0.077828	0.12781
1981	0.080737	0.078512	0.12968
1982	0.081437	0.079305	0.13162
1983	0.082088	0.080039	0.13344
1984	0.082696	0.080675	0.13508
1985	0.083241	0.081208	0.13665
1986	0.083686	0.081639	0.1382
1987	0.084105	0.082093	0.13975
1988	0.084647	0.082722	0.14134
1989	0.085271	0.083449	0.14299
1990	0.08579	0.084017	0.14463
1991	0.086235	0.084469	0.14627
1992	0.086701	0.085064	0.1479
1993	0.087173	0.085807	0.14949
1994	0.08762	0.086439	0.15108
1995	0.088023	0.086898	0.15265
1996	0.088474	0.087441	0.15429
1997	0.089036	0.08822	0.15603
1998	0.089639	0.08904	0.1578
1999	0.090224	0.089705	0.15955
2000	0.090877	0.090351	0.16137
2001	0.091708	0.091237	0.16332
2002	0.092624	0.09227	0.16535
2003	0.093409	0.09312	0.1673
2004	0.094103	0.093816	0.1692
2005	0.094817	0.094521	0.17107
2006	0.095543	0.095255	0.17291
2007	0.096315	0.096048	0.17483
2008	0.097147	0.096875	0.17684
2009	0.098028	0.097714	0.17887
2010	0.09897	0.098603	0.18089
2011	0.099956	0.099536	0.18287
2012	0.10092	0.10044	0.18479
2013	0.10188	0.10132	0.18673
2014	0.1029	0.10216	0.18875
2015	0.10395	0.10294	0.19073
2016	0.1049	0.10369	0.19244
2017	0.10576	0.10444	0.19401
2018	0.10659	0.1052	0.19563
2019	0.10741	0.10597	0.19726
2020	0.10826	0.1067	0.19884
2021	0.10908	0.10735	0.20036
2022	0.10983	0.10797	0.20195
2023	0.11061	0.1087	0.20369
2024	0.11145	0.10953	0.20546
2025	0.11217	0.11031	0.20708
2026	0.1127	0.11091	0.2085
2027	0.11323	0.11142	0.20989
2028	0.11384	0.11198	0.21132
2029	0.11437	0.11247	0.21271
2030	0.11479	0.11281	0.21403
2031	0.11521	0.11323	0.21531
2032	0.1157	0.11386	0.21662
2033	0.1162	0.11454	0.21793
2034	0.11664	0.11507	0.21919
2035	0.11708	0.11556	0.22047
2036	0.11764	0.11623	0.22189
2037	0.11826	0.11703	0.22339
2038	0.1187	0.11765	0.22476
2039	0.11898	0.11809	0.22603
2040	0.11942	0.11875	0.22746
2041	0.12005	0.11962	0.22902
2042	0.12065	0.1204	0.23048
2043	0.12122	0.12107	0.23187
2044	0.12197	0.12177	0.23335
2045	0.12288	0.12255	0.2349
2046	0.12373	0.12338	0.23637
2047	0.12452	0.12415	0.23769
2048	0.12545	0.12491	0.23896
2049	0.12658	0.12579	0.2404
2050	0.12772	0.12668	0.24185
2051	0.12863	0.1274	0.24294
2052	0.12939	0.12802	0.24383
2053	0.13027	0.12881	0.24513
2054	0.13126	0.12977	0.24679
2055	0.13215	0.13053	0.24817
2056	0.13289	0.13107	0.24922
2057	0.13349	0.13145	0.25033
2058	0.134	0.13181	0.25163
2059	0.13446	0.13231	0.25297
2060	0.13488	0.13289	0.25419
2061	0.13531	0.13335	0.25533
2062	0.1357	0.13361	0.25645
2063	0.13606	0.13387	0.25764
2064	0.13647	0.13431	0.25891
2065	0.13686	0.13481	0.26017
2066	0.13723	0.13527	0.26141
2067	0.13765	0.13573	0.26268
2068	0.13814	0.13616	0.26406
2069	0.13862	0.1365	0.26545
2070	0.13906	0.13685	0.26675
2071	0.13952	0.13728	0.26808
2072	0.14009	0.13788	0.26962
2073	0.14075	0.1386	0.27128
2074	0.14131	0.13932	0.27283
2075	0.14177	0.14003	0.2743
2076	0.14234	0.14076	0.27579
2077	0.14303	0.14148	0.27726
2078	0.1437	0.14213	0.27855
2079	0.14438	0.14288	0.27976
2080	0.14516	0.14372	0.28104
2081	0.14596	0.14456	0.2824
2082	0.14673	0.14542	0.2837
2083	0.14755	0.1463	0.28481
2084	0.14845	0.14717	0.28583
2085	0.14922	0.1478	0.28685
2086	0.14978	0.14819	0.28785
2087	0.15035	0.14862	0.28892
2088	0.15108	0.14929	0.29015
2089	0.15187	0.15003	0.2913
2090	0.15249	0.15056	0.29217
2091	0.15288	0.15082	0.29291
2092	0.15331	0.1512	0.29385
2093	0.15392	0.15185	0.29501
2094	0.15454	0.15256	0.29619
2095	0.15495	0.15309	0.29726
2096	0.1552	0.15337	0.29813
2097	0.15553	0.15363	0.29892
2098	0.15601	0.15408	0.29987
2099	0.15653	0.1547	0.30098
2100	0.157	0.15536	0.30221
2101	0.15748	0.15598	0.30342
2102	0.15807	0.15641	0.30445
2103	0.15873	0.15668	0.30538
2104	0.15935	0.157	0.30644
2105	0.15992	0.15752	0.30754
2106	0.16056	0.15826	0.30854
2107	0.16134	0.15909	0.30961
2108	0.16207	0.15996	0.3109
2109	0.16257	0.16081	0.31215
2110	0.16299	0.16164	0.31312
2111	0.1636	0.16248	0.31407
2112	0.16435	0.1633	0.31521
2113	0.16495	0.16406	0.31632
2114	0.16531	0.16468	0.31715
2115	0.16564	0.1651	0.31797
2116	0.166	0.16543	0.31901
2117	0.16641	0.16591	0.32022
2118	0.16684	0.16651	0.32134
2119	0.16728	0.16703	0.32233
2120	0.16772	0.16738	0.32335
2121	0.16802	0.16759	0.32436
2122	0.16829	0.16789	0.32527
2123	0.16877	0.16833	0.32619
2124	0.16932	0.16869	0.32706
2125	0.16971	0.16891	0.32785
2126	0.17001	0.16915	0.32869
2127	0.17041	0.16954	0.3296
2128	0.17091	0.17	0.33059
2129	0.17134	0.17032	0.3315
2130	0.17151	0.17039	0.33199
2131	0.17146	0.17031	0.33224
2132	0.17137	0.1702	0.33248
2133	0.17148	0.17023	0.33295
2134	0.17181	0.1705	0.33373
2135	0.17208	0.17082	0.33455
2136	0.17232	0.17109	0.33525
2137	0.17272	0.17128	0.33583
2138	0.17334	0.17154	0.33645
2139	0.17397	0.17197	0.33725
2140	0.1744	0.17242	0.33808
2141	0.17479	0.17285	0.33877
2142	0.17538	0.17347	0.33952
2143	0.17604	0.17421	0.34052
2144	0.1764	0.17472	0.34145
2145	0.17658	0.17502	0.34207
2146	0.17683	0.17533	0.34249
2147	0.177	0.17548	0.34293
2148	0.17704	0.17542	0.34345
2149	0.17711	0.17538	0.34397
2150	0.17724	0.17541	0.34436
2151	0.17735	0.17542	0.34457
2152	0.17741	0.17554	0.34481
2153	0.17748	0.17578	0.34535
2154	0.17755	0.17595	0.34597
2155	0.1776	0.17598	0.34639
2156	0.17763	0.17602	0.3467
2157	0.17767	0.17618	0.34716
2158	0.17782	0.17638	0.3478
2159	0.17807	0.17645	0.34837
2160	0.17831	0.17648	0.34888
2161	0.17855	0.17676	0.34945
2162	0.17878	0.17723	0.34999
2163	0.17889	0.17751	0.3505
2164	0.1788	0.17748	0.35107
2165	0.17861	0.17742	0.35137
2166	0.17837	0.17737	0.35129
2167	0.17814	0.17726	0.35137
2168	0.17799	0.17717	0.3517
2169	0.17794	0.17722	0.35201
2170	0.17798	0.17737	0.3522
2171	0.17814	0.17747	0.35236
2172	0.17846	0.17765	0.35266
2173	0.17884	0.17799	0.35307
2174	0.17907	0.17827	0.3534
2175	0.17906	0.17827	0.35356
2176	0.17903	0.17816	0.35367
2177	0.17922	0.17832	0.35389
2178	0.17957	0.17878	0.35421
2179	0.17986	0.17909	0.3544
2180	0.17995	0.179	0.35429
2181	0.17997	0.17886	0.35415
2182	0.18	0.17883	0.35415
2183	0.18004	0.17864	0.35417
2184	0.18017	0.17838	0.35418
2185	0.1804	0.17832	0.35422
2186	0.18057	0.17841	0.35419
2187	0.18057	0.17845	0.3541
2188	0.18048	0.17838	0.3542
2189	0.18036	0.17828	0.35445
2190	0.18034	0.17829	0.35456
2191	0.18051	0.17844	0.35465
2192	0.18069	0.17861	0.35489
2193	0.18077	0.1787	0.35521
2194	0.18082	0.17868	0.35546
2195	0.18099	0.17869	0.35573
2196	0.18124	0.1789	0.35618
2197	0.18132	0.17909	0.35664
2198	0.18113	0.17894	0.35696
2199	0.18097	0.17868	0.3574
2200	0.18098	0.17864	0.35788
2201	0.18096	0.17864	0.35796
2202	0.18091	0.17856	0.35778
2203	0.18101	0.17867	0.35788
2204	0.18114	0.17887	0.35807
2205	0.18112	0.17878	0.35803
2206	0.1811	0.17851	0.3579
2207	0.18116	0.17843	0.35802
2208	0.1812	0.17858	0.35824
2209	0.18108	0.17862	0.35822
2210	0.18092	0.17849	0.35814
2211	0.18089	0.1784	0.35824
2212	0.1809	0.17841	0.35831
2213	0.18091	0.17848	0.35826
2214	0.18107	0.17858	0.35828
2215	0.18123	0.17856	0.3584
2216	0.18113	0.17831	0.3584
2217	0.18079	0.17806	0.35829
2218	0.18052	0.17793	0.3582
2219	0.1804	0.17791	0.35815
2220	0.18035	0.178	0.35826
2221	0.18032	0.17822	0.3585
2222	0.18025	0.17842	0.35856
2223	0.18008	0.17839	0.35835
2224	0.17986	0.17825	0.35832
2225	0.17971	0.1782	0.35851
2226	0.17971	0.17831	0.35859
2227	0.17976	0.17848	0.35863
2228	0.17982	0.17866	0.35889
2229	0.17997	0.17889	0.35935
2230	0.18017	0.1791	0.35975
2231	0.18036	0.17912	0.36005
2232	0.18047	0.17893	0.36034
2233	0.18048	0.17872	0.36049
2234	0.18049	0.17872	0.36048
2235	0.18042	0.17874	0.36039
2236	0.18013	0.17849	0.36016
2237	0.1798	0.17808	0.35982
2238	0.17962	0.17785	0.35962
2239	0.17951	0.1777	0.35959
2240	0.17924	0.17727	0.35945
2241	0.17886	0.17662	0.35911
2242	0.17857	0.17613	0.35872
2243	0.17839	0.17581	0.35848
2244	0.17814	0.17536	0.35817
2245	0.17766	0.17474	0.35761
2246	0.17716	0.17413	0.35705
2247	0.1768	0.17361	0.3566
2248	0.17655	0.17317	0.35612
2249	0.17636	0.17289	0.35567
2250	0.17605	0.17259	0.35533
2251	0.17557	0.17215	0.35497
2252	0.17512	0.17165	0.35447
2253	0.17471	0.1712	0.35383
2254	0.17417	0.1708	0.35321
2255	0.17358	0.17037	0.35275
2256	0.17316	0.16989	0.35234
2257	0.17286	0.16942	0.35183
2258	0.17236	0.16887	0.35115
2259	0.17158	0.16819	0.35047
2260	0.17084	0.1675	0.3499
2261	0.17043	0.167	0.34927
2262	0.17018	0.16668	0.34865
2263	0.16969	0.16618	0.34815
2264	0.16906	0.16547	0.34768
2265	0.16862	0.16483	0.34713
2266	0.16835	0.16438	0.34661
2267	0.16799	0.16384	0.34614
2268	0.16736	0.16308	0.34542
2269	0.16655	0.16246	0.34433
2270	0.16573	0.16208	0.34328
2271	0.16495	0.16159	0.34249
2272	0.16428	0.16087	0.34168
2273	0.16386	0.16024	0.34069
2274	0.16354	0.15977	0.33965
2275	0.16308	0.15917	0.33867
2276	0.16252	0.15846	0.33761
2277	0.16213	0.15785	0.33643
2278	0.16193	0.15744	0.33535
2279	0.16173	0.15708	0.33445
2280	0.16138	0.15661	0.3336
2281	0.16093	0.15617	0.33279
2282	0.16054	0.15587	0.33204
2283	0.16027	0.15565	0.33129
2284	0.15998	0.15545	0.33052
2285	0.15963	0.15526	0.32982
2286	0.15928	0.15502	0.32927
2287	0.15894	0.15472	0.32877
2288	0.15863	0.15449	0.32814
2289	0.15829	0.15435	0.32751
2290	0.1578	0.15424	0.32714
2291	0.15721	0.154	0.32672
2292	0.15695	0.15375	0.32617
2293	0.15682	0.15359	0.3257
2294	0.15632	0.15332	0.32525
2295	0.15572	0.15291	0.32485
2296	0.15533	0.15246	0.32452
2297	0.15512	0.1522	0.3244
2298	0.15474	0.15191	0.32432
2299	0.15404	0.15133	0.324
2300	0.15359	0.15096	0.32362
2301	0.15341	0.15072	0.32307
2302	0.15307	0.15036	0.32224
2303	0.15243	0.14976	0.3211
2304	0.15158	0.14906	0.3197
2305	0.15067	0.14861	0.31836
2306	0.14975	0.14828	0.3171
2307	0.14896	0.14793	0.3156
2308	0.14839	0.14757	0.31391
2309	0.14796	0.14729	0.31244
2310	0.14737	0.14706	0.31121
2311	0.14662	0.14694	0.30994
2312	0.14618	0.14701	0.30884
2313	0.14626	0.14717	0.30827
2314	0.14627	0.14719	0.30779
2315	0.14564	0.14689	0.30689
2316	0.14466	0.14635	0.30585
2317	0.14383	0.14571	0.30477
2318	0.14307	0.14497	0.30342
2319	0.1421	0.14425	0.3021
2320	0.14122	0.14374	0.30129
2321	0.14092	0.14325	0.30101
2322	0.14081	0.14244	0.30079
2323	0.14031	0.14138	0.30025
2324	0.13979	0.14044	0.2996
2325	0.13957	0.13958	0.29894
2326	0.13925	0.13845	0.29806
2327	0.13872	0.13698	0.29706
2328	0.13839	0.13559	0.2962
2329	0.138	0.13457	0.29545
2330	0.13721	0.13368	0.29482
2331	0.13655	0.13296	0.2943
2332	0.13624	0.13264	0.29373
2333	0.13606	0.13273	0.29344
2334	0.13579	0.13274	0.29333
2335	0.13552	0.13236	0.29272
2336	0.13542	0.13171	0.29155
2337	0.13519	0.13077	0.29012
2338	0.13504	0.13011	0.28889
2339	0.13493	0.12989	0.28786
2340	0.13436	0.12991	0.28684
2341	0.13361	0.13001	0.28592
2342	0.13335	0.13009	0.28516
2343	0.13341	0.1305	0.28458
2344	0.13326	0.13092	0.28403
2345	0.13314	0.13107	0.28338
2346	0.13312	0.13128	0.28267
2347	0.13307	0.13153	0.28195
2348	0.13296	0.13133	0.28141
2349	0.13264	0.13095	0.28081
2350	0.13209	0.13074	0.2797
2351	0.13137	0.13012	0.27839
2352	0.13073	0.12903	0.27739
2353	0.13023	0.12836	0.27657
2354	0.1296	0.12849	0.27575
2355	0.12902	0.1286	0.27498
2356	0.12902	0.12839	0.27438
2357	0.12933	0.12809	0.27353
2358	0.12931	0.12743	0.27195
2359	0.12911	0.12645	0.27038
2360	0.12874	0.12541	0.26917
2361	0.12803	0.12446	0.26755
2362	0.12723	0.12347	0.26531
2363	0.12672	0.12247	0.26322
2364	0.12608	0.12164	0.2616
2365	0.12501	0.12101	0.26026
2366	0.1241	0.12055	0.25913
2367	0.12349	0.12019	0.2581
2368	0.12288	0.11997	0.25722
2369	0.12208	0.11969	0.25614
2370	0.12099	0.11922	0.25439
2371	0.1201	0.11842	0.25235
2372	0.11966	0.11701	0.25077
2373	0.11921	0.11571	0.24975
2374	0.11864	0.11537	0.24906
2375	0.1181	0.11549	0.24843
2376	0.11793	0.11546	0.2478
2377	0.11795	0.11513	0.24721
2378	0.11704	0.11465	0.24627
2379	0.11529	0.11441	0.24508
2380	0.11394	0.11428	0.24398
2381	0.11269	0.11408	0.2428
2382	0.111	0.1143	0.24168
2383	0.10946	0.11502	0.241
2384	0.10788	0.11522	0.24044
2385	0.10622	0.11501	0.23949
2386	0.10506	0.11472	0.23837
2387	0.10405	0.11412	0.2374
2388	0.10294	0.11385	0.23651
2389	0.10199	0.1143	0.23558
2390	0.10119	0.11456	0.23418
2391	0.10068	0.11416	0.23209
2392	0.10061	0.11394	0.22968
2393	0.10047	0.11352	0.22713
2394	0.10035	0.11208	0.22491
2395	0.10042	0.11049	0.22326
2396	0.10054	0.11004	0.22162
2397	0.10108	0.11028	0.21961
2398	0.10108	0.10912	0.2171
2399	0.10006	0.10695	0.21485
2400	0.098744	0.10528	0.21263
2401	0.097831	0.10421	0.20947
2402	0.097581	0.10344	0.2059
2403	0.097535	0.10268	0.20294
2404	0.097853	0.10198	0.20053
2405	0.098452	0.10093	0.19781
2406	0.099804	0.099653	0.19592
2407	0.10221	0.09837	0.19534
2408	0.10355	0.096269	0.19403
2409	0.10345	0.094165	0.19182
2410	0.1041	0.093381	0.19025
2411	0.10585	0.093374	0.18978
2412	0.10666	0.092996	0.18968
2413	0.1058	0.092185	0.18907
2414	0.10394	0.090698	0.18715
2415	0.10231	0.088937	0.18482
2416	0.10141	0.08838	0.18332
2417	0.10089	0.088813	0.18207
2418	0.10085	0.08826	0.17984
2419	0.1006	0.086154	0.17637
2420	0.099386	0.083433	0.17206
2421	0.098299	0.081394	0.16785
2422	0.098207	0.080837	0.16568
2423	0.097945	0.081105	0.16479
2424	0.096537	0.080356	0.16312
2425	0.094917	0.078777	0.16113
2426	0.093709	0.077779	0.16024
2427	0.092858	0.078044	0.16035
2428	0.091707	0.078134	0.15986
2429	0.090023	0.077095	0.15915
2430	0.088463	0.076232	0.1587
2431	0.087153	0.076417	0.1582
2432	0.08578	0.076953	0.15879
2433	0.083872	0.076477	0.15933
2434	0.081687	0.075442	0.15801
2435	0.080589	0.075707	0.1566
2436	0.080034	0.076594	0.15607
2437	0.078923	0.076863	0.15557
2438	0.077944	0.076872	0.15508
2439	0.078203	0.076968	0.15507
2440	0.080034	0.076926	0.15525
2441	0.081435	0.076439	0.15481
2442	0.080898	0.075996	0.15444
2443	0.079573	0.075978	0.15403
2444	0.078363	0.07601	0.15201
2445	0.077867	0.076522	0.14986
2446	0.078193	0.077958	0.14997
2447	0.078337	0.079047	0.1508
2448	0.077749	0.078145	0.15027
2449	0.076711	0.075896	0.14746
2450	0.075368	0.074229	0.14265
2451	0.074947	0.074097	0.13893
2452	0.076925	0.075613	0.13837
2453	0.079313	0.07597	0.13689
2454	0.078667	0.072595	0.13082
2455	0.075858	0.069209	0.12456
2456	0.073172	0.06889	0.12088
2457	0.07149	0.068726	0.11796
2458	0.069706	0.066167	0.11564
2459	0.06757	0.062671	0.11394
2460	0.0663	0.0596	0.11289
2461	0.066138	0.057515	0.11225
2462	0.06635	0.056515	0.11144
2463	0.067358	0.056652	0.11074
2464	0.069202	0.056549	0.11025
2465	0.069964	0.054539	0.10871
2466	0.069849	0.052095	0.10568
2467	0.071479	0.051261	0.10517
2468	0.075219	0.051886	0.10874
2469	0.076948	0.051865	0.10999
2470	0.076051	0.051747	0.10833
2471	0.074851	0.051529	0.10578
2472	0.07357	0.0504	0.1017
2473	0.073276	0.049328	0.097457
2474	0.074408	0.048301	0.094061
2475	0.076918	0.046944	0.091292
2476	0.080301	0.045619	0.08902
2477	0.082088	0.045714	0.089925
2478	0.082017	0.046516	0.092843
2479	0.079925	0.044775	0.089927
2480	0.0759	0.041016	0.082764
