*Name: Maple mid
Type: Leaf Spectrum

Origin: Remote Sensing Laboratories, University of Zurich

Description: abaxial reflectance, adaxial reflectance, and adaxial transmittance

Measurement: Hemispherical Conical Reflectance Factor HCRF measured by ASD Integrating Sphere

Wavelength [nm]	abaxial Reflectance [0 1]	adaxial Reflectance [0 1]	adaxial Transmittance [0 1]
370	0.021877	0.022752	0.0049003
371	0.029292	0.030102	0.005134
372	0.035964	0.036523	0.004327
373	0.04255	0.042844	0.0048018
374	0.04838	0.048325	0.0059328
375	0.052719	0.05223	0.0069891
376	0.054716	0.054007	0.0070667
377	0.054693	0.05383	0.0076517
378	0.051924	0.050878	0.0081079
379	0.052329	0.05115	0.0088104
380	0.052018	0.05119	0.0082614
381	0.051757	0.05133	0.0079375
382	0.051751	0.051643	0.0079529
383	0.052176	0.052197	0.0084432
384	0.051747	0.051958	0.0072841
385	0.050875	0.051174	0.0053664
386	0.050061	0.050212	0.0034575
387	0.050637	0.050745	0.0044393
388	0.051312	0.051332	0.0055731
389	0.051299	0.051201	0.0052537
390	0.051868	0.051879	0.0060408
391	0.052877	0.052883	0.0076253
392	0.05322	0.05308	0.0077802
393	0.053407	0.053052	0.0076445
394	0.053792	0.053284	0.0080043
395	0.053955	0.05336	0.0078339
396	0.054031	0.05343	0.0075641
397	0.054045	0.053563	0.007459
398	0.054193	0.0539	0.0077039
399	0.054715	0.054573	0.0083906
400	0.054791	0.054704	0.0079696
401	0.05492	0.055032	0.0077677
402	0.05458	0.054871	0.0066364
403	0.054139	0.054475	0.0052146
404	0.054443	0.054806	0.0051979
405	0.054248	0.054563	0.0041172
406	0.053861	0.054104	0.0026407
407	0.054266	0.054418	0.0026485
408	0.054354	0.054406	0.0018879
409	0.054299	0.054289	0.00099566
410	0.054538	0.054529	0.0008663
411	0.054956	0.055019	0.0012928
412	0.055728	0.055861	0.0023517
413	0.056549	0.056765	0.0034994
414	0.056718	0.056992	0.0034502
415	0.057002	0.057347	0.0035696
416	0.057513	0.057884	0.0040492
417	0.058025	0.058335	0.0043973
418	0.058479	0.058709	0.0045806
419	0.058959	0.05912	0.0048476
420	0.059419	0.059538	0.0051339
421	0.060004	0.060079	0.0056261
422	0.060353	0.060414	0.0057147
423	0.060685	0.060755	0.0058406
424	0.061118	0.061186	0.0061168
425	0.061448	0.061511	0.006287
426	0.061712	0.06179	0.0064245
427	0.062048	0.062129	0.0067213
428	0.062419	0.062471	0.00709
429	0.06281	0.062828	0.0075692
430	0.063088	0.063048	0.0078862
431	0.063226	0.063146	0.0079731
432	0.063538	0.063429	0.0084816
433	0.063891	0.063759	0.0091488
434	0.064178	0.064023	0.0096967
435	0.064417	0.064245	0.010119
436	0.064691	0.064509	0.01063
437	0.064969	0.064771	0.011198
438	0.0652	0.064956	0.01161
439	0.065428	0.06513	0.011969
440	0.065582	0.065252	0.01219
441	0.065713	0.065351	0.012376
442	0.065787	0.065426	0.012532
443	0.065834	0.065498	0.012682
444	0.065792	0.065476	0.012638
445	0.065801	0.065526	0.012686
446	0.065863	0.065624	0.012839
447	0.066009	0.065795	0.013155
448	0.066193	0.065991	0.013544
449	0.066345	0.066152	0.013888
450	0.066484	0.066296	0.01419
451	0.06664	0.066459	0.014561
452	0.066901	0.066721	0.015123
453	0.067173	0.066994	0.015708
454	0.067301	0.067155	0.016066
455	0.067338	0.067231	0.016293
456	0.067353	0.067291	0.016503
457	0.067455	0.067432	0.016871
458	0.067491	0.067479	0.017062
459	0.067492	0.067465	0.017156
460	0.067545	0.067493	0.017332
461	0.067594	0.067534	0.017525
462	0.067566	0.067505	0.017607
463	0.067553	0.067488	0.017711
464	0.067518	0.067457	0.017793
465	0.067502	0.067453	0.017944
466	0.067524	0.067477	0.018132
467	0.067631	0.06757	0.01846
468	0.067698	0.067632	0.01873
469	0.067709	0.06764	0.018923
470	0.06765	0.067586	0.018979
471	0.067673	0.067603	0.019157
472	0.067675	0.067587	0.019254
473	0.067673	0.067572	0.019332
474	0.067645	0.067547	0.01939
475	0.067604	0.06752	0.019446
476	0.067662	0.067583	0.019665
477	0.067723	0.067664	0.019909
478	0.067682	0.06765	0.01999
479	0.067619	0.067604	0.019999
480	0.067615	0.067625	0.02008
481	0.067652	0.067678	0.020261
482	0.067615	0.067649	0.020318
483	0.067513	0.067571	0.020244
484	0.067454	0.067523	0.020221
485	0.067509	0.067572	0.020403
486	0.067541	0.067608	0.020555
487	0.067598	0.067671	0.020757
488	0.067623	0.067703	0.020909
489	0.067693	0.06778	0.021134
490	0.067916	0.067998	0.021629
491	0.068081	0.068166	0.02203
492	0.068188	0.068265	0.02231
493	0.068309	0.068381	0.022608
494	0.068504	0.068585	0.023028
495	0.068741	0.068819	0.023541
496	0.069036	0.069105	0.024171
497	0.06935	0.069408	0.024832
498	0.069725	0.069761	0.025628
499	0.070109	0.070151	0.026477
500	0.070495	0.070549	0.027326
501	0.070972	0.071028	0.028338
502	0.071457	0.071518	0.029396
503	0.072004	0.072075	0.030611
504	0.072676	0.072743	0.032088
505	0.073323	0.073389	0.033559
506	0.073953	0.074028	0.03505
507	0.074657	0.07474	0.036723
508	0.075448	0.075537	0.038602
509	0.076326	0.07642	0.040698
510	0.077228	0.077318	0.042908
511	0.07815	0.078239	0.045208
512	0.079159	0.079266	0.047732
513	0.080288	0.080413	0.050523
514	0.081481	0.081603	0.053466
515	0.082727	0.082844	0.056582
516	0.084066	0.084184	0.059945
517	0.085544	0.085665	0.063628
518	0.087106	0.087224	0.067514
519	0.088662	0.088776	0.071442
520	0.090274	0.090379	0.075509
521	0.091976	0.092062	0.079764
522	0.093728	0.093801	0.084131
523	0.095501	0.095554	0.088531
524	0.097261	0.097284	0.092887
525	0.09904	0.099037	0.097244
526	0.10081	0.10079	0.10156
527	0.10256	0.10251	0.10576
528	0.10422	0.10415	0.10977
529	0.10583	0.10575	0.11362
530	0.10739	0.10732	0.11733
531	0.1089	0.10882	0.12086
532	0.11028	0.11021	0.12413
533	0.11152	0.11146	0.12711
534	0.11272	0.11266	0.12995
535	0.11379	0.11375	0.13253
536	0.11474	0.1147	0.13482
537	0.11558	0.11554	0.13686
538	0.1163	0.11628	0.1387
539	0.11691	0.11691	0.14031
540	0.11741	0.11744	0.14171
541	0.11783	0.11789	0.14295
542	0.11822	0.11832	0.14411
543	0.11858	0.11872	0.14519
544	0.11892	0.11909	0.14621
545	0.11926	0.11949	0.14724
546	0.11958	0.11986	0.14822
547	0.1199	0.12022	0.14918
548	0.12022	0.12058	0.15012
549	0.12054	0.12094	0.15104
550	0.12085	0.12128	0.15191
551	0.12112	0.12159	0.15271
552	0.12133	0.12184	0.15341
553	0.12146	0.12202	0.15395
554	0.12151	0.12211	0.15433
555	0.1215	0.12214	0.15458
556	0.12138	0.12207	0.15463
557	0.12115	0.12187	0.15444
558	0.12082	0.12158	0.15407
559	0.12039	0.12119	0.15347
560	0.11982	0.12066	0.15259
561	0.11916	0.12003	0.15152
562	0.11845	0.11934	0.1503
563	0.11769	0.11859	0.14893
564	0.11685	0.11777	0.1474
565	0.11593	0.11686	0.14568
566	0.11493	0.11587	0.14379
567	0.11388	0.11482	0.14175
568	0.11277	0.11371	0.13956
569	0.11161	0.11256	0.13725
570	0.1104	0.11135	0.1348
571	0.10916	0.1101	0.13227
572	0.10789	0.10882	0.12965
573	0.10659	0.10752	0.12696
574	0.10532	0.10623	0.12427
575	0.10409	0.10499	0.12164
576	0.10293	0.10381	0.11914
577	0.10183	0.1027	0.11675
578	0.10076	0.10164	0.11445
579	0.099732	0.10061	0.11223
580	0.098771	0.099644	0.11015
581	0.097908	0.098778	0.10825
582	0.097083	0.097943	0.10643
583	0.0963	0.097151	0.10472
584	0.095565	0.09641	0.10312
585	0.094874	0.095716	0.10163
586	0.094227	0.095061	0.10023
587	0.093639	0.094461	0.098945
588	0.09305	0.093866	0.097698
589	0.092516	0.093323	0.096575
590	0.092057	0.09286	0.095599
591	0.091656	0.092458	0.09474
592	0.091282	0.092086	0.093962
593	0.090946	0.091753	0.093285
594	0.090676	0.091489	0.09274
595	0.090463	0.091276	0.092307
596	0.090244	0.091049	0.091883
597	0.090045	0.090843	0.091509
598	0.089834	0.09064	0.091146
599	0.089625	0.090439	0.090779
600	0.089425	0.090237	0.090414
601	0.089183	0.089994	0.089979
602	0.088891	0.089704	0.089446
603	0.088629	0.089438	0.088932
604	0.088373	0.089174	0.088393
605	0.088097	0.088896	0.087793
606	0.087784	0.088579	0.087106
607	0.087426	0.088213	0.086306
608	0.087036	0.087815	0.085429
609	0.086623	0.087386	0.084488
610	0.086203	0.086946	0.083492
611	0.085734	0.086461	0.082386
612	0.085222	0.085943	0.081196
613	0.084723	0.085433	0.079999
614	0.084219	0.084918	0.078781
615	0.083693	0.084384	0.077529
616	0.083186	0.083867	0.076306
617	0.082712	0.083383	0.075133
618	0.082249	0.082915	0.073995
619	0.081804	0.08247	0.072911
620	0.08139	0.082057	0.071892
621	0.080968	0.081637	0.070898
622	0.080576	0.081249	0.070001
623	0.080247	0.080921	0.069231
624	0.079974	0.080643	0.068572
625	0.079724	0.080387	0.067984
626	0.079521	0.080175	0.067509
627	0.07935	0.079994	0.067119
628	0.079183	0.079823	0.066774
629	0.079034	0.079673	0.066488
630	0.078945	0.079578	0.066316
631	0.07889	0.079519	0.066224
632	0.078819	0.079451	0.066133
633	0.078717	0.079352	0.065989
634	0.078594	0.079231	0.065794
635	0.078408	0.079049	0.065484
636	0.078183	0.078829	0.065081
637	0.077925	0.078564	0.064577
638	0.077622	0.078248	0.06395
639	0.077269	0.077882	0.063193
640	0.076834	0.077435	0.062245
641	0.076346	0.076934	0.061152
642	0.075829	0.076403	0.059963
643	0.075302	0.07586	0.058722
644	0.074787	0.075328	0.057466
645	0.074242	0.074775	0.056151
646	0.073661	0.074185	0.054766
647	0.073082	0.073591	0.053367
648	0.072537	0.073027	0.052023
649	0.072015	0.072486	0.05073
650	0.071543	0.071997	0.04954
651	0.071119	0.071548	0.048453
652	0.070737	0.071142	0.04746
653	0.070406	0.070793	0.046564
654	0.070086	0.070455	0.045694
655	0.069809	0.070154	0.044896
656	0.069582	0.069903	0.044185
657	0.069349	0.069653	0.043461
658	0.069101	0.069392	0.042688
659	0.068842	0.069112	0.041859
660	0.068542	0.068788	0.040928
661	0.068214	0.06843	0.039907
662	0.067846	0.068024	0.038784
663	0.06746	0.067596	0.037599
664	0.067077	0.067173	0.036405
665	0.066686	0.066738	0.035196
666	0.066281	0.066282	0.033954
667	0.065908	0.065861	0.032756
668	0.06557	0.065468	0.031614
669	0.065295	0.06513	0.030577
670	0.065105	0.064875	0.029689
671	0.064963	0.064668	0.028886
672	0.064889	0.064517	0.028185
673	0.064882	0.064432	0.027594
674	0.064913	0.064383	0.027069
675	0.064996	0.064366	0.026613
676	0.065165	0.064429	0.026268
677	0.065388	0.064543	0.025988
678	0.06564	0.064685	0.025749
679	0.065937	0.064868	0.025577
680	0.066269	0.065083	0.025455
681	0.066669	0.065372	0.025465
682	0.067131	0.065727	0.025608
683	0.06769	0.066185	0.025964
684	0.068348	0.066754	0.026584
685	0.069089	0.067416	0.027484
686	0.069914	0.068183	0.028693
687	0.070841	0.069081	0.030303
688	0.071893	0.07012	0.03239
689	0.07308	0.071312	0.034994
690	0.07445	0.072717	0.038241
691	0.075997	0.074328	0.04218
692	0.077771	0.076183	0.046909
693	0.079831	0.078339	0.052523
694	0.082211	0.080828	0.059066
695	0.084947	0.083683	0.066577
696	0.088071	0.086925	0.075038
697	0.091646	0.090616	0.08448
698	0.095669	0.094752	0.094818
699	0.10015	0.099347	0.10598
700	0.10508	0.10439	0.11782
701	0.11042	0.10984	0.13022
702	0.11613	0.11567	0.14302
703	0.12215	0.12181	0.15606
704	0.12844	0.12824	0.16926
705	0.13492	0.13487	0.18247
706	0.14153	0.14162	0.19553
707	0.14823	0.14847	0.2084
708	0.155	0.15538	0.22105
709	0.16177	0.16229	0.2334
710	0.16854	0.16919	0.24545
711	0.17533	0.17609	0.25725
712	0.18209	0.18297	0.26877
713	0.18887	0.18984	0.28008
714	0.19565	0.19671	0.29116
715	0.20242	0.20356	0.30204
716	0.20919	0.21041	0.31272
717	0.21596	0.21726	0.32323
718	0.22272	0.22409	0.33357
719	0.22946	0.2309	0.34372
720	0.23617	0.23767	0.35368
721	0.24285	0.2444	0.36345
722	0.24948	0.25109	0.37303
723	0.25604	0.25769	0.38239
724	0.26253	0.26422	0.39155
725	0.26893	0.27065	0.40047
726	0.2752	0.27695	0.40913
727	0.28136	0.28313	0.41754
728	0.28738	0.28916	0.42568
729	0.29323	0.29503	0.43354
730	0.29891	0.30071	0.44108
731	0.30441	0.30622	0.44831
732	0.30974	0.31154	0.45526
733	0.31487	0.31666	0.46191
734	0.31979	0.32156	0.46821
735	0.32449	0.32625	0.4742
736	0.32897	0.33072	0.47987
737	0.33323	0.33495	0.48522
738	0.33726	0.33897	0.49025
739	0.34107	0.34277	0.49499
740	0.34465	0.34634	0.49944
741	0.34801	0.3497	0.5036
742	0.35114	0.35284	0.50748
743	0.35406	0.35578	0.51111
744	0.35675	0.3585	0.51446
745	0.35923	0.36102	0.51756
746	0.36154	0.36337	0.52045
747	0.36365	0.36552	0.5231
748	0.36556	0.3675	0.52554
749	0.36731	0.36931	0.52778
750	0.36888	0.37096	0.52982
751	0.37029	0.37245	0.53165
752	0.37155	0.3738	0.5333
753	0.37268	0.37501	0.5348
754	0.37368	0.3761	0.53614
755	0.37457	0.37708	0.53735
756	0.37536	0.37796	0.53843
757	0.37604	0.37874	0.53939
758	0.37664	0.37943	0.54025
759	0.37717	0.38005	0.54103
760	0.37765	0.38061	0.54174
761	0.37806	0.38111	0.54238
762	0.37841	0.38154	0.54294
763	0.37871	0.38193	0.54344
764	0.37897	0.38226	0.54386
765	0.37918	0.38254	0.54422
766	0.37935	0.38279	0.54455
767	0.37948	0.383	0.54483
768	0.37958	0.38317	0.54506
769	0.37966	0.38331	0.54526
770	0.3797	0.38343	0.54542
771	0.37971	0.38352	0.54556
772	0.37974	0.38361	0.5457
773	0.37975	0.3837	0.54583
774	0.37975	0.38377	0.54593
775	0.37974	0.38381	0.546
776	0.37972	0.38385	0.54607
777	0.37971	0.38389	0.54614
778	0.37971	0.38392	0.5462
779	0.3797	0.38395	0.54627
780	0.37968	0.38398	0.54634
781	0.37968	0.38402	0.5464
782	0.37967	0.38406	0.54647
783	0.37967	0.3841	0.54654
784	0.37968	0.38415	0.54661
785	0.37969	0.38418	0.54668
786	0.37971	0.38424	0.54677
787	0.37974	0.3843	0.54687
788	0.37977	0.38435	0.54696
789	0.37981	0.38439	0.54703
790	0.37986	0.38445	0.54712
791	0.37993	0.38453	0.54723
792	0.37997	0.38458	0.54731
793	0.38001	0.38463	0.5474
794	0.38008	0.3847	0.54751
795	0.38013	0.38478	0.54762
796	0.38019	0.38485	0.54772
797	0.38024	0.38493	0.54783
798	0.3803	0.385	0.54795
799	0.38035	0.38507	0.54806
800	0.3804	0.38514	0.54819
801	0.38046	0.38522	0.54832
802	0.38054	0.38531	0.54845
803	0.38062	0.38541	0.54856
804	0.38072	0.38551	0.54868
805	0.3808	0.38561	0.5488
806	0.38087	0.38568	0.54889
807	0.38095	0.38576	0.54899
808	0.38103	0.38584	0.54908
809	0.38109	0.38591	0.54918
810	0.38116	0.38597	0.54928
811	0.38123	0.38604	0.54937
812	0.38129	0.38612	0.54945
813	0.38135	0.38619	0.54955
814	0.38142	0.38627	0.54965
815	0.38148	0.38635	0.54974
816	0.38157	0.38645	0.54983
817	0.38166	0.38656	0.54994
818	0.38176	0.38666	0.55005
819	0.38186	0.38677	0.55017
820	0.38196	0.38688	0.55028
821	0.38204	0.38697	0.55037
822	0.38212	0.38707	0.55044
823	0.38222	0.38716	0.55056
824	0.38232	0.38726	0.55066
825	0.38241	0.38735	0.55075
826	0.3825	0.38745	0.55084
827	0.38257	0.38754	0.55091
828	0.38263	0.38762	0.55096
829	0.3827	0.3877	0.55101
830	0.38278	0.38779	0.55108
831	0.38286	0.38789	0.55115
832	0.38294	0.38798	0.55122
833	0.38301	0.38807	0.55127
834	0.38308	0.38815	0.55132
835	0.38314	0.38822	0.55137
836	0.38322	0.38831	0.55144
837	0.38331	0.3884	0.55153
838	0.38338	0.38849	0.55161
839	0.38345	0.38856	0.55166
840	0.38351	0.38863	0.55172
841	0.38357	0.3887	0.55176
842	0.38362	0.38877	0.5518
843	0.38368	0.38884	0.55185
844	0.38375	0.38892	0.5519
845	0.38383	0.38902	0.55195
846	0.38391	0.38911	0.552
847	0.38398	0.38919	0.55203
848	0.38405	0.38928	0.55205
849	0.38412	0.38936	0.55209
850	0.38418	0.38944	0.55212
851	0.38422	0.3895	0.55215
852	0.38426	0.38956	0.55217
853	0.38432	0.38964	0.55221
854	0.38437	0.3897	0.55225
855	0.38439	0.38973	0.55227
856	0.38439	0.38974	0.55228
857	0.38441	0.38977	0.5523
858	0.38445	0.38982	0.55234
859	0.3845	0.38988	0.55239
860	0.38455	0.38994	0.55244
861	0.3846	0.38998	0.55247
862	0.38462	0.39002	0.5525
863	0.38464	0.39005	0.55248
864	0.38466	0.39008	0.55247
865	0.38468	0.39012	0.55246
866	0.38473	0.39017	0.55246
867	0.38476	0.39022	0.55244
868	0.38475	0.39022	0.55238
869	0.38473	0.39022	0.55233
870	0.38474	0.39023	0.55229
871	0.3848	0.39029	0.55232
872	0.38483	0.39033	0.55234
873	0.38485	0.39035	0.55233
874	0.38486	0.39036	0.55233
875	0.38489	0.39039	0.55236
876	0.38492	0.39043	0.55237
877	0.38492	0.39045	0.55235
878	0.38495	0.39049	0.55235
879	0.38499	0.39054	0.55233
880	0.385	0.39056	0.55228
881	0.38497	0.39055	0.55218
882	0.38496	0.39055	0.55212
883	0.38497	0.39057	0.55208
884	0.385	0.3906	0.55205
885	0.38502	0.39062	0.55203
886	0.38502	0.39061	0.55198
887	0.38503	0.3906	0.55192
888	0.38505	0.39061	0.55188
889	0.3851	0.39066	0.5519
890	0.38513	0.39069	0.55191
891	0.38514	0.39073	0.5519
892	0.38517	0.39076	0.55186
893	0.3852	0.3908	0.55183
894	0.38523	0.39085	0.55179
895	0.38528	0.3909	0.55175
896	0.38532	0.39095	0.55173
897	0.38533	0.39097	0.55168
898	0.38532	0.39096	0.55158
899	0.38532	0.39094	0.55152
900	0.38533	0.39094	0.55148
901	0.38534	0.39094	0.55144
902	0.38534	0.39095	0.55138
903	0.38536	0.39098	0.55134
904	0.38536	0.39101	0.5513
905	0.38535	0.39102	0.55125
906	0.38532	0.391	0.55115
907	0.38533	0.39102	0.55111
908	0.38537	0.39105	0.55109
909	0.3854	0.39108	0.55104
910	0.38543	0.3911	0.551
911	0.38546	0.39112	0.55096
912	0.38548	0.39114	0.55094
913	0.38549	0.39113	0.55092
914	0.38549	0.39112	0.55086
915	0.3855	0.39113	0.55077
916	0.38552	0.39116	0.55069
917	0.38555	0.3912	0.55065
918	0.38557	0.39123	0.55064
919	0.38561	0.39128	0.55064
920	0.38564	0.39133	0.55061
921	0.38564	0.39133	0.55057
922	0.38561	0.39131	0.55051
923	0.38558	0.39128	0.55045
924	0.38555	0.39127	0.55039
925	0.38552	0.39122	0.55031
926	0.38546	0.39113	0.55019
927	0.38538	0.39102	0.55003
928	0.38533	0.39096	0.54992
929	0.38531	0.39095	0.54981
930	0.38531	0.39096	0.54972
931	0.38531	0.39097	0.54969
932	0.38539	0.39104	0.54973
933	0.38546	0.39112	0.54975
934	0.38548	0.39115	0.5497
935	0.38541	0.39109	0.54961
936	0.38532	0.39099	0.54947
937	0.38521	0.39088	0.54931
938	0.3851	0.39076	0.54913
939	0.38498	0.3906	0.54893
940	0.38483	0.39043	0.5487
941	0.38468	0.39026	0.54848
942	0.38454	0.39012	0.54828
943	0.3844	0.38998	0.54806
944	0.38428	0.38987	0.54784
945	0.38418	0.38977	0.54766
946	0.38411	0.3897	0.5475
947	0.38398	0.38957	0.54729
948	0.38382	0.38942	0.54702
949	0.38366	0.38925	0.54673
950	0.38347	0.38904	0.54646
951	0.38328	0.38884	0.54613
952	0.38307	0.38862	0.54579
953	0.38282	0.38836	0.54545
954	0.38257	0.3881	0.54508
955	0.38235	0.38786	0.54474
956	0.38218	0.38766	0.54443
957	0.38202	0.38748	0.54414
958	0.38187	0.3873	0.54389
959	0.3817	0.3871	0.54362
960	0.38151	0.38691	0.54334
961	0.38134	0.38677	0.54311
962	0.38115	0.38661	0.54282
963	0.38096	0.38643	0.54255
964	0.38078	0.38623	0.5423
965	0.38055	0.386	0.54193
966	0.38042	0.38587	0.54173
967	0.38038	0.38582	0.54165
968	0.38039	0.38583	0.54158
969	0.38042	0.38585	0.54154
970	0.38049	0.38588	0.54154
971	0.38058	0.38593	0.54159
972	0.38065	0.38599	0.5417
973	0.38073	0.38605	0.54177
974	0.38074	0.38607	0.54174
975	0.38071	0.38607	0.54168
976	0.38067	0.38602	0.54163
977	0.38064	0.38599	0.54157
978	0.38055	0.38592	0.54142
979	0.38043	0.38581	0.54123
980	0.38043	0.3858	0.54125
981	0.38049	0.38588	0.54135
982	0.38054	0.38598	0.54148
983	0.38057	0.38606	0.5416
984	0.38064	0.38614	0.5417
985	0.38069	0.38621	0.54182
986	0.38078	0.38632	0.54195
987	0.38094	0.38644	0.54209
988	0.38108	0.38655	0.54222
989	0.38128	0.38672	0.54244
990	0.38156	0.38698	0.54273
991	0.38183	0.38725	0.5429
992	0.38202	0.38744	0.54292
993	0.38227	0.38769	0.54306
994	0.38256	0.388	0.54335
995	0.38288	0.38836	0.54366
996	0.38374	0.38932	0.54464
997	0.38405	0.38972	0.54504
998	0.38393	0.38962	0.54492
999	0.38337	0.38908	0.54437
1000	0.38253	0.38819	0.54349
1001	0.38147	0.38711	0.54243
1002	0.3803	0.38596	0.54127
1003	0.37914	0.38478	0.54005
1004	0.37804	0.38362	0.53883
1005	0.37707	0.38257	0.53763
1006	0.37629	0.38172	0.53661
1007	0.37583	0.3812	0.53601
1008	0.37567	0.38098	0.53582
1009	0.37585	0.38114	0.53604
1010	0.37649	0.38183	0.53683
1011	0.37656	0.38193	0.53701
1012	0.37666	0.38204	0.53716
1013	0.3767	0.38211	0.53722
1014	0.37672	0.38216	0.53725
1015	0.37678	0.38226	0.53732
1016	0.37691	0.3824	0.53744
1017	0.37711	0.38252	0.53763
1018	0.37738	0.38264	0.53781
1019	0.37767	0.38277	0.53794
1020	0.37792	0.38287	0.53805
1021	0.3781	0.38291	0.53812
1022	0.37821	0.38295	0.53806
1023	0.37825	0.38302	0.53791
1024	0.37831	0.38316	0.53779
1025	0.37841	0.38339	0.53775
1026	0.37853	0.38364	0.53773
1027	0.3786	0.38387	0.53773
1028	0.37865	0.38407	0.53781
1029	0.37872	0.38424	0.538
1030	0.37881	0.38437	0.53826
1031	0.37891	0.38441	0.53853
1032	0.37898	0.38437	0.5388
1033	0.37901	0.38428	0.53904
1034	0.37898	0.38415	0.53916
1035	0.3789	0.38404	0.53921
1036	0.37883	0.38398	0.53922
1037	0.37878	0.38393	0.5392
1038	0.37875	0.38391	0.53912
1039	0.37875	0.38393	0.53902
1040	0.3788	0.38402	0.53894
1041	0.37891	0.38419	0.53893
1042	0.37908	0.38443	0.53898
1043	0.37933	0.38469	0.53903
1044	0.37959	0.38492	0.53903
1045	0.37976	0.38505	0.53903
1046	0.37985	0.38514	0.53907
1047	0.37992	0.38525	0.5391
1048	0.37996	0.38538	0.53913
1049	0.37996	0.38546	0.53924
1050	0.37994	0.38547	0.53941
1051	0.37988	0.38542	0.53956
1052	0.37977	0.38539	0.53961
1053	0.37968	0.38541	0.53969
1054	0.37966	0.38548	0.53992
1055	0.37971	0.3856	0.54025
1056	0.37976	0.3857	0.54056
1057	0.3798	0.38575	0.54078
1058	0.37979	0.38573	0.5409
1059	0.37973	0.38566	0.54092
1060	0.37964	0.38558	0.54083
1061	0.37959	0.38553	0.54066
1062	0.37962	0.38551	0.54051
1063	0.3797	0.38549	0.54037
1064	0.37983	0.38547	0.54024
1065	0.38001	0.38553	0.5401
1066	0.38022	0.38566	0.53995
1067	0.38045	0.38579	0.53986
1068	0.3807	0.38592	0.53988
1069	0.3809	0.38602	0.53998
1070	0.38101	0.38608	0.54012
1071	0.38106	0.3861	0.54023
1072	0.38107	0.38607	0.54029
1073	0.38105	0.38607	0.54031
1074	0.38097	0.38607	0.5403
1075	0.38086	0.38604	0.54027
1076	0.38073	0.38597	0.54023
1077	0.38059	0.38589	0.54018
1078	0.38045	0.38582	0.54016
1079	0.38035	0.38579	0.54014
1080	0.38025	0.38579	0.5401
1081	0.38016	0.38578	0.54006
1082	0.38006	0.38574	0.54003
1083	0.37994	0.38569	0.54005
1084	0.37985	0.38563	0.54011
1085	0.37981	0.38561	0.54018
1086	0.37982	0.38562	0.54026
1087	0.37987	0.38567	0.54036
1088	0.3799	0.38574	0.54042
1089	0.37989	0.38577	0.54042
1090	0.37983	0.38578	0.54031
1091	0.37976	0.38577	0.54014
1092	0.37968	0.38572	0.53995
1093	0.37962	0.38566	0.53975
1094	0.37961	0.38563	0.53959
1095	0.37962	0.3856	0.53946
1096	0.3796	0.38552	0.5393
1097	0.37958	0.38539	0.53916
1098	0.37958	0.38527	0.53906
1099	0.37957	0.38517	0.53898
1100	0.37956	0.38508	0.53896
1101	0.37956	0.38502	0.53898
1102	0.37954	0.38499	0.53902
1103	0.37944	0.38493	0.53901
1104	0.37929	0.38485	0.53894
1105	0.3791	0.38471	0.53888
1106	0.37889	0.38455	0.53882
1107	0.37872	0.3844	0.5387
1108	0.3786	0.38428	0.53858
1109	0.37849	0.38419	0.53847
1110	0.37837	0.38408	0.53832
1111	0.37826	0.38397	0.53813
1112	0.37817	0.38387	0.53793
1113	0.37812	0.3838	0.53775
1114	0.37811	0.38376	0.53762
1115	0.37812	0.38372	0.53754
1116	0.37807	0.38365	0.53746
1117	0.37795	0.38357	0.5374
1118	0.37777	0.38345	0.53735
1119	0.37754	0.3833	0.5373
1120	0.37726	0.38313	0.5372
1121	0.37698	0.38294	0.53702
1122	0.37674	0.38276	0.53683
1123	0.37652	0.38259	0.53664
1124	0.37632	0.38239	0.53642
1125	0.37612	0.38215	0.53612
1126	0.37592	0.38186	0.53577
1127	0.37571	0.38155	0.53537
1128	0.37549	0.38124	0.5349
1129	0.37524	0.38091	0.53439
1130	0.37494	0.38056	0.53388
1131	0.37458	0.38017	0.53337
1132	0.37418	0.37976	0.53287
1133	0.37374	0.37932	0.53233
1134	0.37325	0.37885	0.53177
1135	0.37273	0.37833	0.53118
1136	0.37223	0.37779	0.53058
1137	0.37175	0.37725	0.52999
1138	0.37126	0.37669	0.52937
1139	0.37072	0.37608	0.52869
1140	0.37015	0.37542	0.52794
1141	0.36955	0.37475	0.52714
1142	0.36894	0.3741	0.5263
1143	0.3683	0.37343	0.52546
1144	0.36764	0.37271	0.52463
1145	0.36695	0.37198	0.52374
1146	0.36625	0.37124	0.52278
1147	0.36552	0.37048	0.52182
1148	0.36475	0.36969	0.52091
1149	0.36396	0.3689	0.52006
1150	0.36319	0.36815	0.51924
1151	0.36248	0.36747	0.51849
1152	0.36184	0.36683	0.51774
1153	0.36125	0.36625	0.517
1154	0.3607	0.36571	0.51634
1155	0.36022	0.36522	0.51575
1156	0.35976	0.36476	0.51519
1157	0.35934	0.36433	0.51466
1158	0.35894	0.3639	0.51415
1159	0.35858	0.36349	0.51365
1160	0.35829	0.36315	0.51321
1161	0.35803	0.36284	0.51287
1162	0.3578	0.36258	0.5126
1163	0.35761	0.36237	0.51238
1164	0.35743	0.36219	0.51218
1165	0.35729	0.36205	0.51199
1166	0.35716	0.36194	0.51182
1167	0.35701	0.36184	0.51173
1168	0.35684	0.36174	0.5117
1169	0.35666	0.36163	0.51168
1170	0.35647	0.3615	0.51162
1171	0.35625	0.36132	0.51156
1172	0.35602	0.3611	0.5115
1173	0.35585	0.36092	0.5114
1174	0.35573	0.36078	0.51126
1175	0.35565	0.36067	0.51112
1176	0.35561	0.36058	0.51098
1177	0.35558	0.36052	0.51084
1178	0.35554	0.3605	0.51069
1179	0.35551	0.36047	0.51056
1180	0.35547	0.36042	0.51048
1181	0.3554	0.36034	0.5104
1182	0.35531	0.36021	0.51032
1183	0.3552	0.36006	0.51026
1184	0.35507	0.35988	0.51023
1185	0.35492	0.35971	0.5102
1186	0.3548	0.35958	0.51014
1187	0.35472	0.35949	0.51006
1188	0.35466	0.35943	0.51
1189	0.35461	0.35937	0.50998
1190	0.35458	0.35935	0.51001
1191	0.35455	0.35936	0.51005
1192	0.35451	0.35935	0.51004
1193	0.35448	0.35931	0.50998
1194	0.35442	0.35923	0.5099
1195	0.35434	0.35912	0.5098
1196	0.35425	0.35901	0.50973
1197	0.35418	0.35894	0.50971
1198	0.35412	0.35888	0.50969
1199	0.35407	0.35884	0.50963
1200	0.35406	0.35884	0.50957
1201	0.35408	0.35886	0.50957
1202	0.35412	0.35892	0.50962
1203	0.35419	0.359	0.50974
1204	0.35426	0.35912	0.50987
1205	0.35429	0.35923	0.5099
1206	0.35429	0.35933	0.50987
1207	0.35429	0.35937	0.50986
1208	0.35428	0.35937	0.50988
1209	0.35427	0.35936	0.50995
1210	0.35427	0.35934	0.51004
1211	0.35426	0.3593	0.51012
1212	0.35426	0.35927	0.51016
1213	0.35433	0.35929	0.51024
1214	0.35446	0.35938	0.51037
1215	0.35462	0.35949	0.51054
1216	0.3548	0.35963	0.51074
1217	0.35501	0.35982	0.51095
1218	0.35524	0.36003	0.51113
1219	0.35544	0.36023	0.51125
1220	0.3556	0.3604	0.51137
1221	0.35574	0.36053	0.51152
1222	0.35587	0.36066	0.51171
1223	0.35597	0.36079	0.51193
1224	0.35604	0.36092	0.51215
1225	0.35611	0.36106	0.51236
1226	0.35618	0.3612	0.51256
1227	0.35629	0.36138	0.51276
1228	0.35642	0.36157	0.51296
1229	0.35655	0.36174	0.51314
1230	0.35668	0.36188	0.51332
1231	0.35684	0.36201	0.5135
1232	0.35697	0.36211	0.51363
1233	0.35707	0.36217	0.51371
1234	0.35715	0.36221	0.51375
1235	0.35724	0.36225	0.51379
1236	0.35732	0.3623	0.5139
1237	0.3574	0.36237	0.51404
1238	0.35746	0.36242	0.5142
1239	0.35751	0.36246	0.51437
1240	0.35756	0.36253	0.51452
1241	0.35762	0.36266	0.51466
1242	0.35772	0.36283	0.51481
1243	0.35784	0.36301	0.51496
1244	0.35795	0.36317	0.51512
1245	0.35805	0.36332	0.51528
1246	0.35814	0.36345	0.5154
1247	0.35822	0.36355	0.51546
1248	0.35829	0.36364	0.51547
1249	0.35837	0.36373	0.5155
1250	0.35847	0.36382	0.51558
1251	0.35855	0.36389	0.51567
1252	0.35861	0.36393	0.51577
1253	0.3587	0.364	0.5159
1254	0.35879	0.3641	0.51602
1255	0.35888	0.3642	0.51614
1256	0.35899	0.36428	0.51625
1257	0.35911	0.36436	0.51639
1258	0.35922	0.36441	0.51654
1259	0.35929	0.36444	0.51668
1260	0.35931	0.36444	0.51676
1261	0.35928	0.36439	0.5168
1262	0.35923	0.36432	0.51683
1263	0.35919	0.36427	0.51687
1264	0.35914	0.36424	0.51692
1265	0.3591	0.36423	0.51696
1266	0.35905	0.36422	0.51698
1267	0.35901	0.36422	0.51697
1268	0.35893	0.36417	0.5169
1269	0.35884	0.36408	0.51678
1270	0.35876	0.36397	0.51666
1271	0.3587	0.36386	0.51654
1272	0.35865	0.36377	0.51641
1273	0.35859	0.3637	0.5163
1274	0.35858	0.36363	0.51626
1275	0.3586	0.36357	0.51625
1276	0.35862	0.36356	0.51626
1277	0.35866	0.36361	0.51629
1278	0.35871	0.3637	0.51637
1279	0.35874	0.36377	0.51643
1280	0.35871	0.3638	0.51645
1281	0.35863	0.36377	0.51641
1282	0.35846	0.36363	0.51628
1283	0.35823	0.3634	0.51607
1284	0.35799	0.36313	0.51582
1285	0.35776	0.36287	0.51556
1286	0.35753	0.36263	0.51533
1287	0.35733	0.3624	0.51518
1288	0.35717	0.36219	0.51509
1289	0.35703	0.36198	0.51498
1290	0.35687	0.36178	0.51482
1291	0.35668	0.36156	0.51462
1292	0.3565	0.36134	0.51445
1293	0.35632	0.36114	0.5143
1294	0.35612	0.36095	0.51413
1295	0.35593	0.36076	0.51394
1296	0.35571	0.36054	0.51369
1297	0.35547	0.36031	0.51344
1298	0.35524	0.36012	0.5132
1299	0.35501	0.35997	0.51297
1300	0.35476	0.35985	0.51276
1301	0.35448	0.35971	0.51254
1302	0.35419	0.35953	0.51227
1303	0.35386	0.35926	0.5119
1304	0.35348	0.35888	0.51143
1305	0.35312	0.35849	0.51091
1306	0.35279	0.3581	0.5104
1307	0.35247	0.35769	0.50994
1308	0.35215	0.35725	0.5095
1309	0.35183	0.35682	0.50903
1310	0.35151	0.35642	0.50852
1311	0.35115	0.35601	0.508
1312	0.35077	0.35558	0.5075
1313	0.35033	0.35515	0.50697
1314	0.34981	0.35468	0.50641
1315	0.34924	0.35418	0.5058
1316	0.34863	0.3536	0.50512
1317	0.34799	0.35297	0.50436
1318	0.34738	0.35237	0.50359
1319	0.34679	0.35179	0.50283
1320	0.34619	0.35115	0.50211
1321	0.34555	0.35044	0.50144
1322	0.34492	0.34973	0.50077
1323	0.3443	0.34904	0.50005
1324	0.34368	0.34836	0.49926
1325	0.34302	0.34763	0.49846
1326	0.34234	0.34689	0.49772
1327	0.34161	0.34614	0.49697
1328	0.34088	0.34541	0.4962
1329	0.34016	0.34469	0.49541
1330	0.33943	0.34394	0.49455
1331	0.3387	0.34321	0.49364
1332	0.33798	0.34249	0.49271
1333	0.33726	0.34174	0.49178
1334	0.33654	0.34097	0.49089
1335	0.33584	0.34021	0.49001
1336	0.33517	0.33947	0.48911
1337	0.33448	0.33874	0.48814
1338	0.33376	0.33799	0.48709
1339	0.33301	0.33723	0.48604
1340	0.33224	0.33648	0.48504
1341	0.33148	0.33571	0.48403
1342	0.33074	0.33495	0.48301
1343	0.33	0.33419	0.48197
1344	0.32924	0.33341	0.48091
1345	0.32848	0.33265	0.47989
1346	0.32773	0.33189	0.47894
1347	0.32696	0.3311	0.47807
1348	0.3262	0.33032	0.47729
1349	0.32547	0.32958	0.47656
1350	0.32477	0.32887	0.47586
1351	0.3241	0.32819	0.4752
1352	0.32345	0.32753	0.47458
1353	0.32277	0.32685	0.47392
1354	0.32209	0.32615	0.47325
1355	0.32144	0.32545	0.47256
1356	0.32082	0.32478	0.47186
1357	0.32022	0.32416	0.47117
1358	0.31963	0.32357	0.47049
1359	0.31902	0.32298	0.46981
1360	0.31839	0.32234	0.46908
1361	0.31769	0.32162	0.46829
1362	0.31695	0.32086	0.46745
1363	0.31617	0.32008	0.46651
1364	0.31535	0.31923	0.4655
1365	0.31447	0.31832	0.4644
1366	0.31349	0.3173	0.46313
1367	0.3124	0.31615	0.46171
1368	0.31123	0.31492	0.46025
1369	0.31002	0.31364	0.45872
1370	0.30877	0.31231	0.45712
1371	0.30745	0.31094	0.45543
1372	0.30606	0.30947	0.45362
1373	0.30459	0.3079	0.45164
1374	0.30305	0.30629	0.44956
1375	0.30138	0.30457	0.44734
1376	0.29958	0.30274	0.44496
1377	0.29761	0.30078	0.44241
1378	0.29551	0.29866	0.43972
1379	0.29322	0.29636	0.43683
1380	0.29076	0.29387	0.4337
1381	0.28811	0.29117	0.43034
1382	0.28532	0.28832	0.4268
1383	0.28236	0.28529	0.42297
1384	0.27926	0.2821	0.4189
1385	0.27598	0.27871	0.41457
1386	0.27253	0.27515	0.40998
1387	0.26896	0.27146	0.40514
1388	0.26524	0.26766	0.40011
1389	0.26134	0.26369	0.39485
1390	0.25733	0.25959	0.38943
1391	0.25323	0.25536	0.38388
1392	0.24907	0.25105	0.37825
1393	0.24488	0.24669	0.37249
1394	0.24066	0.2423	0.36664
1395	0.23641	0.23788	0.3607
1396	0.23215	0.23349	0.35474
1397	0.22788	0.22909	0.34871
1398	0.22363	0.22473	0.34269
1399	0.21941	0.22042	0.33669
1400	0.21524	0.21621	0.33075
1401	0.21116	0.2121	0.32491
1402	0.20715	0.20808	0.31918
1403	0.20318	0.20413	0.31352
1404	0.19936	0.20031	0.30799
1405	0.19569	0.19659	0.30259
1406	0.19219	0.19304	0.29734
1407	0.18892	0.18969	0.29234
1408	0.18582	0.18654	0.28757
1409	0.18287	0.18352	0.28296
1410	0.18005	0.18064	0.27853
1411	0.17734	0.17785	0.27427
1412	0.17475	0.17519	0.27025
1413	0.17229	0.17267	0.26648
1414	0.16999	0.17031	0.26298
1415	0.16785	0.16813	0.25974
1416	0.16582	0.1661	0.25672
1417	0.16386	0.16418	0.25386
1418	0.16204	0.16238	0.2512
1419	0.16039	0.1607	0.24872
1420	0.15893	0.15918	0.24647
1421	0.15763	0.15785	0.24442
1422	0.15644	0.15664	0.24251
1423	0.15531	0.15551	0.24067
1424	0.15425	0.15445	0.23896
1425	0.15324	0.15344	0.23735
1426	0.1523	0.15251	0.23587
1427	0.15142	0.15161	0.23447
1428	0.15059	0.15075	0.23314
1429	0.1498	0.14994	0.2319
1430	0.14901	0.14917	0.23075
1431	0.14825	0.14845	0.22964
1432	0.14757	0.14778	0.22863
1433	0.14697	0.14717	0.22772
1434	0.14646	0.14665	0.22693
1435	0.14599	0.14619	0.22623
1436	0.14558	0.14578	0.2256
1437	0.14522	0.14543	0.22506
1438	0.14488	0.14512	0.22459
1439	0.14457	0.14486	0.22419
1440	0.14428	0.14462	0.22381
1441	0.14404	0.14439	0.22347
1442	0.14384	0.14419	0.22321
1443	0.14367	0.14402	0.22305
1444	0.14351	0.14386	0.22295
1445	0.14336	0.14369	0.22285
1446	0.14319	0.14351	0.22271
1447	0.143	0.14333	0.22257
1448	0.14284	0.14319	0.22246
1449	0.14272	0.14307	0.22238
1450	0.14265	0.14297	0.22235
1451	0.14269	0.14309	0.22232
1452	0.14269	0.14311	0.2224
1453	0.14271	0.14313	0.22252
1454	0.14273	0.14317	0.22269
1455	0.14277	0.14324	0.22289
1456	0.14283	0.14334	0.22313
1457	0.14292	0.14347	0.2234
1458	0.14305	0.14363	0.22374
1459	0.14322	0.14382	0.22413
1460	0.14343	0.14405	0.22457
1461	0.14367	0.14431	0.22507
1462	0.14394	0.14462	0.22563
1463	0.14425	0.14497	0.22625
1464	0.14459	0.14534	0.22692
1465	0.14496	0.14574	0.22764
1466	0.14538	0.14618	0.22842
1467	0.14584	0.14665	0.22927
1468	0.14633	0.14715	0.23018
1469	0.14685	0.14766	0.23113
1470	0.14738	0.14819	0.23212
1471	0.14793	0.14875	0.23315
1472	0.14851	0.14934	0.23424
1473	0.14913	0.14996	0.2354
1474	0.1498	0.15061	0.23661
1475	0.1505	0.15129	0.23788
1476	0.15124	0.15201	0.23919
1477	0.15201	0.15278	0.24054
1478	0.15279	0.15356	0.24193
1479	0.15359	0.15436	0.24336
1480	0.15442	0.15518	0.24483
1481	0.15527	0.15603	0.24633
1482	0.15614	0.15689	0.24785
1483	0.15702	0.15776	0.24941
1484	0.15791	0.15865	0.25097
1485	0.15883	0.15957	0.25255
1486	0.15976	0.1605	0.25415
1487	0.1607	0.16144	0.25577
1488	0.16165	0.1624	0.25739
1489	0.16261	0.16336	0.25903
1490	0.16357	0.16434	0.26067
1491	0.16455	0.16532	0.26233
1492	0.16554	0.16632	0.26401
1493	0.16654	0.16733	0.26571
1494	0.16756	0.16836	0.26743
1495	0.1686	0.1694	0.26914
1496	0.16965	0.17046	0.27083
1497	0.17069	0.17152	0.27252
1498	0.17174	0.17259	0.2742
1499	0.17279	0.17366	0.27588
1500	0.17382	0.17472	0.27754
1501	0.17486	0.1758	0.27921
1502	0.17589	0.17687	0.28087
1503	0.1769	0.17794	0.28252
1504	0.17792	0.179	0.28418
1505	0.17896	0.18008	0.28585
1506	0.17999	0.18114	0.28751
1507	0.18102	0.1822	0.28917
1508	0.18204	0.18326	0.29082
1509	0.18307	0.18431	0.29246
1510	0.1841	0.18536	0.29409
1511	0.18512	0.18642	0.29573
1512	0.18615	0.18749	0.29738
1513	0.18717	0.18856	0.29904
1514	0.18819	0.18961	0.30069
1515	0.1892	0.19065	0.30232
1516	0.19018	0.19167	0.30392
1517	0.19114	0.19268	0.30551
1518	0.19211	0.19368	0.30711
1519	0.19309	0.1947	0.30869
1520	0.19407	0.19571	0.31025
1521	0.19506	0.19672	0.3118
1522	0.19605	0.19773	0.31334
1523	0.19703	0.19872	0.31486
1524	0.198	0.1997	0.31638
1525	0.19896	0.20067	0.31789
1526	0.19991	0.20163	0.31939
1527	0.20087	0.20259	0.32088
1528	0.20182	0.20355	0.32233
1529	0.20276	0.20449	0.32377
1530	0.20371	0.20543	0.32518
1531	0.20465	0.20637	0.32657
1532	0.20558	0.20729	0.32793
1533	0.2065	0.20822	0.32928
1534	0.20743	0.20914	0.33062
1535	0.20834	0.21005	0.33195
1536	0.20923	0.21097	0.33327
1537	0.21011	0.21186	0.33456
1538	0.21097	0.21272	0.33584
1539	0.21183	0.2136	0.33712
1540	0.2127	0.21448	0.33839
1541	0.21356	0.21535	0.33964
1542	0.2144	0.2162	0.34087
1543	0.21523	0.21704	0.34207
1544	0.21606	0.21788	0.34326
1545	0.21689	0.21872	0.34446
1546	0.21772	0.21958	0.34566
1547	0.21855	0.22044	0.34688
1548	0.21939	0.2213	0.3481
1549	0.22021	0.22214	0.3493
1550	0.22101	0.22296	0.35047
1551	0.22177	0.22375	0.35163
1552	0.22252	0.22454	0.35279
1553	0.22329	0.22533	0.35397
1554	0.22407	0.22613	0.35514
1555	0.22484	0.22692	0.35628
1556	0.22558	0.22769	0.35739
1557	0.22632	0.22844	0.3585
1558	0.22704	0.22917	0.35959
1559	0.22775	0.2299	0.36065
1560	0.22846	0.23061	0.36169
1561	0.22917	0.23132	0.36272
1562	0.22987	0.23202	0.36374
1563	0.23056	0.23271	0.36474
1564	0.23126	0.23339	0.36574
1565	0.23194	0.23406	0.36671
1566	0.2326	0.23472	0.36764
1567	0.23327	0.23537	0.36856
1568	0.23393	0.23601	0.36947
1569	0.23457	0.23665	0.37036
1570	0.23521	0.23726	0.37123
1571	0.23583	0.23788	0.37211
1572	0.23643	0.23848	0.37297
1573	0.23701	0.23907	0.37382
1574	0.23758	0.23967	0.37466
1575	0.23814	0.24026	0.3755
1576	0.2387	0.24085	0.37633
1577	0.23926	0.24142	0.37715
1578	0.23982	0.242	0.37796
1579	0.24038	0.24258	0.37876
1580	0.24094	0.24316	0.37957
1581	0.24149	0.24373	0.38038
1582	0.24203	0.24428	0.38118
1583	0.24256	0.24484	0.38199
1584	0.24307	0.24539	0.38279
1585	0.24357	0.24592	0.38357
1586	0.24406	0.24644	0.38434
1587	0.24456	0.24696	0.38512
1588	0.24508	0.24749	0.38592
1589	0.24559	0.24801	0.3867
1590	0.24608	0.24851	0.38746
1591	0.24656	0.249	0.38819
1592	0.24704	0.24948	0.38891
1593	0.24752	0.24996	0.38962
1594	0.24801	0.25043	0.39032
1595	0.24851	0.25091	0.39101
1596	0.249	0.2514	0.3917
1597	0.24949	0.25187	0.3924
1598	0.24999	0.25233	0.39308
1599	0.25048	0.25278	0.39376
1600	0.25096	0.25324	0.39442
1601	0.25142	0.25368	0.39506
1602	0.25188	0.25412	0.39569
1603	0.25234	0.25457	0.39634
1604	0.25279	0.25502	0.39698
1605	0.25326	0.25548	0.39761
1606	0.25372	0.25593	0.39824
1607	0.25416	0.25637	0.39886
1608	0.25459	0.25679	0.39947
1609	0.255	0.25721	0.40007
1610	0.25541	0.25764	0.40068
1611	0.25582	0.25807	0.40129
1612	0.25621	0.25849	0.40189
1613	0.25658	0.25891	0.40247
1614	0.25695	0.25932	0.40303
1615	0.25731	0.25973	0.40358
1616	0.25767	0.26013	0.40413
1617	0.25803	0.26053	0.40468
1618	0.2584	0.26093	0.40524
1619	0.25874	0.26133	0.40578
1620	0.25908	0.26172	0.4063
1621	0.25943	0.2621	0.40681
1622	0.2598	0.26248	0.40733
1623	0.26016	0.26285	0.40785
1624	0.2605	0.2632	0.40835
1625	0.26083	0.26353	0.40884
1626	0.26115	0.26386	0.40934
1627	0.26147	0.26418	0.4098
1628	0.26178	0.26449	0.41024
1629	0.26208	0.26479	0.41067
1630	0.26239	0.26509	0.41109
1631	0.26268	0.26537	0.41151
1632	0.26295	0.26565	0.41192
1633	0.26323	0.2659	0.41232
1634	0.26351	0.26616	0.41273
1635	0.26377	0.26642	0.41314
1636	0.26401	0.26666	0.41353
1637	0.26424	0.26689	0.41389
1638	0.26446	0.26711	0.41425
1639	0.26467	0.26732	0.41459
1640	0.26487	0.26752	0.41492
1641	0.26506	0.2677	0.41523
1642	0.26523	0.26787	0.41552
1643	0.26539	0.26804	0.41582
1644	0.26555	0.26822	0.41614
1645	0.26569	0.26839	0.41643
1646	0.26582	0.26853	0.4167
1647	0.26594	0.26868	0.41694
1648	0.26607	0.26883	0.41719
1649	0.26618	0.26896	0.41743
1650	0.26628	0.26908	0.41765
1651	0.26638	0.26921	0.41786
1652	0.26646	0.26932	0.41805
1653	0.26652	0.2694	0.41822
1654	0.26657	0.26946	0.41837
1655	0.26659	0.26951	0.41849
1656	0.26661	0.26954	0.41859
1657	0.26666	0.26958	0.4187
1658	0.26671	0.26961	0.41881
1659	0.26676	0.26964	0.41893
1660	0.2668	0.26968	0.41906
1661	0.26686	0.26973	0.4192
1662	0.26692	0.26976	0.41932
1663	0.26696	0.26978	0.4194
1664	0.267	0.26979	0.41948
1665	0.26707	0.26982	0.41959
1666	0.26713	0.26985	0.41972
1667	0.26717	0.26987	0.41984
1668	0.26719	0.26987	0.41996
1669	0.26723	0.26988	0.42007
1670	0.26726	0.26989	0.42016
1671	0.26729	0.26991	0.42026
1672	0.26731	0.26991	0.42035
1673	0.26731	0.26988	0.42042
1674	0.26728	0.26983	0.42048
1675	0.26725	0.26979	0.42056
1676	0.26723	0.26976	0.42063
1677	0.2672	0.26972	0.42068
1678	0.26717	0.26967	0.42072
1679	0.26712	0.26961	0.42076
1680	0.26705	0.26951	0.42075
1681	0.26695	0.26939	0.42069
1682	0.26684	0.26925	0.42061
1683	0.26671	0.26911	0.42055
1684	0.26656	0.26896	0.42046
1685	0.26637	0.26879	0.42033
1686	0.26615	0.26859	0.42013
1687	0.26588	0.26834	0.41988
1688	0.26559	0.26806	0.41959
1689	0.2653	0.26778	0.41929
1690	0.26502	0.2675	0.41897
1691	0.26473	0.26723	0.41866
1692	0.26445	0.26698	0.41836
1693	0.2642	0.26675	0.41809
1694	0.26394	0.26649	0.41782
1695	0.26366	0.2662	0.41754
1696	0.26337	0.26591	0.41725
1697	0.26309	0.26562	0.41696
1698	0.2628	0.26532	0.41666
1699	0.26249	0.26502	0.41636
1700	0.2622	0.26472	0.41608
1701	0.26191	0.26445	0.41581
1702	0.26163	0.26417	0.41551
1703	0.26135	0.26389	0.41519
1704	0.26109	0.26362	0.41488
1705	0.26084	0.26337	0.41457
1706	0.26059	0.26312	0.41427
1707	0.26033	0.26285	0.414
1708	0.26005	0.26256	0.41371
1709	0.25975	0.26225	0.41342
1710	0.25947	0.26197	0.41311
1711	0.25921	0.26172	0.41281
1712	0.25894	0.26148	0.41249
1713	0.25867	0.26121	0.41216
1714	0.2584	0.26091	0.41182
1715	0.25812	0.26061	0.41147
1716	0.25782	0.26029	0.41107
1717	0.25751	0.25997	0.41065
1718	0.2572	0.25965	0.41023
1719	0.25689	0.25931	0.40982
1720	0.25655	0.25895	0.40937
1721	0.25617	0.25855	0.40888
1722	0.25577	0.25813	0.40837
1723	0.25538	0.25773	0.40786
1724	0.25503	0.25735	0.40738
1725	0.25469	0.25701	0.40691
1726	0.25433	0.25666	0.40647
1727	0.25396	0.25631	0.40604
1728	0.25362	0.25599	0.40563
1729	0.25328	0.25567	0.40524
1730	0.25292	0.25531	0.40485
1731	0.25256	0.25497	0.40448
1732	0.25221	0.25465	0.40415
1733	0.25189	0.25434	0.40382
1734	0.25157	0.25401	0.40349
1735	0.25126	0.25369	0.40314
1736	0.25096	0.25337	0.4028
1737	0.25065	0.25305	0.40246
1738	0.25034	0.25274	0.40213
1739	0.25003	0.25242	0.40178
1740	0.24969	0.25209	0.40139
1741	0.24933	0.25174	0.40097
1742	0.24896	0.25138	0.40055
1743	0.2486	0.25103	0.40014
1744	0.24824	0.25069	0.39975
1745	0.24788	0.25035	0.39932
1746	0.24752	0.25002	0.39884
1747	0.24717	0.24968	0.39835
1748	0.2468	0.24929	0.39784
1749	0.24641	0.24887	0.39727
1750	0.24599	0.24842	0.39666
1751	0.24555	0.24796	0.39603
1752	0.24512	0.2475	0.39541
1753	0.24467	0.247	0.39478
1754	0.24421	0.24648	0.39414
1755	0.24373	0.24595	0.39348
1756	0.24324	0.2454	0.3928
1757	0.24276	0.24488	0.39213
1758	0.24232	0.24439	0.39147
1759	0.24188	0.2439	0.39079
1760	0.24145	0.24343	0.3901
1761	0.24101	0.24297	0.38947
1762	0.24056	0.2425	0.38888
1763	0.24013	0.24205	0.3883
1764	0.23972	0.24162	0.38775
1765	0.23935	0.24123	0.38725
1766	0.23899	0.24087	0.38679
1767	0.23862	0.24046	0.3863
1768	0.23823	0.24004	0.38578
1769	0.23783	0.23963	0.38529
1770	0.23743	0.23923	0.38481
1771	0.23703	0.23883	0.38434
1772	0.23665	0.23845	0.38391
1773	0.2363	0.23812	0.38352
1774	0.23596	0.2378	0.38316
1775	0.23563	0.23748	0.38275
1776	0.23533	0.23719	0.38233
1777	0.23506	0.23696	0.38197
1778	0.23485	0.23679	0.38167
1779	0.23467	0.23668	0.38145
1780	0.23449	0.23656	0.38123
1781	0.23429	0.23643	0.38097
1782	0.23409	0.23629	0.38072
1783	0.23392	0.23615	0.38051
1784	0.23376	0.236	0.38033
1785	0.23379	0.23601	0.38026
1786	0.23381	0.23606	0.38023
1787	0.23383	0.23612	0.38025
1788	0.23375	0.23603	0.3802
1789	0.23357	0.23582	0.38006
1790	0.23338	0.23559	0.37986
1791	0.23321	0.23537	0.37964
1792	0.23305	0.23519	0.37946
1793	0.23291	0.23507	0.37937
1794	0.23277	0.23499	0.3793
1795	0.2326	0.23484	0.37914
1796	0.23242	0.23464	0.37894
1797	0.23216	0.23438	0.37874
1798	0.23186	0.23408	0.3785
1799	0.23162	0.23384	0.3783
1800	0.23146	0.23372	0.37821
1801	0.23134	0.23363	0.37818
1802	0.23121	0.23345	0.37808
1803	0.23103	0.23322	0.37794
1804	0.23091	0.23311	0.37791
1805	0.23083	0.23311	0.37799
1806	0.23092	0.23319	0.37811
1807	0.23114	0.23334	0.37827
1808	0.23129	0.23344	0.37842
1809	0.23133	0.23346	0.37855
1810	0.23132	0.23348	0.37862
1811	0.23136	0.23357	0.37867
1812	0.23146	0.23373	0.37876
1813	0.23158	0.23386	0.37891
1814	0.2317	0.23395	0.3791
1815	0.23181	0.23403	0.37932
1816	0.23192	0.23412	0.37951
1817	0.23205	0.23424	0.37973
1818	0.23223	0.23444	0.38001
1819	0.23243	0.23468	0.38031
1820	0.23263	0.23493	0.38058
1821	0.23284	0.23519	0.38081
1822	0.23291	0.23529	0.38089
1823	0.23294	0.23526	0.38086
1824	0.23288	0.23513	0.38087
1825	0.23283	0.23507	0.38097
1826	0.2328	0.23509	0.38101
1827	0.23273	0.23513	0.38099
1828	0.23266	0.23518	0.381
1829	0.23266	0.23522	0.38103
1830	0.23263	0.23515	0.38094
1831	0.2324	0.2349	0.38065
1832	0.23205	0.23457	0.38031
1833	0.23177	0.23433	0.37998
1834	0.23161	0.23421	0.37968
1835	0.23154	0.23415	0.3795
1836	0.23148	0.23405	0.37938
1837	0.23139	0.23389	0.37919
1838	0.23126	0.23372	0.37894
1839	0.23112	0.23358	0.37866
1840	0.23094	0.23339	0.37832
1841	0.2307	0.23307	0.37783
1842	0.23046	0.23271	0.37728
1843	0.23004	0.23225	0.37664
1844	0.22936	0.23157	0.3758
1845	0.22858	0.23077	0.3748
1846	0.22785	0.23	0.37372
1847	0.22714	0.22921	0.37259
1848	0.22633	0.22828	0.37135
1849	0.22533	0.2272	0.36992
1850	0.22422	0.22605	0.36834
1851	0.22307	0.22488	0.36669
1852	0.22188	0.22364	0.36496
1853	0.22064	0.22235	0.36317
1854	0.21933	0.22099	0.36126
1855	0.21793	0.21954	0.35914
1856	0.21643	0.21798	0.35682
1857	0.21483	0.2163	0.35434
1858	0.21308	0.2145	0.35175
1859	0.21116	0.21262	0.34905
1860	0.20918	0.21069	0.34627
1861	0.20713	0.20866	0.34321
1862	0.20489	0.20648	0.33979
1863	0.20249	0.20412	0.33612
1864	0.20004	0.2016	0.33228
1865	0.19747	0.19889	0.3282
1866	0.19462	0.19597	0.32375
1867	0.19151	0.19289	0.31894
1868	0.18837	0.18977	0.31394
1869	0.18528	0.18662	0.30881
1870	0.18203	0.18327	0.30348
1871	0.17846	0.17965	0.29781
1872	0.17465	0.17585	0.29175
1873	0.17066	0.17188	0.28526
1874	0.16653	0.16773	0.27839
1875	0.1623	0.16346	0.2713
1876	0.15803	0.15914	0.26408
1877	0.15373	0.15483	0.2567
1878	0.14938	0.15052	0.24911
1879	0.14496	0.1461	0.24125
1880	0.14049	0.14158	0.23314
1881	0.13604	0.13708	0.22493
1882	0.13166	0.1327	0.21673
1883	0.1273	0.1284	0.20853
1884	0.12295	0.12407	0.20023
1885	0.11867	0.11977	0.19189
1886	0.11461	0.11563	0.18369
1887	0.11079	0.11169	0.17572
1888	0.1071	0.10791	0.16787
1889	0.10345	0.10423	0.16012
1890	0.099883	0.10066	0.15249
1891	0.096531	0.09729	0.14503
1892	0.093384	0.094123	0.13782
1893	0.090466	0.09116	0.13095
1894	0.087809	0.088413	0.12441
1895	0.085294	0.085791	0.11806
1896	0.082857	0.083257	0.11189
1897	0.080499	0.080832	0.10597
1898	0.078311	0.078576	0.1004
1899	0.076358	0.07649	0.095189
1900	0.074568	0.074506	0.090304
1901	0.07287	0.072651	0.08572
1902	0.071259	0.07097	0.08139
1903	0.069772	0.069435	0.07735
1904	0.068491	0.068026	0.0737
1905	0.067372	0.066724	0.070398
1906	0.066242	0.06552	0.067265
1907	0.065051	0.064402	0.064238
1908	0.063969	0.063406	0.061459
1909	0.063034	0.062491	0.058943
1910	0.062231	0.061702	0.056753
1911	0.061609	0.061125	0.054988
1912	0.061101	0.060675	0.053494
1913	0.06061	0.060191	0.051975
1914	0.06014	0.059691	0.050481
1915	0.059673	0.05917	0.049105
1916	0.059208	0.058643	0.047857
1917	0.058821	0.058225	0.046827
1918	0.058534	0.057962	0.046035
1919	0.058296	0.057736	0.045348
1920	0.058043	0.057454	0.044661
1921	0.057808	0.057203	0.044067
1922	0.057613	0.057046	0.043578
1923	0.05742	0.056922	0.04315
1924	0.057221	0.056763	0.042765
1925	0.057051	0.056599	0.042434
1926	0.056983	0.056522	0.0422
1927	0.057005	0.056532	0.042052
1928	0.057017	0.056535	0.041956
1929	0.057021	0.056523	0.041909
1930	0.056966	0.056509	0.041896
1931	0.056823	0.056518	0.041931
1932	0.056748	0.056612	0.042113
1933	0.056803	0.05671	0.042407
1934	0.056913	0.056781	0.04276
1935	0.05701	0.056871	0.043143
1936	0.05711	0.056994	0.043564
1937	0.057251	0.057167	0.044035
1938	0.057424	0.057379	0.044535
1939	0.057652	0.057623	0.04514
1940	0.057966	0.05792	0.045884
1941	0.058263	0.058238	0.046665
1942	0.058474	0.058547	0.047427
1943	0.058673	0.058837	0.048225
1944	0.058903	0.059108	0.049105
1945	0.059175	0.059381	0.050068
1946	0.059586	0.059714	0.05111
1947	0.060111	0.060089	0.05219
1948	0.060573	0.060393	0.053134
1949	0.06093	0.060599	0.053907
1950	0.061267	0.060809	0.054771
1951	0.061611	0.061028	0.055761
1952	0.061973	0.061301	0.056795
1953	0.062312	0.061649	0.057797
1954	0.062602	0.061988	0.05874
1955	0.062881	0.062232	0.059642
1956	0.063164	0.062419	0.060511
1957	0.063449	0.062675	0.061359
1958	0.063741	0.062997	0.062201
1959	0.064056	0.06327	0.06306
1960	0.06439	0.063478	0.063937
1961	0.064684	0.063718	0.064829
1962	0.064923	0.064037	0.065757
1963	0.065169	0.064387	0.066719
1964	0.065475	0.064728	0.067705
1965	0.065834	0.065092	0.068757
1966	0.066216	0.065504	0.069912
1967	0.066599	0.065923	0.071113
1968	0.066958	0.06628	0.072282
1969	0.067297	0.066575	0.073414
1970	0.067625	0.066871	0.074494
1971	0.067952	0.067195	0.075544
1972	0.06827	0.067524	0.076625
1973	0.068575	0.067866	0.077755
1974	0.068902	0.068223	0.078924
1975	0.069293	0.068603	0.080149
1976	0.069737	0.069022	0.081445
1977	0.070228	0.069485	0.08282
1978	0.070756	0.069978	0.084237
1979	0.071261	0.070466	0.085598
1980	0.071756	0.070957	0.086922
1981	0.072343	0.071524	0.088376
1982	0.073025	0.072151	0.089927
1983	0.073595	0.072722	0.091384
1984	0.074009	0.073222	0.092725
1985	0.074367	0.073676	0.094032
1986	0.074729	0.074094	0.095348
1987	0.075116	0.074527	0.09668
1988	0.075558	0.075058	0.098082
1989	0.076036	0.075625	0.099522
1990	0.076469	0.076015	0.10083
1991	0.076875	0.076283	0.10205
1992	0.077304	0.076687	0.10333
1993	0.07775	0.077228	0.10467
1994	0.078147	0.07769	0.10599
1995	0.078464	0.078021	0.10727
1996	0.078814	0.078411	0.10862
1997	0.079284	0.078968	0.11012
1998	0.079798	0.079567	0.11166
1999	0.080257	0.080098	0.11314
2000	0.080739	0.080649	0.11464
2001	0.081414	0.081354	0.11633
2002	0.08219	0.082149	0.11815
2003	0.082725	0.082839	0.11987
2004	0.083076	0.083444	0.1215
2005	0.083516	0.084023	0.12305
2006	0.084063	0.084574	0.12452
2007	0.084679	0.085196	0.12618
2008	0.085344	0.085921	0.12807
2009	0.086024	0.086665	0.12994
2010	0.086743	0.087398	0.13169
2011	0.087516	0.088133	0.13343
2012	0.088303	0.088872	0.13523
2013	0.089113	0.089643	0.13706
2014	0.090013	0.090507	0.13884
2015	0.090926	0.09139	0.14056
2016	0.091686	0.092092	0.14231
2017	0.092334	0.092664	0.14409
2018	0.09299	0.093265	0.14574
2019	0.093642	0.093886	0.14723
2020	0.094228	0.094447	0.14869
2021	0.094738	0.094921	0.15018
2022	0.09527	0.095412	0.15167
2023	0.095918	0.096011	0.1532
2024	0.096629	0.096648	0.15476
2025	0.097238	0.097147	0.15612
2026	0.097705	0.097478	0.15719
2027	0.098168	0.097889	0.15822
2028	0.098677	0.098439	0.15932
2029	0.099132	0.098914	0.16036
2030	0.0995	0.099263	0.16128
2031	0.099913	0.099645	0.16218
2032	0.10045	0.10014	0.16314
2033	0.10094	0.10062	0.16412
2034	0.10128	0.10102	0.16507
2035	0.10161	0.10146	0.16604
2036	0.10208	0.10205	0.16707
2037	0.10264	0.10268	0.16814
2038	0.10298	0.10311	0.16913
2039	0.1031	0.1034	0.17004
2040	0.10348	0.10388	0.171
2041	0.10415	0.10454	0.17205
2042	0.10477	0.1051	0.17321
2043	0.1053	0.10556	0.17448
2044	0.1059	0.10609	0.17573
2045	0.10661	0.10673	0.17685
2046	0.1073	0.10741	0.17796
2047	0.10795	0.10801	0.17919
2048	0.10872	0.10869	0.18051
2049	0.10968	0.10958	0.18182
2050	0.11063	0.11049	0.18307
2051	0.11128	0.11109	0.18423
2052	0.11171	0.11146	0.18532
2053	0.11234	0.11211	0.18646
2054	0.11312	0.11307	0.18765
2055	0.11368	0.11384	0.18879
2056	0.11402	0.11434	0.18987
2057	0.11439	0.11472	0.19092
2058	0.11486	0.11513	0.19198
2059	0.11539	0.11564	0.19307
2060	0.11591	0.11619	0.19414
2061	0.11636	0.11661	0.19503
2062	0.11669	0.11692	0.19579
2063	0.11702	0.11736	0.19663
2064	0.11751	0.11799	0.1976
2065	0.11805	0.11863	0.19862
2066	0.11852	0.1192	0.19967
2067	0.11894	0.11975	0.20072
2068	0.11941	0.12032	0.20171
2069	0.11986	0.12086	0.20268
2070	0.12025	0.12139	0.20368
2071	0.12064	0.122	0.2047
2072	0.1212	0.12272	0.20574
2073	0.12186	0.12343	0.20683
2074	0.12234	0.12393	0.20799
2075	0.12268	0.12434	0.20916
2076	0.12326	0.12493	0.21031
2077	0.12403	0.12551	0.21148
2078	0.12471	0.12596	0.2127
2079	0.12526	0.12643	0.21392
2080	0.12578	0.12694	0.21505
2081	0.12633	0.12744	0.2161
2082	0.12688	0.12795	0.21717
2083	0.12748	0.12851	0.21834
2084	0.12816	0.12915	0.21954
2085	0.12861	0.12964	0.22049
2086	0.12875	0.12986	0.22122
2087	0.12897	0.13003	0.22198
2088	0.12941	0.13037	0.22288
2089	0.1298	0.13079	0.22379
2090	0.1299	0.13104	0.22459
2091	0.12992	0.13106	0.22542
2092	0.13023	0.13114	0.2265
2093	0.13077	0.1314	0.22777
2094	0.13117	0.13183	0.22894
2095	0.13143	0.13231	0.22981
2096	0.13167	0.13268	0.23046
2097	0.13191	0.13297	0.23114
2098	0.13207	0.13343	0.23202
2099	0.13234	0.13411	0.23304
2100	0.13294	0.13481	0.23417
2101	0.13362	0.13542	0.23535
2102	0.13404	0.13589	0.23634
2103	0.13435	0.13629	0.2371
2104	0.13485	0.13667	0.23788
2105	0.13548	0.13705	0.23885
2106	0.1361	0.13763	0.2399
2107	0.13677	0.13841	0.24085
2108	0.13746	0.13916	0.2417
2109	0.13794	0.1397	0.24265
2110	0.13829	0.14012	0.24374
2111	0.13894	0.14073	0.24486
2112	0.13994	0.14149	0.24602
2113	0.14076	0.14197	0.24719
2114	0.14118	0.14214	0.24826
2115	0.14142	0.14235	0.24915
2116	0.14168	0.14265	0.24987
2117	0.14206	0.14305	0.25064
2118	0.14243	0.14353	0.25157
2119	0.14266	0.14399	0.25248
2120	0.14277	0.14438	0.25319
2121	0.14274	0.1446	0.25362
2122	0.14275	0.14476	0.25406
2123	0.14291	0.14493	0.25475
2124	0.14305	0.14516	0.2555
2125	0.14316	0.14552	0.25617
2126	0.14346	0.14599	0.25698
2127	0.14392	0.14641	0.25799
2128	0.14439	0.14683	0.25888
2129	0.14475	0.14733	0.25947
2130	0.14489	0.14769	0.25978
2131	0.14496	0.1478	0.26001
2132	0.14495	0.14779	0.26029
2133	0.14497	0.14787	0.26069
2134	0.14521	0.14816	0.26129
2135	0.14573	0.14847	0.26199
2136	0.14633	0.14872	0.26267
2137	0.14672	0.14898	0.26316
2138	0.14704	0.14937	0.26366
2139	0.14755	0.14984	0.26443
2140	0.14809	0.15019	0.26535
2141	0.14847	0.15053	0.26618
2142	0.14888	0.15122	0.26702
2143	0.1494	0.15197	0.26801
2144	0.14972	0.15225	0.26893
2145	0.14986	0.15223	0.26972
2146	0.15017	0.15232	0.27058
2147	0.15062	0.1524	0.27158
2148	0.15088	0.15225	0.27243
2149	0.15084	0.15209	0.27287
2150	0.15064	0.15218	0.27303
2151	0.15043	0.15241	0.27319
2152	0.15029	0.15255	0.27344
2153	0.15017	0.15262	0.27371
2154	0.14998	0.15269	0.27393
2155	0.1498	0.15275	0.27428
2156	0.14974	0.15275	0.27472
2157	0.1498	0.15267	0.27505
2158	0.14991	0.15265	0.27534
2159	0.15007	0.15274	0.27576
2160	0.15036	0.15301	0.2762
2161	0.15088	0.15341	0.27658
2162	0.15132	0.15363	0.27679
2163	0.15149	0.15356	0.2768
2164	0.15157	0.15348	0.2768
2165	0.15166	0.15353	0.27684
2166	0.15177	0.15351	0.27675
2167	0.15189	0.15341	0.27663
2168	0.15199	0.15337	0.27663
2169	0.15214	0.15346	0.27677
2170	0.15238	0.15368	0.27698
2171	0.15258	0.15393	0.27718
2172	0.15278	0.15421	0.27752
2173	0.15303	0.15456	0.27813
2174	0.15329	0.15491	0.27892
2175	0.15345	0.1551	0.27962
2176	0.15353	0.15514	0.28007
2177	0.15377	0.15533	0.28044
2178	0.15423	0.15586	0.28094
2179	0.1546	0.15631	0.28138
2180	0.15465	0.15625	0.28155
2181	0.15466	0.1561	0.28171
2182	0.15484	0.15632	0.28203
2183	0.15499	0.15661	0.28227
2184	0.1549	0.15676	0.28232
2185	0.15472	0.15697	0.2824
2186	0.15468	0.15725	0.28275
2187	0.15471	0.15741	0.28333
2188	0.15466	0.15744	0.28389
2189	0.15456	0.15742	0.28429
2190	0.15459	0.15745	0.28479
2191	0.15487	0.15752	0.28558
2192	0.1552	0.15753	0.28627
2193	0.15531	0.15747	0.28655
2194	0.15525	0.15742	0.28669
2195	0.1553	0.1574	0.28695
2196	0.15562	0.15742	0.28726
2197	0.15587	0.15738	0.28733
2198	0.15579	0.15718	0.28716
2199	0.15569	0.15694	0.28719
2200	0.1558	0.15683	0.28747
2201	0.15594	0.15674	0.28764
2202	0.15599	0.15656	0.28776
2203	0.15605	0.15642	0.28813
2204	0.15612	0.15633	0.28855
2205	0.15611	0.1562	0.28874
2206	0.15601	0.15603	0.28882
2207	0.15591	0.15587	0.28906
2208	0.15593	0.15575	0.28947
2209	0.15595	0.15561	0.2897
2210	0.15594	0.15548	0.28971
2211	0.15596	0.15539	0.28969
2212	0.15604	0.1554	0.28957
2213	0.15614	0.15554	0.28943
2214	0.1563	0.15577	0.28949
2215	0.15644	0.15588	0.28958
2216	0.15637	0.15578	0.28948
2217	0.15617	0.15581	0.28928
2218	0.15603	0.15609	0.28916
2219	0.15603	0.15628	0.28921
2220	0.15606	0.15637	0.28936
2221	0.15612	0.15663	0.28952
2222	0.15617	0.15694	0.28973
2223	0.15612	0.15697	0.28996
2224	0.15608	0.1568	0.29001
2225	0.15614	0.15668	0.28987
2226	0.15616	0.15661	0.28973
2227	0.15611	0.15655	0.28965
2228	0.15612	0.15651	0.28969
2229	0.15617	0.15658	0.28969
2230	0.15624	0.15669	0.28951
2231	0.1564	0.15676	0.28939
2232	0.15653	0.15673	0.28935
2233	0.1565	0.15664	0.28915
2234	0.15638	0.15653	0.28891
2235	0.1562	0.15634	0.28883
2236	0.1559	0.15607	0.28879
2237	0.15562	0.15584	0.28867
2238	0.15549	0.15574	0.2885
2239	0.15535	0.15561	0.2883
2240	0.15497	0.15527	0.288
2241	0.1544	0.15485	0.28763
2242	0.15388	0.15449	0.28729
2243	0.15349	0.15419	0.28704
2244	0.15305	0.15379	0.28668
2245	0.15237	0.15317	0.28599
2246	0.15168	0.1525	0.28518
2247	0.15117	0.15202	0.28446
2248	0.15078	0.15173	0.28374
2249	0.15038	0.15134	0.28302
2250	0.15	0.15079	0.28234
2251	0.14966	0.15033	0.28169
2252	0.14926	0.15007	0.28105
2253	0.14875	0.14971	0.28044
2254	0.14825	0.14903	0.27989
2255	0.14785	0.14829	0.27952
2256	0.14745	0.14782	0.27938
2257	0.14694	0.14754	0.27926
2258	0.14634	0.14708	0.27894
2259	0.14579	0.14646	0.27851
2260	0.14537	0.14588	0.27802
2261	0.14507	0.14545	0.27745
2262	0.14488	0.14516	0.27689
2263	0.14471	0.1448	0.27636
2264	0.14447	0.14439	0.27584
2265	0.14414	0.14407	0.27515
2266	0.14384	0.1439	0.27439
2267	0.1435	0.14368	0.27376
2268	0.14286	0.14312	0.27297
2269	0.142	0.14233	0.27195
2270	0.14119	0.14174	0.27102
2271	0.14041	0.14145	0.27026
2272	0.13965	0.14119	0.26949
2273	0.13895	0.14086	0.26863
2274	0.13823	0.14041	0.26759
2275	0.1374	0.13982	0.26638
2276	0.13659	0.13918	0.26517
2277	0.13593	0.13858	0.26404
2278	0.13535	0.13807	0.26291
2279	0.13471	0.1375	0.2617
2280	0.13403	0.13671	0.26037
2281	0.13348	0.13586	0.25899
2282	0.13306	0.13524	0.25777
2283	0.13267	0.13489	0.2568
2284	0.13234	0.13454	0.25583
2285	0.13218	0.13405	0.25476
2286	0.1321	0.13366	0.25394
2287	0.13187	0.13344	0.25345
2288	0.13152	0.13315	0.25299
2289	0.13142	0.13278	0.25245
2290	0.13164	0.13252	0.25203
2291	0.13182	0.13243	0.25165
2292	0.1319	0.13259	0.2513
2293	0.13213	0.1328	0.25101
2294	0.13252	0.13274	0.25065
2295	0.13299	0.13243	0.25016
2296	0.13327	0.13198	0.24938
2297	0.13356	0.13184	0.24875
2298	0.13381	0.13187	0.24854
2299	0.1336	0.13137	0.24822
2300	0.13327	0.13068	0.24765
2301	0.13293	0.13024	0.24682
2302	0.1323	0.12977	0.24601
2303	0.13134	0.12898	0.24529
2304	0.13022	0.12785	0.24421
2305	0.12914	0.12686	0.24286
2306	0.12815	0.12631	0.24167
2307	0.12728	0.12596	0.24068
2308	0.12651	0.1254	0.2396
2309	0.12581	0.12456	0.23819
2310	0.12514	0.12362	0.23655
2311	0.12451	0.12287	0.23519
2312	0.12417	0.12265	0.23443
2313	0.12414	0.1229	0.2339
2314	0.12402	0.12299	0.23314
2315	0.12344	0.12251	0.23221
2316	0.12262	0.12191	0.2313
2317	0.12193	0.12159	0.2302
2318	0.12125	0.12129	0.22881
2319	0.12052	0.12077	0.22749
2320	0.11999	0.1203	0.22642
2321	0.11971	0.12009	0.22544
2322	0.11938	0.11988	0.22446
2323	0.11892	0.11959	0.22361
2324	0.11869	0.11952	0.223
2325	0.11865	0.11959	0.22255
2326	0.11835	0.11945	0.22219
2327	0.11782	0.11908	0.22186
2328	0.11753	0.11867	0.22151
2329	0.11744	0.11827	0.22101
2330	0.11732	0.11791	0.2204
2331	0.11726	0.11754	0.22025
2332	0.11728	0.11723	0.22063
2333	0.11746	0.11728	0.22107
2334	0.11767	0.11732	0.22123
2335	0.11778	0.11684	0.22106
2336	0.1178	0.11639	0.22078
2337	0.11745	0.11631	0.22035
2338	0.1171	0.11628	0.21985
2339	0.11676	0.11577	0.21907
2340	0.11617	0.11516	0.21799
2341	0.11546	0.11502	0.21687
2342	0.1151	0.11506	0.21608
2343	0.11533	0.11504	0.21594
2344	0.11562	0.11499	0.21583
2345	0.11547	0.11514	0.21517
2346	0.11506	0.11554	0.21432
2347	0.11495	0.11607	0.21415
2348	0.11504	0.11652	0.21432
2349	0.11496	0.11645	0.21384
2350	0.11473	0.11565	0.21302
2351	0.1144	0.11435	0.2124
2352	0.11401	0.11319	0.21179
2353	0.11376	0.11257	0.21108
2354	0.11364	0.11242	0.21058
2355	0.11361	0.11241	0.21029
2356	0.11414	0.1124	0.21021
2357	0.11501	0.11242	0.2103
2358	0.11534	0.11202	0.21014
2359	0.11519	0.11127	0.20966
2360	0.11488	0.11032	0.20905
2361	0.11456	0.109	0.20837
2362	0.11421	0.10737	0.20744
2363	0.11385	0.10583	0.20613
2364	0.11351	0.10489	0.20439
2365	0.11333	0.1046	0.2029
2366	0.11324	0.10416	0.20214
2367	0.11293	0.10321	0.20159
2368	0.11196	0.10265	0.20057
2369	0.11053	0.10267	0.19883
2370	0.10947	0.10259	0.19679
2371	0.10858	0.10218	0.19473
2372	0.10727	0.10176	0.19272
2373	0.10584	0.10146	0.19089
2374	0.10448	0.10108	0.18925
2375	0.10303	0.10079	0.18762
2376	0.1021	0.10115	0.18569
2377	0.10178	0.10185	0.18354
2378	0.10116	0.10198	0.18186
2379	0.10023	0.10176	0.18073
2380	0.099518	0.10166	0.17937
2381	0.098734	0.10145	0.1777
2382	0.098208	0.10111	0.17679
2383	0.0983	0.10059	0.17685
2384	0.09788	0.099013	0.17655
2385	0.097023	0.096836	0.17582
2386	0.096697	0.095784	0.17566
2387	0.096511	0.095449	0.17607
2388	0.096088	0.095116	0.17637
2389	0.095976	0.095016	0.17647
2390	0.09618	0.094589	0.17665
2391	0.096272	0.093395	0.17705
2392	0.096205	0.092282	0.17733
2393	0.095495	0.091449	0.17677
2394	0.094573	0.090517	0.17606
2395	0.09419	0.089647	0.17631
2396	0.093967	0.088832	0.17704
2397	0.093651	0.088093	0.17755
2398	0.093001	0.086918	0.17717
2399	0.092013	0.085403	0.17593
2400	0.090914	0.084012	0.1746
2401	0.089626	0.082401	0.17371
2402	0.087948	0.080508	0.17212
2403	0.086197	0.07921	0.16951
2404	0.0848	0.079174	0.16738
2405	0.083924	0.079238	0.16553
2406	0.084114	0.079067	0.16428
2407	0.084906	0.079296	0.16407
2408	0.08521	0.07901	0.1629
2409	0.085033	0.078044	0.16046
2410	0.085344	0.078036	0.15877
2411	0.08658	0.079027	0.15785
2412	0.087611	0.079004	0.15618
2413	0.08747	0.077559	0.15411
2414	0.086033	0.07512	0.15166
2415	0.084562	0.072444	0.14869
2416	0.084061	0.070494	0.14648
2417	0.08394	0.069085	0.14553
2418	0.083597	0.067222	0.14433
2419	0.082408	0.064451	0.14182
2420	0.080067	0.061498	0.13912
2421	0.078135	0.059927	0.13733
2422	0.078029	0.060124	0.13681
2423	0.078204	0.059922	0.13667
2424	0.076791	0.05819	0.13442
2425	0.074935	0.056643	0.13115
2426	0.073784	0.05627	0.12974
2427	0.073065	0.056695	0.12987
2428	0.071855	0.056355	0.12881
2429	0.070599	0.055292	0.12741
2430	0.070053	0.055083	0.12806
2431	0.069447	0.05549	0.1292
2432	0.069128	0.055683	0.12811
2433	0.069119	0.055555	0.12592
2434	0.068125	0.05514	0.12456
2435	0.066779	0.055382	0.12394
2436	0.066358	0.056332	0.12304
2437	0.066554	0.057262	0.12187
2438	0.066982	0.058374	0.12017
2439	0.067726	0.060161	0.1189
2440	0.068504	0.062325	0.11935
2441	0.068973	0.063717	0.12011
2442	0.06977	0.064858	0.12043
2443	0.0708	0.066303	0.12024
2444	0.071123	0.067176	0.11952
2445	0.071368	0.067999	0.11966
2446	0.073106	0.069647	0.12042
2447	0.075038	0.070672	0.12015
2448	0.075404	0.069624	0.11883
2449	0.07437	0.067361	0.11668
2450	0.072456	0.065303	0.11328
2451	0.071643	0.064588	0.11068
2452	0.073659	0.06604	0.11181
2453	0.075942	0.067278	0.11336
2454	0.074907	0.065021	0.10963
2455	0.07206	0.06196	0.10449
2456	0.069735	0.060937	0.10246
2457	0.067619	0.060318	0.10128
2458	0.064898	0.058554	0.098424
2459	0.061616	0.056149	0.094739
2460	0.058291	0.053829	0.09189
2461	0.05528	0.052018	0.090874
2462	0.052733	0.050744	0.091227
2463	0.050944	0.049705	0.091254
2464	0.049459	0.048452	0.090717
2465	0.046702	0.047215	0.089887
2466	0.043101	0.04648	0.088432
2467	0.041171	0.047604	0.088354
2468	0.041894	0.051956	0.090891
2469	0.041429	0.055137	0.092632
2470	0.039947	0.056281	0.091989
2471	0.039178	0.056356	0.091035
2472	0.038546	0.05507	0.090136
2473	0.038636	0.053952	0.088686
2474	0.039273	0.053314	0.086399
2475	0.0399	0.054651	0.08744
2476	0.040968	0.058742	0.092798
2477	0.04414	0.062672	0.0983
2478	0.048329	0.064735	0.10183
2479	0.04802	0.062438	0.1026
2480	0.045192	0.057704	0.1023
