*Name: Maple top
Type: Leaf Spectrum

Origin: Remote Sensing Laboratories, University of Zurich

Description: abaxial reflectance, adaxial reflectance, and adaxial transmittance

Measurement: Hemispherical Conical Reflectance Factor HCRF measured by ASD Integrating Sphere

Wavelength [nm]	abaxial Reflectance [0 1]	adaxial Reflectance [0 1]	adaxial Transmittance [0 1]
370	0.025374	0.025419	0.0035631
371	0.033769	0.034064	0.0038627
372	0.041328	0.041601	0.0030418
373	0.048821	0.049262	0.0032066
374	0.055369	0.055976	0.0039517
375	0.0601	0.06073	0.0047312
376	0.062291	0.062882	0.0047843
377	0.062123	0.062543	0.0056086
378	0.058723	0.058883	0.0064998
379	0.05887	0.058714	0.0064028
380	0.058568	0.05822	0.0052708
381	0.058295	0.05794	0.0045025
382	0.058225	0.057868	0.0045326
383	0.058764	0.058037	0.0054527
384	0.058369	0.057666	0.0047658
385	0.057574	0.056771	0.0032812
386	0.056705	0.055625	0.0015426
387	0.057411	0.0564	0.0025572
388	0.058175	0.057125	0.0038924
389	0.058167	0.056937	0.0039113
390	0.058941	0.057577	0.0049608
391	0.060069	0.058485	0.0067762
392	0.06038	0.058571	0.0070978
393	0.060558	0.058634	0.0068706
394	0.060952	0.059061	0.0071333
395	0.060956	0.059274	0.007073
396	0.060829	0.059347	0.0068823
397	0.060958	0.059451	0.0067139
398	0.061352	0.0598	0.00693
399	0.062021	0.060468	0.0075855
400	0.06205	0.060474	0.0069908
401	0.062225	0.060665	0.0067392
402	0.061841	0.060288	0.0055716
403	0.061314	0.059701	0.0040498
404	0.061625	0.059978	0.0038386
405	0.061378	0.059655	0.0027267
406	0.060912	0.059141	0.001357
407	0.061285	0.0595	0.001538
408	0.061197	0.059467	0.0010537
409	0.060949	0.05925	0.00025719
410	0.061141	0.059408	5.1152e-05
411	0.06167	0.059905	0.00039583
412	0.062585	0.06082	0.0013813
413	0.063621	0.061828	0.0023874
414	0.06399	0.062106	0.0021734
415	0.064418	0.062501	0.0021848
416	0.065079	0.063153	0.0025664
417	0.065663	0.063737	0.0029295
418	0.066183	0.064278	0.0031682
419	0.066766	0.064876	0.0035012
420	0.067319	0.065441	0.003887
421	0.067968	0.066053	0.0045201
422	0.068367	0.066419	0.0047237
423	0.068793	0.066828	0.0049741
424	0.069358	0.067375	0.0054288
425	0.069795	0.067806	0.0057417
426	0.070196	0.068198	0.0059673
427	0.070748	0.068705	0.0063158
428	0.071307	0.069234	0.0068094
429	0.071886	0.0698	0.0074015
430	0.072346	0.070232	0.0077799
431	0.072587	0.07044	0.0079768
432	0.07308	0.070867	0.0085384
433	0.073659	0.071385	0.0092263
434	0.074146	0.07183	0.0098372
435	0.074555	0.072233	0.010369
436	0.074995	0.072706	0.011009
437	0.075443	0.07316	0.011702
438	0.075797	0.073501	0.012229
439	0.076116	0.073825	0.012716
440	0.076356	0.074086	0.013036
441	0.076576	0.074332	0.013316
442	0.076727	0.074518	0.01357
443	0.076863	0.074657	0.013815
444	0.076917	0.074674	0.013824
445	0.077004	0.074734	0.013927
446	0.077132	0.074862	0.014135
447	0.077366	0.075097	0.014497
448	0.07764	0.075355	0.014945
449	0.077871	0.075576	0.015355
450	0.078065	0.075782	0.015735
451	0.078293	0.075995	0.016186
452	0.078631	0.076336	0.016832
453	0.078967	0.076697	0.017478
454	0.079168	0.076944	0.017898
455	0.079275	0.077101	0.018192
456	0.07937	0.077217	0.018453
457	0.079568	0.077439	0.018908
458	0.079674	0.077568	0.019202
459	0.079714	0.077635	0.019415
460	0.079797	0.077756	0.019719
461	0.079897	0.077872	0.020008
462	0.079911	0.077884	0.020165
463	0.079924	0.077891	0.020344
464	0.079893	0.077877	0.020466
465	0.07989	0.077891	0.020644
466	0.079915	0.077933	0.020885
467	0.080044	0.078046	0.021257
468	0.080147	0.078143	0.021591
469	0.080188	0.078188	0.021823
470	0.080182	0.078151	0.021935
471	0.08025	0.078205	0.022186
472	0.080269	0.078202	0.022335
473	0.080287	0.078194	0.02246
474	0.080262	0.078179	0.022566
475	0.08022	0.078154	0.02263
476	0.080286	0.078228	0.022819
477	0.080365	0.078311	0.02304
478	0.080315	0.078289	0.023091
479	0.080217	0.078232	0.023108
480	0.080195	0.078243	0.023232
481	0.080244	0.078289	0.023429
482	0.0802	0.07826	0.023511
483	0.080085	0.078172	0.023488
484	0.080042	0.078118	0.023526
485	0.080113	0.07818	0.023732
486	0.080173	0.078221	0.023915
487	0.080264	0.078305	0.024169
488	0.080301	0.078363	0.024386
489	0.080399	0.07848	0.024667
490	0.080688	0.07878	0.0252
491	0.080914	0.079028	0.025679
492	0.081056	0.079206	0.026072
493	0.081227	0.079407	0.026512
494	0.081503	0.079696	0.027099
495	0.081835	0.08003	0.02778
496	0.082239	0.080442	0.028573
497	0.082671	0.080893	0.02942
498	0.083193	0.08142	0.030394
499	0.083753	0.081978	0.031417
500	0.084333	0.082556	0.032485
501	0.085003	0.083234	0.033726
502	0.085684	0.083927	0.035014
503	0.08646	0.084722	0.03646
504	0.087395	0.085668	0.038178
505	0.088316	0.086588	0.039919
506	0.089231	0.087499	0.041693
507	0.090244	0.088502	0.04366
508	0.091354	0.089607	0.045845
509	0.092578	0.090826	0.048257
510	0.093857	0.092091	0.050788
511	0.095186	0.093391	0.053428
512	0.096643	0.094814	0.056286
513	0.09825	0.096386	0.059423
514	0.099943	0.098035	0.062738
515	0.10171	0.099747	0.066203
516	0.1036	0.10158	0.069894
517	0.10568	0.1036	0.073894
518	0.10788	0.1057	0.078101
519	0.11007	0.1078	0.082358
520	0.11232	0.10997	0.08672
521	0.11467	0.11225	0.091241
522	0.11709	0.11458	0.095852
523	0.11954	0.11694	0.10049
524	0.12198	0.11927	0.10507
525	0.12444	0.12161	0.10962
526	0.12689	0.12395	0.11412
527	0.12928	0.12624	0.11851
528	0.13158	0.12843	0.1227
529	0.13381	0.13055	0.12672
530	0.13598	0.13262	0.1306
531	0.13806	0.1346	0.1343
532	0.13999	0.13642	0.13775
533	0.14175	0.1381	0.14092
534	0.14342	0.13971	0.14391
535	0.14495	0.14119	0.14666
536	0.14632	0.14251	0.14913
537	0.14754	0.1437	0.15138
538	0.14864	0.14477	0.15341
539	0.1496	0.1457	0.15522
540	0.15041	0.14652	0.15681
541	0.15112	0.14723	0.15824
542	0.15178	0.14791	0.1596
543	0.1524	0.14855	0.16087
544	0.15299	0.14917	0.16209
545	0.15358	0.14979	0.1633
546	0.15414	0.15037	0.16447
547	0.15468	0.15094	0.1656
548	0.1552	0.1515	0.1667
549	0.15572	0.15205	0.16779
550	0.15622	0.15258	0.16884
551	0.15667	0.15306	0.16981
552	0.15704	0.15346	0.17067
553	0.15731	0.15376	0.17137
554	0.15747	0.15396	0.17191
555	0.15753	0.15407	0.17231
556	0.15747	0.15406	0.17251
557	0.15726	0.1539	0.17244
558	0.15693	0.15362	0.17219
559	0.15645	0.1532	0.17172
560	0.15581	0.15263	0.17097
561	0.15506	0.15194	0.17003
562	0.15422	0.15117	0.16892
563	0.15332	0.15033	0.16768
564	0.15232	0.1494	0.16628
565	0.15123	0.14837	0.16469
566	0.15003	0.14724	0.16293
567	0.14876	0.14602	0.16102
568	0.1474	0.14473	0.15896
569	0.14598	0.14335	0.15677
570	0.14447	0.14189	0.15443
571	0.14291	0.14039	0.15197
572	0.14129	0.13883	0.14943
573	0.13962	0.13722	0.1468
574	0.13796	0.13561	0.14415
575	0.13634	0.13404	0.14155
576	0.13479	0.13255	0.13904
577	0.13331	0.13113	0.13665
578	0.13189	0.12976	0.13434
579	0.13051	0.12842	0.13209
580	0.12921	0.12717	0.12997
581	0.12803	0.12603	0.12802
582	0.12689	0.12493	0.12617
583	0.12581	0.12388	0.12441
584	0.12481	0.12291	0.12277
585	0.12386	0.122	0.12125
586	0.12297	0.12114	0.11984
587	0.12216	0.12036	0.11855
588	0.12135	0.11958	0.11729
589	0.12062	0.11886	0.11616
590	0.11998	0.11824	0.11517
591	0.11942	0.1177	0.11432
592	0.11891	0.1172	0.11356
593	0.11846	0.11675	0.11289
594	0.11809	0.11638	0.11235
595	0.1178	0.11609	0.11192
596	0.11752	0.1158	0.11151
597	0.11726	0.11554	0.11115
598	0.117	0.11529	0.11079
599	0.11673	0.11503	0.11044
600	0.11647	0.11478	0.11008
601	0.11616	0.11447	0.10964
602	0.11577	0.1141	0.1091
603	0.11539	0.11374	0.10856
604	0.115	0.11336	0.108
605	0.11458	0.11297	0.10737
606	0.1141	0.11251	0.10664
607	0.11356	0.11198	0.10578
608	0.11297	0.11141	0.10482
609	0.11234	0.1108	0.10378
610	0.11168	0.11017	0.10267
611	0.11095	0.10947	0.10143
612	0.11018	0.10872	0.10011
613	0.10941	0.10797	0.098772
614	0.10863	0.10722	0.097402
615	0.10782	0.10645	0.095996
616	0.10703	0.10569	0.094616
617	0.10628	0.10497	0.093301
618	0.10557	0.10426	0.092023
619	0.10488	0.1036	0.090804
620	0.10425	0.10297	0.089665
621	0.10362	0.10235	0.088556
622	0.10305	0.10177	0.087548
623	0.10256	0.10129	0.086677
624	0.10213	0.10086	0.085924
625	0.10174	0.10048	0.085263
626	0.10141	0.10016	0.084736
627	0.10112	0.09989	0.084301
628	0.10085	0.099639	0.083915
629	0.10061	0.099418	0.0836
630	0.10045	0.099273	0.083406
631	0.10035	0.099175	0.083305
632	0.10024	0.099072	0.083204
633	0.10011	0.098941	0.08306
634	0.099953	0.098783	0.082877
635	0.099722	0.098542	0.082568
636	0.099438	0.098242	0.082147
637	0.099094	0.097885	0.081606
638	0.09867	0.097452	0.080919
639	0.098168	0.096948	0.080089
640	0.097547	0.096325	0.079053
641	0.096837	0.095616	0.07784
642	0.096079	0.09485	0.076502
643	0.09529	0.094052	0.075073
644	0.094494	0.09325	0.073592
645	0.093661	0.092405	0.072028
646	0.092783	0.091512	0.070377
647	0.091897	0.090614	0.068704
648	0.091047	0.089751	0.067078
649	0.090229	0.088924	0.065497
650	0.08948	0.088161	0.064027
651	0.088798	0.087465	0.062673
652	0.088181	0.086832	0.061426
653	0.087637	0.086273	0.060295
654	0.087112	0.085736	0.059212
655	0.086637	0.085253	0.058205
656	0.086218	0.084828	0.057274
657	0.085786	0.084391	0.05631
658	0.08533	0.083927	0.055273
659	0.084845	0.08343	0.054153
660	0.084295	0.082866	0.052908
661	0.083691	0.082249	0.051545
662	0.083027	0.081575	0.050049
663	0.082331	0.080871	0.04847
664	0.08164	0.080155	0.046866
665	0.080946	0.079418	0.045228
666	0.080235	0.078659	0.043556
667	0.079571	0.077944	0.041949
668	0.078957	0.077275	0.040427
669	0.078423	0.076683	0.039038
670	0.077999	0.076192	0.037824
671	0.077648	0.07576	0.036729
672	0.077389	0.075403	0.035774
673	0.07722	0.075138	0.03497
674	0.077109	0.07493	0.034267
675	0.077062	0.074779	0.033661
676	0.077113	0.07473	0.033197
677	0.077233	0.074746	0.032833
678	0.077401	0.074799	0.032538
679	0.077629	0.074907	0.03233
680	0.0779	0.075064	0.032195
681	0.078268	0.07532	0.032228
682	0.078733	0.075674	0.032451
683	0.079335	0.076174	0.032945
684	0.080091	0.076841	0.033781
685	0.080997	0.077671	0.034998
686	0.082068	0.078689	0.036639
687	0.083337	0.079939	0.038816
688	0.084844	0.081445	0.041613
689	0.086601	0.083229	0.045083
690	0.088685	0.08536	0.049358
691	0.091112	0.08784	0.054464
692	0.093938	0.09072	0.060462
693	0.097225	0.094053	0.067417
694	0.101	0.097867	0.075339
695	0.10532	0.10219	0.084227
696	0.11017	0.10704	0.094033
697	0.1156	0.11245	0.10474
698	0.1216	0.11839	0.11623
699	0.12813	0.12485	0.12842
700	0.13515	0.13176	0.14114
701	0.14259	0.13908	0.15424
702	0.15036	0.14671	0.16758
703	0.15837	0.15456	0.18101
704	0.16658	0.16258	0.19442
705	0.17488	0.17069	0.20767
706	0.18318	0.17879	0.22067
707	0.19144	0.18685	0.23336
708	0.19964	0.19483	0.24571
709	0.20771	0.2027	0.25767
710	0.21565	0.21043	0.26925
711	0.22349	0.21805	0.28049
712	0.23118	0.22553	0.2914
713	0.23878	0.23292	0.30203
714	0.24628	0.24022	0.31237
715	0.25367	0.24741	0.32245
716	0.26096	0.25452	0.33229
717	0.26815	0.26153	0.34191
718	0.27525	0.26845	0.3513
719	0.28224	0.27528	0.36047
720	0.28911	0.28201	0.36941
721	0.29588	0.28865	0.37812
722	0.30252	0.29518	0.3866
723	0.30902	0.30159	0.39485
724	0.31539	0.30787	0.40286
725	0.3216	0.31401	0.41062
726	0.32762	0.31997	0.41811
727	0.33348	0.32578	0.42535
728	0.33916	0.33142	0.43232
729	0.34462	0.33687	0.43902
730	0.34987	0.34211	0.44541
731	0.3549	0.34715	0.45152
732	0.35974	0.352	0.45736
733	0.36435	0.35664	0.46291
734	0.36873	0.36105	0.46816
735	0.37289	0.36525	0.4731
736	0.37683	0.36924	0.47778
737	0.38055	0.37301	0.48219
738	0.38407	0.37657	0.48634
739	0.38736	0.37991	0.49022
740	0.39044	0.38305	0.49386
741	0.39331	0.38598	0.49726
742	0.39598	0.38873	0.50044
743	0.39846	0.39128	0.50339
744	0.40073	0.39364	0.50611
745	0.40281	0.39582	0.50862
746	0.40473	0.39784	0.51096
747	0.40648	0.39968	0.5131
748	0.40805	0.40137	0.51506
749	0.40949	0.40292	0.51687
750	0.41078	0.40432	0.51853
751	0.41192	0.40557	0.52002
752	0.41294	0.4067	0.52138
753	0.41384	0.40771	0.5226
754	0.41463	0.40862	0.52368
755	0.41533	0.40942	0.52468
756	0.41595	0.41015	0.52557
757	0.41649	0.41079	0.52637
758	0.41696	0.41135	0.52709
759	0.41738	0.41186	0.52774
760	0.41775	0.41232	0.52833
761	0.41806	0.41273	0.52888
762	0.41833	0.41308	0.52937
763	0.41856	0.41338	0.5298
764	0.41875	0.41365	0.53019
765	0.4189	0.41386	0.53052
766	0.41902	0.41404	0.53081
767	0.4191	0.41419	0.53106
768	0.41915	0.41431	0.53128
769	0.41919	0.4144	0.53149
770	0.4192	0.41447	0.53167
771	0.41919	0.41453	0.53182
772	0.41919	0.41458	0.53198
773	0.41919	0.41464	0.53213
774	0.41918	0.41468	0.53227
775	0.41916	0.41471	0.53239
776	0.41913	0.41472	0.53248
777	0.4191	0.41474	0.53258
778	0.41908	0.41476	0.53269
779	0.41904	0.41475	0.53278
780	0.41901	0.41475	0.53289
781	0.41899	0.41476	0.53299
782	0.41897	0.41477	0.5331
783	0.41897	0.41479	0.53322
784	0.41897	0.41481	0.53333
785	0.41896	0.41482	0.53344
786	0.41898	0.41484	0.53356
787	0.419	0.41487	0.53369
788	0.41903	0.4149	0.5338
789	0.41903	0.41492	0.53391
790	0.41905	0.41494	0.53404
791	0.41907	0.41498	0.53419
792	0.41908	0.41499	0.53432
793	0.41909	0.41501	0.53445
794	0.41912	0.41504	0.5346
795	0.41916	0.41509	0.53475
796	0.41921	0.41513	0.5349
797	0.41925	0.41516	0.53505
798	0.41929	0.4152	0.53519
799	0.41931	0.41522	0.53532
800	0.41935	0.41525	0.53546
801	0.4194	0.4153	0.53561
802	0.41945	0.41535	0.53577
803	0.41949	0.41541	0.53592
804	0.41954	0.41547	0.53607
805	0.41959	0.41552	0.53621
806	0.41963	0.41556	0.53632
807	0.41968	0.4156	0.53645
808	0.41972	0.41565	0.53658
809	0.41977	0.41568	0.53672
810	0.4198	0.4157	0.53684
811	0.41982	0.41572	0.53695
812	0.41985	0.41576	0.53708
813	0.41988	0.4158	0.53719
814	0.41991	0.41583	0.53731
815	0.41994	0.41586	0.53741
816	0.41997	0.41589	0.53754
817	0.42	0.41594	0.53765
818	0.42004	0.41599	0.53776
819	0.42009	0.41603	0.53789
820	0.42013	0.41606	0.53802
821	0.42016	0.41609	0.53813
822	0.42018	0.41612	0.53823
823	0.42021	0.41616	0.53834
824	0.42025	0.4162	0.53845
825	0.42029	0.41624	0.53856
826	0.42033	0.41629	0.53866
827	0.42035	0.41632	0.53872
828	0.42035	0.41633	0.53876
829	0.42035	0.41633	0.5388
830	0.42035	0.41634	0.53888
831	0.42037	0.41636	0.53896
832	0.42039	0.4164	0.53904
833	0.4204	0.41642	0.53912
834	0.42041	0.41644	0.5392
835	0.42042	0.41647	0.53928
836	0.42044	0.41651	0.53937
837	0.42047	0.41655	0.53945
838	0.42049	0.41658	0.53952
839	0.42049	0.41659	0.53958
840	0.4205	0.41661	0.53963
841	0.42049	0.4166	0.53967
842	0.42047	0.41659	0.53972
843	0.42045	0.41658	0.53977
844	0.42044	0.41658	0.53984
845	0.42045	0.4166	0.5399
846	0.42046	0.41664	0.53995
847	0.42047	0.41666	0.54001
848	0.42048	0.41669	0.54008
849	0.4205	0.41672	0.54014
850	0.42049	0.41672	0.54016
851	0.42047	0.41671	0.54018
852	0.42045	0.4167	0.54022
853	0.42044	0.4167	0.54027
854	0.42044	0.41671	0.54032
855	0.42042	0.4167	0.54034
856	0.42037	0.41665	0.54035
857	0.42033	0.41663	0.54038
858	0.42031	0.41662	0.54043
859	0.42029	0.41662	0.54049
860	0.4203	0.41664	0.54056
861	0.4203	0.41665	0.54061
862	0.42027	0.41663	0.54063
863	0.42022	0.41661	0.54062
864	0.42018	0.41659	0.54061
865	0.42016	0.41658	0.54063
866	0.42014	0.41658	0.54065
867	0.42012	0.41657	0.54066
868	0.42008	0.41654	0.54063
869	0.42002	0.41649	0.5406
870	0.41996	0.41643	0.5406
871	0.41995	0.41641	0.54066
872	0.41993	0.41638	0.54071
873	0.41991	0.41635	0.54074
874	0.41989	0.41632	0.54078
875	0.41986	0.41629	0.54081
876	0.41982	0.41625	0.54083
877	0.41976	0.41619	0.54083
878	0.41975	0.4162	0.54085
879	0.41974	0.4162	0.54086
880	0.41969	0.41615	0.54084
881	0.4196	0.41606	0.54078
882	0.41953	0.416	0.54072
883	0.41948	0.41595	0.54071
884	0.41945	0.41591	0.54071
885	0.41939	0.41586	0.54071
886	0.41933	0.4158	0.54068
887	0.41926	0.41572	0.54064
888	0.41919	0.41566	0.54061
889	0.41917	0.41565	0.54063
890	0.41914	0.41563	0.54066
891	0.41909	0.41559	0.54067
892	0.41908	0.41558	0.54068
893	0.41904	0.41555	0.54069
894	0.419	0.41551	0.5407
895	0.41898	0.41549	0.54071
896	0.41899	0.41549	0.54074
897	0.41896	0.41546	0.54074
898	0.41888	0.41538	0.54071
899	0.41879	0.41531	0.54068
900	0.41873	0.41525	0.54065
901	0.41866	0.41518	0.5406
902	0.41857	0.4151	0.54056
903	0.41854	0.41507	0.54056
904	0.41849	0.41502	0.54055
905	0.41841	0.41493	0.54051
906	0.41831	0.41485	0.54045
907	0.41825	0.41479	0.54042
908	0.41822	0.41475	0.54041
909	0.41817	0.41471	0.54039
910	0.41813	0.41467	0.54037
911	0.41809	0.41464	0.54036
912	0.41803	0.4146	0.54035
913	0.41796	0.41454	0.54031
914	0.41787	0.41445	0.54027
915	0.4178	0.41436	0.54025
916	0.41776	0.4143	0.54026
917	0.41773	0.41425	0.54028
918	0.41767	0.41417	0.54028
919	0.41763	0.41412	0.54028
920	0.41763	0.41411	0.54031
921	0.41757	0.41405	0.54029
922	0.41748	0.41397	0.54027
923	0.41738	0.41389	0.54024
924	0.41728	0.4138	0.54018
925	0.41715	0.41369	0.5401
926	0.417	0.41354	0.53998
927	0.41682	0.41335	0.53983
928	0.41664	0.41319	0.53975
929	0.41653	0.41307	0.53971
930	0.41646	0.41297	0.53969
931	0.41637	0.41287	0.53966
932	0.41636	0.41285	0.53968
933	0.41634	0.41284	0.53972
934	0.41628	0.41277	0.53974
935	0.41609	0.41258	0.53967
936	0.4159	0.41238	0.53953
937	0.4157	0.41217	0.53936
938	0.41547	0.41194	0.53916
939	0.41519	0.41166	0.53896
940	0.41488	0.41135	0.53871
941	0.41457	0.41107	0.53847
942	0.41429	0.41082	0.53827
943	0.41409	0.41063	0.53813
944	0.41391	0.41044	0.53799
945	0.41373	0.41026	0.53785
946	0.41359	0.41012	0.53773
947	0.41337	0.4099	0.53753
948	0.41314	0.40965	0.53732
949	0.41293	0.40938	0.53709
950	0.41269	0.4091	0.53678
951	0.41244	0.40881	0.53651
952	0.41215	0.40848	0.53622
953	0.41179	0.40808	0.53583
954	0.41141	0.40769	0.53544
955	0.4111	0.40735	0.53509
956	0.41081	0.40704	0.53481
957	0.4105	0.40672	0.53455
958	0.41019	0.40642	0.53428
959	0.40988	0.40612	0.53398
960	0.40958	0.40582	0.53367
961	0.40929	0.40555	0.53338
962	0.409	0.40527	0.53314
963	0.4087	0.40499	0.53293
964	0.4084	0.40468	0.5327
965	0.40809	0.40437	0.53244
966	0.4079	0.40415	0.53226
967	0.40779	0.40402	0.53216
968	0.40771	0.40393	0.53214
969	0.40767	0.40384	0.5321
970	0.40762	0.40377	0.53212
971	0.40757	0.40373	0.5322
972	0.40758	0.40374	0.53231
973	0.4076	0.40377	0.53234
974	0.40755	0.40375	0.53233
975	0.40747	0.40369	0.53233
976	0.40734	0.40356	0.53234
977	0.40715	0.40337	0.53238
978	0.40694	0.40314	0.53233
979	0.40674	0.40293	0.53223
980	0.40669	0.40288	0.53225
981	0.40672	0.40286	0.53232
982	0.40671	0.4028	0.53242
983	0.40665	0.4027	0.53249
984	0.40663	0.40266	0.53257
985	0.40663	0.40264	0.53273
986	0.40667	0.40269	0.53291
987	0.40674	0.40283	0.53306
988	0.40682	0.40295	0.53324
989	0.40697	0.40315	0.53352
990	0.40712	0.40335	0.53386
991	0.40715	0.40345	0.53418
992	0.40722	0.40355	0.53442
993	0.40738	0.40375	0.53471
994	0.40763	0.40403	0.53508
995	0.40796	0.40434	0.53548
996	0.40832	0.40467	0.53706
997	0.4085	0.40486	0.53761
998	0.4086	0.40495	0.53722
999	0.40857	0.40496	0.53614
1000	0.40847	0.40496	0.53447
1001	0.40835	0.40496	0.5324
1002	0.40826	0.40496	0.53013
1003	0.40822	0.40497	0.52784
1004	0.40813	0.40489	0.52555
1005	0.40801	0.40474	0.5235
1006	0.40792	0.4046	0.52186
1007	0.40788	0.40449	0.52074
1008	0.40789	0.40439	0.52027
1009	0.40797	0.40434	0.52067
1010	0.40811	0.40435	0.52211
1011	0.40815	0.40438	0.52235
1012	0.40822	0.4045	0.5225
1013	0.4083	0.40467	0.52263
1014	0.40837	0.40489	0.52275
1015	0.40847	0.40513	0.52283
1016	0.40864	0.4054	0.52292
1017	0.40886	0.40571	0.52296
1018	0.40908	0.40598	0.52292
1019	0.40925	0.40618	0.52287
1020	0.40935	0.40633	0.52273
1021	0.40939	0.40638	0.5225
1022	0.40939	0.40633	0.52234
1023	0.40939	0.40626	0.52233
1024	0.40943	0.40627	0.52241
1025	0.40955	0.40638	0.52253
1026	0.40966	0.4065	0.52273
1027	0.40974	0.40659	0.52302
1028	0.40985	0.40668	0.52335
1029	0.41	0.40678	0.5237
1030	0.4102	0.40691	0.52411
1031	0.41046	0.40708	0.5245
1032	0.41072	0.40723	0.52481
1033	0.41092	0.40739	0.52502
1034	0.41104	0.40751	0.52514
1035	0.41108	0.40751	0.52525
1036	0.41107	0.40745	0.52541
1037	0.41104	0.40737	0.52553
1038	0.41098	0.40729	0.52555
1039	0.4109	0.40724	0.52551
1040	0.41081	0.40723	0.52547
1041	0.41076	0.40726	0.52549
1042	0.41078	0.40734	0.52555
1043	0.41082	0.40744	0.52567
1044	0.41088	0.40755	0.52585
1045	0.4109	0.40764	0.52595
1046	0.4109	0.40776	0.52597
1047	0.4109	0.40788	0.52599
1048	0.41093	0.40793	0.52606
1049	0.41097	0.40797	0.52614
1050	0.41106	0.40802	0.52622
1051	0.41116	0.40806	0.52628
1052	0.41131	0.40811	0.52633
1053	0.41148	0.40822	0.52641
1054	0.41163	0.40836	0.52651
1055	0.41176	0.40851	0.52664
1056	0.41188	0.40861	0.52678
1057	0.41193	0.40865	0.52693
1058	0.4119	0.40865	0.52707
1059	0.41179	0.40862	0.52712
1060	0.41167	0.40856	0.52708
1061	0.41156	0.40845	0.52701
1062	0.41147	0.40834	0.52694
1063	0.41142	0.40827	0.52685
1064	0.4114	0.40824	0.5268
1065	0.41142	0.40823	0.52677
1066	0.41147	0.40824	0.52675
1067	0.41151	0.40828	0.52677
1068	0.41151	0.40833	0.52679
1069	0.41151	0.40841	0.52679
1070	0.41154	0.40849	0.5268
1071	0.41155	0.40859	0.52688
1072	0.41154	0.40867	0.527
1073	0.41156	0.40872	0.52707
1074	0.4116	0.4087	0.52708
1075	0.41163	0.40866	0.52708
1076	0.41166	0.40863	0.52709
1077	0.41162	0.40856	0.52709
1078	0.41154	0.40845	0.52708
1079	0.41145	0.40834	0.52704
1080	0.41137	0.40825	0.52705
1081	0.41129	0.40818	0.52708
1082	0.41119	0.40809	0.52703
1083	0.41106	0.40798	0.52691
1084	0.41091	0.40785	0.52682
1085	0.41077	0.40773	0.52679
1086	0.41065	0.40764	0.52672
1087	0.41056	0.40756	0.52661
1088	0.41048	0.40749	0.52651
1089	0.4104	0.40744	0.52643
1090	0.41029	0.40736	0.52632
1091	0.41013	0.40723	0.52618
1092	0.40996	0.40709	0.52606
1093	0.40981	0.407	0.52596
1094	0.40978	0.40697	0.52589
1095	0.40982	0.40696	0.52581
1096	0.40984	0.40691	0.52567
1097	0.40981	0.40684	0.52554
1098	0.40977	0.40675	0.52547
1099	0.40975	0.40668	0.52547
1100	0.40973	0.40662	0.52551
1101	0.40971	0.40658	0.5256
1102	0.40969	0.40654	0.52572
1103	0.40963	0.40648	0.52585
1104	0.40952	0.40638	0.52594
1105	0.40935	0.40623	0.52599
1106	0.4091	0.40605	0.52601
1107	0.40888	0.40585	0.52594
1108	0.40871	0.40565	0.52579
1109	0.40855	0.40545	0.52554
1110	0.40834	0.40524	0.52524
1111	0.40813	0.40505	0.525
1112	0.40798	0.40491	0.52485
1113	0.40786	0.4048	0.52473
1114	0.40777	0.40472	0.5246
1115	0.40771	0.40466	0.52447
1116	0.40767	0.40463	0.52437
1117	0.40759	0.4046	0.52429
1118	0.40746	0.40451	0.52415
1119	0.40725	0.40435	0.52398
1120	0.40699	0.40406	0.52378
1121	0.40673	0.40368	0.52353
1122	0.4065	0.40329	0.5232
1123	0.40628	0.40293	0.52281
1124	0.40604	0.4026	0.52247
1125	0.40578	0.40232	0.52219
1126	0.40552	0.40203	0.52187
1127	0.40525	0.40172	0.52148
1128	0.40497	0.4014	0.52107
1129	0.40468	0.40106	0.52069
1130	0.40434	0.40072	0.52032
1131	0.40391	0.40035	0.5199
1132	0.40342	0.39991	0.51942
1133	0.40287	0.3994	0.51889
1134	0.40227	0.39882	0.51833
1135	0.40163	0.3982	0.51769
1136	0.401	0.39757	0.51694
1137	0.40036	0.39693	0.51615
1138	0.39968	0.39625	0.51532
1139	0.39893	0.3955	0.51443
1140	0.39816	0.39469	0.51349
1141	0.39737	0.39386	0.5126
1142	0.39656	0.39302	0.51177
1143	0.39572	0.39221	0.51096
1144	0.39485	0.39141	0.51015
1145	0.39395	0.39059	0.50931
1146	0.39305	0.38972	0.50846
1147	0.39216	0.38884	0.50759
1148	0.39129	0.38795	0.50672
1149	0.39047	0.38705	0.50589
1150	0.38971	0.38619	0.50507
1151	0.38904	0.38537	0.50426
1152	0.38839	0.38456	0.50345
1153	0.38776	0.38378	0.50263
1154	0.38717	0.38303	0.50188
1155	0.38661	0.38234	0.50123
1156	0.38609	0.38172	0.50061
1157	0.38561	0.38117	0.50001
1158	0.38514	0.38066	0.49948
1159	0.38466	0.38018	0.499
1160	0.38421	0.37975	0.49858
1161	0.38381	0.37938	0.49822
1162	0.38346	0.37907	0.4979
1163	0.38317	0.37884	0.49763
1164	0.3829	0.37865	0.49741
1165	0.38263	0.37848	0.49722
1166	0.38238	0.37831	0.49704
1167	0.38216	0.37813	0.49686
1168	0.38197	0.37793	0.49666
1169	0.38182	0.37775	0.49645
1170	0.38169	0.37758	0.49623
1171	0.38156	0.3774	0.49608
1172	0.38142	0.37723	0.49598
1173	0.38128	0.37708	0.4959
1174	0.38116	0.37694	0.49581
1175	0.38107	0.37683	0.4957
1176	0.38099	0.37674	0.49558
1177	0.3809	0.37665	0.49553
1178	0.38079	0.37656	0.49552
1179	0.38065	0.37642	0.49551
1180	0.38052	0.37625	0.49546
1181	0.3804	0.37608	0.49536
1182	0.38028	0.37593	0.49524
1183	0.38016	0.3758	0.4951
1184	0.38002	0.37567	0.495
1185	0.37985	0.37555	0.49493
1186	0.37969	0.37546	0.49485
1187	0.37955	0.37539	0.49475
1188	0.37946	0.37535	0.49465
1189	0.37943	0.37534	0.49454
1190	0.37943	0.37532	0.4944
1191	0.37944	0.3753	0.49428
1192	0.37943	0.37523	0.49417
1193	0.3794	0.37511	0.49404
1194	0.37934	0.37497	0.49391
1195	0.37925	0.37484	0.49379
1196	0.37914	0.37472	0.49371
1197	0.37902	0.37459	0.49367
1198	0.37887	0.37448	0.49367
1199	0.3787	0.37437	0.49371
1200	0.37857	0.37431	0.49379
1201	0.37854	0.37429	0.4939
1202	0.37859	0.37432	0.49407
1203	0.37869	0.37439	0.49426
1204	0.3788	0.37447	0.49441
1205	0.37888	0.37454	0.49454
1206	0.37893	0.37459	0.49466
1207	0.37897	0.37463	0.49477
1208	0.37897	0.37466	0.49485
1209	0.37897	0.37468	0.49488
1210	0.37896	0.3747	0.49488
1211	0.37894	0.37472	0.49488
1212	0.37891	0.37474	0.49488
1213	0.37894	0.3748	0.49491
1214	0.37906	0.37491	0.49499
1215	0.37923	0.37504	0.49514
1216	0.37942	0.37517	0.49537
1217	0.37961	0.37533	0.49563
1218	0.37978	0.37548	0.49588
1219	0.3799	0.37561	0.49606
1220	0.37999	0.37573	0.49623
1221	0.38006	0.37586	0.4964
1222	0.38011	0.37599	0.49654
1223	0.38016	0.37611	0.49664
1224	0.38023	0.37621	0.49671
1225	0.38029	0.3763	0.49679
1226	0.38034	0.37638	0.49688
1227	0.3804	0.37647	0.497
1228	0.38049	0.37655	0.49717
1229	0.38062	0.37663	0.4974
1230	0.38078	0.37672	0.49764
1231	0.38095	0.37683	0.4979
1232	0.38107	0.37694	0.49815
1233	0.38115	0.37704	0.49836
1234	0.38124	0.37714	0.4986
1235	0.38133	0.37726	0.49886
1236	0.38145	0.37741	0.4991
1237	0.38158	0.37754	0.49929
1238	0.38171	0.37768	0.49945
1239	0.38179	0.37783	0.49957
1240	0.38185	0.37798	0.49966
1241	0.38194	0.37815	0.49974
1242	0.38205	0.3783	0.4998
1243	0.38217	0.37841	0.49984
1244	0.38229	0.37849	0.49991
1245	0.38239	0.37855	0.50004
1246	0.38242	0.37856	0.50017
1247	0.38242	0.37852	0.50028
1248	0.38242	0.37846	0.50041
1249	0.3824	0.3784	0.50054
1250	0.3824	0.37837	0.50066
1251	0.38242	0.37838	0.50078
1252	0.38246	0.37843	0.50088
1253	0.38253	0.3785	0.50096
1254	0.38262	0.3786	0.50103
1255	0.38277	0.37876	0.50107
1256	0.38293	0.37892	0.50111
1257	0.38309	0.37909	0.50122
1258	0.38322	0.37925	0.50139
1259	0.38333	0.37939	0.50156
1260	0.38338	0.37948	0.50165
1261	0.38339	0.3795	0.50167
1262	0.38336	0.37947	0.50168
1263	0.38329	0.37941	0.50167
1264	0.38322	0.37934	0.50165
1265	0.38315	0.37926	0.50163
1266	0.38308	0.37915	0.50163
1267	0.383	0.37903	0.50164
1268	0.38292	0.37893	0.50166
1269	0.38284	0.37887	0.50167
1270	0.38272	0.37882	0.50166
1271	0.38256	0.37878	0.50168
1272	0.38245	0.37876	0.5017
1273	0.38237	0.37877	0.50169
1274	0.38233	0.37879	0.50165
1275	0.3823	0.37879	0.5016
1276	0.3823	0.37878	0.50155
1277	0.3823	0.37876	0.50152
1278	0.38232	0.37875	0.50149
1279	0.38235	0.37873	0.50147
1280	0.38237	0.37865	0.50144
1281	0.38234	0.37852	0.5014
1282	0.38224	0.37834	0.50133
1283	0.38205	0.3781	0.50121
1284	0.38182	0.37784	0.50105
1285	0.38159	0.3776	0.50088
1286	0.38138	0.37739	0.50071
1287	0.38118	0.3772	0.5005
1288	0.38099	0.37701	0.50027
1289	0.3808	0.37683	0.50003
1290	0.3806	0.37664	0.49977
1291	0.38037	0.37643	0.49946
1292	0.38014	0.37624	0.49913
1293	0.3799	0.37603	0.49879
1294	0.37964	0.37579	0.49844
1295	0.37937	0.37554	0.49813
1296	0.37907	0.37525	0.49785
1297	0.37875	0.37494	0.4976
1298	0.37844	0.37462	0.49737
1299	0.37811	0.37431	0.49714
1300	0.37778	0.37399	0.4969
1301	0.37747	0.37365	0.49663
1302	0.37717	0.37328	0.49632
1303	0.37683	0.37289	0.49594
1304	0.37646	0.37244	0.49549
1305	0.37607	0.37197	0.49495
1306	0.37568	0.37152	0.49438
1307	0.37529	0.37108	0.49383
1308	0.37488	0.37064	0.49332
1309	0.37446	0.37019	0.49286
1310	0.37403	0.36973	0.49242
1311	0.37358	0.36926	0.492
1312	0.3731	0.36879	0.49159
1313	0.37259	0.36829	0.49117
1314	0.37207	0.36773	0.4907
1315	0.37152	0.36712	0.49014
1316	0.37088	0.36644	0.48947
1317	0.37017	0.36573	0.48871
1318	0.36945	0.365	0.48793
1319	0.36873	0.36428	0.48713
1320	0.36801	0.36359	0.48635
1321	0.36728	0.36289	0.48561
1322	0.36655	0.36217	0.48486
1323	0.36581	0.36143	0.48409
1324	0.36505	0.36067	0.4833
1325	0.36425	0.35989	0.48251
1326	0.36343	0.35904	0.48171
1327	0.36259	0.35812	0.48088
1328	0.36175	0.35721	0.48003
1329	0.3609	0.3563	0.47912
1330	0.36	0.35538	0.47814
1331	0.35912	0.35446	0.47716
1332	0.35824	0.35355	0.47617
1333	0.35739	0.35268	0.47518
1334	0.35655	0.35183	0.4742
1335	0.35573	0.35097	0.4732
1336	0.35492	0.3501	0.47216
1337	0.35411	0.3492	0.4711
1338	0.35324	0.34828	0.47002
1339	0.35233	0.34732	0.4689
1340	0.35138	0.34634	0.4678
1341	0.35045	0.34537	0.46673
1342	0.34955	0.34444	0.46573
1343	0.34864	0.34353	0.46479
1344	0.3477	0.34261	0.46388
1345	0.34677	0.34169	0.46299
1346	0.34586	0.3408	0.46211
1347	0.34496	0.33991	0.46121
1348	0.34408	0.33904	0.46033
1349	0.34325	0.3382	0.4595
1350	0.34247	0.3374	0.45868
1351	0.34175	0.33663	0.45786
1352	0.34105	0.33588	0.45701
1353	0.34033	0.33511	0.45611
1354	0.33962	0.33432	0.45517
1355	0.3389	0.3335	0.45425
1356	0.33814	0.33265	0.45335
1357	0.33739	0.33183	0.45254
1358	0.33662	0.33101	0.45179
1359	0.33581	0.33015	0.45103
1360	0.33492	0.32925	0.45022
1361	0.33395	0.32831	0.44931
1362	0.33295	0.32734	0.44836
1363	0.33195	0.32635	0.44739
1364	0.33094	0.32531	0.44636
1365	0.32991	0.32423	0.44525
1366	0.32881	0.32306	0.44402
1367	0.32761	0.32181	0.44265
1368	0.32638	0.32051	0.44119
1369	0.32507	0.31916	0.43965
1370	0.32369	0.31776	0.43807
1371	0.32225	0.31633	0.43643
1372	0.32069	0.31483	0.43469
1373	0.31899	0.31321	0.43277
1374	0.31718	0.31148	0.43073
1375	0.31527	0.30961	0.4285
1376	0.3133	0.30762	0.4261
1377	0.31121	0.30545	0.42352
1378	0.30897	0.30309	0.42076
1379	0.30654	0.30053	0.41778
1380	0.30391	0.29778	0.41458
1381	0.30107	0.29484	0.41113
1382	0.29807	0.29176	0.40748
1383	0.29486	0.28849	0.40355
1384	0.29145	0.28505	0.39934
1385	0.28785	0.28145	0.39483
1386	0.28408	0.2777	0.39008
1387	0.28016	0.2738	0.38511
1388	0.27613	0.26977	0.37997
1389	0.27194	0.26557	0.3746
1390	0.26768	0.26128	0.36908
1391	0.26332	0.2569	0.36344
1392	0.2589	0.25244	0.3577
1393	0.25443	0.24794	0.35188
1394	0.24989	0.24342	0.34599
1395	0.2453	0.23886	0.34001
1396	0.2407	0.23432	0.33401
1397	0.23609	0.22975	0.32795
1398	0.23151	0.22522	0.32186
1399	0.22698	0.22072	0.31578
1400	0.22253	0.21629	0.30975
1401	0.21817	0.21195	0.30384
1402	0.2139	0.20771	0.29803
1403	0.20973	0.20353	0.29229
1404	0.20574	0.19952	0.28673
1405	0.20192	0.19568	0.28134
1406	0.19829	0.19202	0.27615
1407	0.19487	0.1886	0.2712
1408	0.19162	0.18537	0.26647
1409	0.1885	0.18229	0.26192
1410	0.18552	0.17936	0.25759
1411	0.18265	0.17654	0.25346
1412	0.17992	0.17388	0.24955
1413	0.17732	0.17138	0.24587
1414	0.17487	0.16905	0.24244
1415	0.17259	0.16688	0.23924
1416	0.17046	0.16485	0.2362
1417	0.16844	0.16289	0.2333
1418	0.16655	0.16108	0.23061
1419	0.16483	0.15942	0.22813
1420	0.16329	0.15793	0.22587
1421	0.1619	0.15659	0.22378
1422	0.16059	0.15535	0.22183
1423	0.15935	0.15415	0.21997
1424	0.15817	0.15301	0.21824
1425	0.15706	0.15193	0.21661
1426	0.15603	0.15094	0.21512
1427	0.15508	0.15003	0.21375
1428	0.1542	0.14917	0.21248
1429	0.1534	0.14835	0.21127
1430	0.15265	0.14756	0.21015
1431	0.15193	0.14678	0.20911
1432	0.15127	0.14606	0.20817
1433	0.15068	0.14543	0.20735
1434	0.15014	0.14491	0.20664
1435	0.14964	0.14446	0.206
1436	0.14919	0.14407	0.20543
1437	0.14878	0.14373	0.2049
1438	0.1484	0.14342	0.20443
1439	0.14806	0.14316	0.20401
1440	0.14776	0.14292	0.20365
1441	0.1475	0.1427	0.20334
1442	0.14728	0.14252	0.20307
1443	0.1471	0.14237	0.20285
1444	0.14693	0.14222	0.20267
1445	0.14676	0.14204	0.20249
1446	0.14651	0.1418	0.20226
1447	0.14624	0.14155	0.20204
1448	0.14601	0.14132	0.20188
1449	0.14586	0.14114	0.20178
1450	0.14577	0.14102	0.20174
1451	0.1459	0.14114	0.20194
1452	0.14589	0.14111	0.20202
1453	0.14589	0.1411	0.20213
1454	0.14592	0.1411	0.20227
1455	0.14597	0.14112	0.20245
1456	0.14604	0.14116	0.20267
1457	0.14614	0.14124	0.20294
1458	0.14627	0.14137	0.20327
1459	0.14643	0.14155	0.20366
1460	0.14665	0.14176	0.2041
1461	0.14691	0.142	0.2046
1462	0.1472	0.14227	0.20515
1463	0.14752	0.14258	0.20575
1464	0.14788	0.14294	0.20641
1465	0.14827	0.14332	0.20712
1466	0.1487	0.14375	0.20789
1467	0.14916	0.14421	0.2087
1468	0.14965	0.1447	0.20957
1469	0.15016	0.14521	0.2105
1470	0.15068	0.14573	0.21146
1471	0.15124	0.14627	0.21245
1472	0.15183	0.14685	0.21352
1473	0.15248	0.14748	0.21465
1474	0.15316	0.14815	0.21584
1475	0.15388	0.14887	0.21708
1476	0.15464	0.14962	0.21837
1477	0.15543	0.1504	0.21971
1478	0.15625	0.15121	0.22107
1479	0.15708	0.15202	0.22245
1480	0.15793	0.15286	0.22387
1481	0.15881	0.1537	0.22531
1482	0.1597	0.15457	0.22678
1483	0.1606	0.15545	0.22827
1484	0.16152	0.15635	0.22978
1485	0.16246	0.15727	0.23132
1486	0.16341	0.15821	0.23287
1487	0.16438	0.15916	0.23444
1488	0.16536	0.16012	0.23602
1489	0.16636	0.16109	0.23762
1490	0.16737	0.16208	0.23924
1491	0.16841	0.16309	0.24088
1492	0.16945	0.16412	0.24253
1493	0.17048	0.16515	0.24417
1494	0.17153	0.1662	0.24583
1495	0.17259	0.16724	0.24748
1496	0.17366	0.16829	0.24915
1497	0.17472	0.16934	0.2508
1498	0.17578	0.1704	0.25246
1499	0.17684	0.17147	0.25411
1500	0.17788	0.17253	0.25576
1501	0.17894	0.17358	0.25739
1502	0.17999	0.17462	0.25902
1503	0.18103	0.17565	0.26064
1504	0.18209	0.17671	0.26229
1505	0.18317	0.17777	0.26394
1506	0.18425	0.17884	0.26559
1507	0.18533	0.1799	0.26724
1508	0.1864	0.18096	0.26888
1509	0.18747	0.18202	0.27051
1510	0.18855	0.18308	0.27213
1511	0.18963	0.18416	0.27376
1512	0.19073	0.18525	0.27539
1513	0.19183	0.18633	0.27701
1514	0.19292	0.1874	0.27861
1515	0.194	0.18844	0.2802
1516	0.19507	0.18948	0.28178
1517	0.19613	0.19051	0.28334
1518	0.1972	0.19156	0.28491
1519	0.19826	0.19261	0.28647
1520	0.19932	0.19365	0.28801
1521	0.20038	0.19469	0.28955
1522	0.20143	0.19572	0.29108
1523	0.20249	0.19674	0.29259
1524	0.20354	0.19775	0.29408
1525	0.20459	0.19876	0.29556
1526	0.20563	0.19976	0.29704
1527	0.20666	0.20075	0.29849
1528	0.20767	0.20173	0.29991
1529	0.20867	0.20271	0.30133
1530	0.20966	0.20368	0.30275
1531	0.21064	0.20465	0.30415
1532	0.21161	0.2056	0.30553
1533	0.21258	0.20655	0.30691
1534	0.21352	0.20749	0.30827
1535	0.21446	0.20843	0.30962
1536	0.21539	0.20935	0.31094
1537	0.2163	0.21027	0.31224
1538	0.21719	0.21116	0.31354
1539	0.21808	0.21205	0.31483
1540	0.21897	0.21295	0.31613
1541	0.21985	0.21383	0.31741
1542	0.22069	0.21468	0.31867
1543	0.22154	0.21554	0.3199
1544	0.22239	0.2164	0.32113
1545	0.22324	0.21727	0.32236
1546	0.2241	0.21815	0.32359
1547	0.22496	0.21904	0.32483
1548	0.22582	0.21992	0.32606
1549	0.22667	0.22077	0.32723
1550	0.22749	0.2216	0.32837
1551	0.22829	0.22241	0.32949
1552	0.22908	0.22323	0.3306
1553	0.22988	0.22404	0.33172
1554	0.23069	0.22486	0.33284
1555	0.23149	0.22566	0.33394
1556	0.23226	0.22644	0.33503
1557	0.23302	0.22722	0.33609
1558	0.23377	0.22799	0.33713
1559	0.2345	0.22875	0.33816
1560	0.23524	0.2295	0.3392
1561	0.23597	0.23023	0.34022
1562	0.2367	0.23095	0.34124
1563	0.23742	0.23168	0.34225
1564	0.23814	0.2324	0.34326
1565	0.23884	0.23311	0.34425
1566	0.23954	0.2338	0.34522
1567	0.24023	0.23447	0.34617
1568	0.2409	0.23514	0.34712
1569	0.24156	0.23579	0.34806
1570	0.2422	0.23644	0.34899
1571	0.24284	0.23709	0.3499
1572	0.24346	0.23772	0.35079
1573	0.24407	0.23832	0.35165
1574	0.24468	0.23891	0.3525
1575	0.24527	0.23949	0.35334
1576	0.24586	0.24007	0.35417
1577	0.24645	0.24066	0.35499
1578	0.24706	0.24126	0.35582
1579	0.24768	0.24186	0.35664
1580	0.2483	0.24246	0.35747
1581	0.24892	0.24305	0.35828
1582	0.24952	0.24364	0.35906
1583	0.25012	0.24422	0.35983
1584	0.25071	0.24478	0.36057
1585	0.25129	0.24532	0.36129
1586	0.25186	0.24586	0.36202
1587	0.25244	0.24642	0.36278
1588	0.25303	0.24697	0.36355
1589	0.25361	0.24752	0.36431
1590	0.25415	0.24804	0.36503
1591	0.25466	0.24857	0.36574
1592	0.25517	0.2491	0.36645
1593	0.25567	0.24961	0.36715
1594	0.25617	0.25013	0.36786
1595	0.25668	0.25064	0.36859
1596	0.25719	0.25116	0.36931
1597	0.25768	0.25166	0.37
1598	0.25816	0.25215	0.37067
1599	0.25865	0.25263	0.37136
1600	0.25915	0.25311	0.37205
1601	0.25962	0.25358	0.37273
1602	0.26006	0.25404	0.37341
1603	0.2605	0.2545	0.37408
1604	0.26095	0.25498	0.37473
1605	0.26139	0.25546	0.37538
1606	0.26183	0.25594	0.37603
1607	0.26227	0.25641	0.37667
1608	0.2627	0.25687	0.37729
1609	0.26312	0.25731	0.37792
1610	0.26356	0.25777	0.37857
1611	0.26399	0.25823	0.3792
1612	0.26443	0.25868	0.37983
1613	0.26488	0.25914	0.38046
1614	0.26532	0.25959	0.38108
1615	0.26575	0.26002	0.38168
1616	0.26617	0.26044	0.38224
1617	0.26659	0.26084	0.38278
1618	0.26701	0.26123	0.38332
1619	0.2674	0.26161	0.38388
1620	0.26777	0.26199	0.38446
1621	0.26815	0.26235	0.38505
1622	0.26853	0.2627	0.38562
1623	0.2689	0.26304	0.38616
1624	0.26923	0.26336	0.38667
1625	0.26953	0.26367	0.38714
1626	0.26985	0.26399	0.38763
1627	0.27017	0.26431	0.38811
1628	0.27048	0.26462	0.38859
1629	0.2708	0.26492	0.38906
1630	0.27111	0.26522	0.38951
1631	0.27142	0.26552	0.38994
1632	0.27172	0.26581	0.39034
1633	0.27201	0.26607	0.39073
1634	0.2723	0.26632	0.39112
1635	0.27257	0.26659	0.3915
1636	0.2728	0.26685	0.39186
1637	0.273	0.26708	0.39219
1638	0.2732	0.2673	0.3925
1639	0.2734	0.26754	0.39277
1640	0.27359	0.26777	0.39302
1641	0.27377	0.26798	0.3933
1642	0.27395	0.26818	0.39357
1643	0.27413	0.26838	0.39383
1644	0.27433	0.26859	0.39409
1645	0.27451	0.26878	0.39432
1646	0.27466	0.26894	0.39453
1647	0.27481	0.26909	0.39471
1648	0.27495	0.26925	0.39488
1649	0.27508	0.2694	0.39504
1650	0.2752	0.26953	0.3952
1651	0.2753	0.26964	0.39535
1652	0.27538	0.26972	0.39549
1653	0.27543	0.26979	0.39564
1654	0.27546	0.26985	0.3958
1655	0.27547	0.26989	0.39594
1656	0.27549	0.26992	0.39606
1657	0.27551	0.26995	0.39617
1658	0.27553	0.26999	0.39627
1659	0.27555	0.27002	0.39638
1660	0.27557	0.27006	0.39649
1661	0.27561	0.2701	0.3966
1662	0.27566	0.27013	0.39672
1663	0.27572	0.27013	0.39684
1664	0.27579	0.27012	0.39696
1665	0.27587	0.27014	0.3971
1666	0.27595	0.27016	0.39726
1667	0.27601	0.27018	0.3974
1668	0.27605	0.27019	0.39753
1669	0.27608	0.27018	0.39767
1670	0.2761	0.27017	0.39781
1671	0.27612	0.27017	0.39796
1672	0.27614	0.27017	0.3981
1673	0.27615	0.27017	0.39821
1674	0.27614	0.27017	0.39831
1675	0.27612	0.27017	0.39839
1676	0.27611	0.27015	0.39848
1677	0.2761	0.27012	0.39857
1678	0.2761	0.2701	0.39864
1679	0.27609	0.27007	0.39869
1680	0.27603	0.27	0.3987
1681	0.27592	0.26988	0.39867
1682	0.27579	0.26975	0.39862
1683	0.27566	0.26962	0.39855
1684	0.2755	0.26947	0.39846
1685	0.2753	0.2693	0.39835
1686	0.27506	0.2691	0.3982
1687	0.27479	0.26885	0.398
1688	0.2745	0.26859	0.39778
1689	0.27419	0.26831	0.39755
1690	0.27388	0.26803	0.3973
1691	0.27357	0.26773	0.397
1692	0.27327	0.26744	0.3967
1693	0.273	0.26717	0.39642
1694	0.27273	0.26688	0.39613
1695	0.27243	0.26657	0.39582
1696	0.27214	0.26625	0.39549
1697	0.27186	0.26591	0.39514
1698	0.27157	0.26558	0.39477
1699	0.27127	0.26524	0.3944
1700	0.27098	0.26493	0.39403
1701	0.27069	0.26462	0.39368
1702	0.27041	0.26431	0.39333
1703	0.27013	0.26401	0.393
1704	0.26986	0.26372	0.3927
1705	0.26962	0.26345	0.39243
1706	0.26939	0.2632	0.39216
1707	0.26914	0.26299	0.39188
1708	0.26887	0.26277	0.39158
1709	0.26858	0.26255	0.39125
1710	0.26829	0.26231	0.39092
1711	0.26801	0.26205	0.39059
1712	0.26774	0.2618	0.39026
1713	0.26747	0.26153	0.38993
1714	0.26716	0.26127	0.38959
1715	0.26683	0.26098	0.38925
1716	0.26648	0.26069	0.38886
1717	0.26612	0.26039	0.38846
1718	0.26577	0.26011	0.38807
1719	0.26543	0.25983	0.38769
1720	0.26504	0.25951	0.38728
1721	0.26463	0.25915	0.38683
1722	0.26421	0.25876	0.3864
1723	0.26379	0.25837	0.38599
1724	0.2634	0.258	0.38561
1725	0.26301	0.25764	0.38525
1726	0.26262	0.25727	0.38486
1727	0.26222	0.25689	0.38447
1728	0.26187	0.25654	0.38411
1729	0.26154	0.25619	0.38376
1730	0.26117	0.25582	0.38338
1731	0.26079	0.25543	0.38299
1732	0.26044	0.25504	0.38258
1733	0.2601	0.25466	0.38216
1734	0.25975	0.25427	0.38174
1735	0.2594	0.25386	0.38131
1736	0.25906	0.25346	0.3809
1737	0.25873	0.25307	0.38051
1738	0.25841	0.25269	0.38014
1739	0.2581	0.25233	0.37978
1740	0.25777	0.25197	0.3794
1741	0.25743	0.25162	0.37899
1742	0.25707	0.25127	0.37856
1743	0.2567	0.25091	0.37812
1744	0.25635	0.25054	0.37766
1745	0.25597	0.25016	0.37717
1746	0.25559	0.24975	0.37666
1747	0.25518	0.24932	0.37615
1748	0.25477	0.24889	0.37565
1749	0.25433	0.24844	0.37511
1750	0.25385	0.24796	0.37452
1751	0.25336	0.24748	0.3739
1752	0.25287	0.24701	0.37327
1753	0.25237	0.24653	0.37263
1754	0.25186	0.24603	0.37199
1755	0.25131	0.2455	0.37131
1756	0.25073	0.24495	0.37061
1757	0.25018	0.24442	0.36995
1758	0.24967	0.24391	0.36934
1759	0.24917	0.24342	0.36874
1760	0.2487	0.24293	0.36813
1761	0.24823	0.24244	0.36752
1762	0.24775	0.24193	0.36691
1763	0.24729	0.24143	0.3663
1764	0.24684	0.24095	0.36571
1765	0.24642	0.2405	0.36515
1766	0.24602	0.24005	0.36462
1767	0.24559	0.23956	0.36405
1768	0.24515	0.23906	0.36347
1769	0.24473	0.23857	0.36289
1770	0.24431	0.2381	0.36233
1771	0.24389	0.23766	0.36181
1772	0.2435	0.23727	0.36134
1773	0.24314	0.23689	0.36092
1774	0.2428	0.23654	0.36053
1775	0.24246	0.2362	0.36014
1776	0.24213	0.23588	0.35975
1777	0.24184	0.23559	0.35937
1778	0.24159	0.23533	0.35903
1779	0.2414	0.23513	0.35874
1780	0.24119	0.23493	0.35846
1781	0.24092	0.23468	0.35819
1782	0.24065	0.23444	0.35793
1783	0.24041	0.23422	0.3577
1784	0.24019	0.23403	0.35747
1785	0.24	0.23385	0.35759
1786	0.23987	0.23376	0.35766
1787	0.23981	0.23373	0.35772
1788	0.23969	0.23364	0.35761
1789	0.23952	0.23349	0.35733
1790	0.23936	0.23336	0.35696
1791	0.23922	0.23327	0.35657
1792	0.23914	0.23322	0.35616
1793	0.23913	0.23323	0.35578
1794	0.23915	0.23327	0.35537
1795	0.2391	0.2333	0.35492
1796	0.23902	0.23335	0.35444
1797	0.23895	0.23335	0.35392
1798	0.23889	0.23331	0.35339
1799	0.23887	0.23331	0.35296
1800	0.23891	0.23337	0.35267
1801	0.23896	0.23344	0.35241
1802	0.23895	0.23347	0.35207
1803	0.2389	0.23346	0.35168
1804	0.23895	0.23354	0.35142
1805	0.23909	0.2337	0.35126
1806	0.23928	0.23394	0.35118
1807	0.23952	0.23422	0.35117
1808	0.23969	0.23443	0.35114
1809	0.23977	0.23454	0.35107
1810	0.23982	0.2346	0.35096
1811	0.23992	0.23469	0.35087
1812	0.24005	0.23481	0.35082
1813	0.24017	0.23491	0.35086
1814	0.24027	0.23498	0.35097
1815	0.24037	0.23504	0.35115
1816	0.24044	0.23507	0.35139
1817	0.24047	0.23507	0.35174
1818	0.2405	0.23506	0.3522
1819	0.24054	0.23506	0.35271
1820	0.24058	0.23509	0.3532
1821	0.24062	0.2351	0.35371
1822	0.24066	0.23507	0.35387
1823	0.24062	0.23494	0.35395
1824	0.24045	0.23477	0.35391
1825	0.24026	0.23465	0.35388
1826	0.24012	0.23455	0.35391
1827	0.23999	0.23441	0.35394
1828	0.23991	0.23426	0.35399
1829	0.23984	0.23416	0.35405
1830	0.23969	0.23402	0.35404
1831	0.23933	0.23374	0.35389
1832	0.2389	0.23336	0.35365
1833	0.23861	0.23296	0.35348
1834	0.23839	0.23262	0.35337
1835	0.23818	0.23232	0.35335
1836	0.23796	0.23201	0.35327
1837	0.2377	0.23166	0.35304
1838	0.23745	0.23132	0.35272
1839	0.23721	0.231	0.35238
1840	0.23696	0.23068	0.35203
1841	0.23661	0.23029	0.35154
1842	0.23623	0.22983	0.3509
1843	0.23576	0.22923	0.3501
1844	0.23511	0.22845	0.34916
1845	0.23439	0.22758	0.3481
1846	0.23368	0.22679	0.34703
1847	0.23296	0.22605	0.34596
1848	0.23212	0.22523	0.34481
1849	0.23116	0.22425	0.3435
1850	0.2301	0.22318	0.34203
1851	0.22895	0.22209	0.34047
1852	0.22768	0.22093	0.33882
1853	0.22636	0.21968	0.33706
1854	0.22502	0.21838	0.33513
1855	0.22358	0.21701	0.33301
1856	0.222	0.21555	0.33078
1857	0.22026	0.21392	0.32847
1858	0.21838	0.21214	0.32605
1859	0.21637	0.21027	0.32342
1860	0.21425	0.2084	0.32059
1861	0.21207	0.2064	0.31755
1862	0.20977	0.20418	0.31431
1863	0.20732	0.2018	0.31082
1864	0.20469	0.1993	0.30706
1865	0.20186	0.19663	0.303
1866	0.19877	0.19373	0.2986
1867	0.19548	0.19064	0.29391
1868	0.19218	0.18748	0.28904
1869	0.18891	0.18424	0.28406
1870	0.18547	0.18084	0.2788
1871	0.18177	0.17721	0.27314
1872	0.17786	0.17338	0.2671
1873	0.17379	0.1694	0.26071
1874	0.16957	0.16529	0.25403
1875	0.16525	0.16105	0.24712
1876	0.16089	0.15673	0.24002
1877	0.15652	0.15234	0.23274
1878	0.15215	0.14787	0.22529
1879	0.1477	0.14337	0.21775
1880	0.14317	0.13889	0.21016
1881	0.13865	0.13449	0.20253
1882	0.13422	0.13017	0.19475
1883	0.12987	0.12589	0.18684
1884	0.12554	0.12161	0.17886
1885	0.12127	0.11739	0.17092
1886	0.11716	0.11335	0.16314
1887	0.11326	0.10954	0.15556
1888	0.10954	0.10585	0.1481
1889	0.10597	0.10224	0.14071
1890	0.10246	0.098744	0.13345
1891	0.099012	0.095404	0.12654
1892	0.095697	0.092237	0.11994
1893	0.092687	0.089311	0.11354
1894	0.089978	0.086646	0.10738
1895	0.087373	0.084107	0.10141
1896	0.084813	0.081638	0.095646
1897	0.082355	0.079281	0.090166
1898	0.080082	0.077133	0.085045
1899	0.078004	0.075216	0.080232
1900	0.076062	0.073433	0.075661
1901	0.074261	0.071783	0.071367
1902	0.072578	0.070286	0.067392
1903	0.071021	0.068923	0.063731
1904	0.069681	0.067692	0.060373
1905	0.068534	0.066571	0.057286
1906	0.067449	0.065516	0.054394
1907	0.066369	0.064502	0.051674
1908	0.065391	0.063584	0.049233
1909	0.064535	0.062739	0.047065
1910	0.063815	0.061997	0.045177
1911	0.063271	0.061441	0.043621
1912	0.062848	0.06102	0.042333
1913	0.062432	0.06061	0.041143
1914	0.062028	0.060226	0.040049
1915	0.061629	0.059854	0.039025
1916	0.061244	0.059494	0.038053
1917	0.060972	0.059211	0.037175
1918	0.060841	0.059037	0.036394
1919	0.060739	0.058922	0.035793
1920	0.060576	0.058777	0.035312
1921	0.06043	0.058636	0.034899
1922	0.060374	0.058552	0.034517
1923	0.060349	0.05849	0.034151
1924	0.060299	0.058367	0.033777
1925	0.060236	0.058213	0.033439
1926	0.060177	0.058124	0.033276
1927	0.060117	0.058102	0.033281
1928	0.06008	0.058078	0.033255
1929	0.060086	0.058035	0.033149
1930	0.060018	0.057941	0.033076
1931	0.059862	0.057818	0.033089
1932	0.05977	0.057789	0.033229
1933	0.05976	0.057846	0.033417
1934	0.05978	0.057915	0.033617
1935	0.059824	0.058007	0.033896
1936	0.059902	0.058128	0.034264
1937	0.060029	0.058234	0.03467
1938	0.060194	0.058296	0.035082
1939	0.060426	0.05839	0.035567
1940	0.060743	0.058585	0.036194
1941	0.061042	0.058824	0.03691
1942	0.061295	0.059051	0.037633
1943	0.061559	0.059273	0.038377
1944	0.061879	0.059477	0.039199
1945	0.062251	0.059694	0.040092
1946	0.062691	0.060048	0.041068
1947	0.063173	0.060509	0.042089
1948	0.063573	0.060876	0.042968
1949	0.063864	0.061109	0.043668
1950	0.064169	0.061363	0.044419
1951	0.06451	0.061671	0.045272
1952	0.064872	0.062022	0.046171
1953	0.065228	0.062357	0.047025
1954	0.065537	0.062643	0.047815
1955	0.065775	0.062918	0.048591
1956	0.065979	0.063202	0.049365
1957	0.066249	0.06352	0.050165
1958	0.066581	0.063867	0.050988
1959	0.066847	0.064191	0.051805
1960	0.067028	0.064476	0.052602
1961	0.067178	0.064773	0.053412
1962	0.067325	0.065088	0.054255
1963	0.067471	0.065394	0.055109
1964	0.067614	0.065698	0.055978
1965	0.067792	0.066043	0.056895
1966	0.068049	0.066461	0.057866
1967	0.068345	0.066903	0.058866
1968	0.06861	0.067238	0.059882
1969	0.068844	0.067478	0.060905
1970	0.069099	0.067741	0.061922
1971	0.06939	0.068059	0.062957
1972	0.069641	0.068298	0.064011
1973	0.069841	0.068421	0.065085
1974	0.070071	0.068578	0.066196
1975	0.070412	0.068892	0.067365
1976	0.070863	0.069334	0.068596
1977	0.071407	0.06984	0.069897
1978	0.072015	0.07037	0.071237
1979	0.072536	0.07082	0.07252
1980	0.072995	0.071219	0.073775
1981	0.073556	0.071745	0.075137
1982	0.074218	0.07239	0.076582
1983	0.074805	0.072936	0.077947
1984	0.075266	0.073341	0.079194
1985	0.075658	0.073687	0.080385
1986	0.076033	0.074017	0.081562
1987	0.076419	0.07434	0.082742
1988	0.076856	0.074689	0.08398
1989	0.077321	0.07507	0.085239
1990	0.077692	0.075431	0.086333
1991	0.078001	0.075793	0.08734
1992	0.078401	0.076241	0.088547
1993	0.078892	0.076763	0.08993
1994	0.079318	0.077225	0.091155
1995	0.079637	0.077582	0.092173
1996	0.080068	0.077954	0.093283
1997	0.080719	0.078435	0.094625
1998	0.081399	0.078942	0.095992
1999	0.08195	0.079383	0.097205
2000	0.082519	0.079871	0.098399
2001	0.083321	0.080573	0.099795
2002	0.084228	0.081376	0.1013
2003	0.084882	0.081956	0.10266
2004	0.08534	0.082356	0.1039
2005	0.085793	0.082807	0.10517
2006	0.086244	0.08333	0.10646
2007	0.08677	0.083995	0.10788
2008	0.087399	0.084789	0.10944
2009	0.088131	0.085621	0.111
2010	0.08897	0.086491	0.11252
2011	0.089811	0.087401	0.11405
2012	0.09053	0.088292	0.11557
2013	0.091206	0.089177	0.1171
2014	0.091982	0.090102	0.1187
2015	0.092758	0.090983	0.12028
2016	0.093471	0.091731	0.12178
2017	0.094181	0.092402	0.12324
2018	0.094943	0.093033	0.12469
2019	0.095691	0.093591	0.12608
2020	0.096325	0.094056	0.12744
2021	0.096838	0.094434	0.12875
2022	0.097381	0.094833	0.1301
2023	0.098062	0.095348	0.13161
2024	0.098818	0.095968	0.13316
2025	0.099472	0.096559	0.13452
2026	0.099957	0.097028	0.13567
2027	0.10043	0.097472	0.13694
2028	0.10097	0.097974	0.13837
2029	0.10152	0.098399	0.1396
2030	0.10202	0.098662	0.14053
2031	0.10251	0.098786	0.14153
2032	0.10308	0.098893	0.1427
2033	0.10364	0.099098	0.14382
2034	0.10408	0.09935	0.14473
2035	0.1045	0.099619	0.14557
2036	0.10501	0.099986	0.14653
2037	0.10553	0.10045	0.14758
2038	0.10585	0.10085	0.14847
2039	0.10602	0.10112	0.1492
2040	0.10635	0.10151	0.15012
2041	0.10686	0.10205	0.15128
2042	0.1074	0.10266	0.1524
2043	0.10797	0.10333	0.15345
2044	0.10849	0.10395	0.15453
2045	0.10896	0.10453	0.15565
2046	0.10953	0.10514	0.15681
2047	0.11018	0.10579	0.15793
2048	0.11091	0.10657	0.15902
2049	0.11179	0.10753	0.16021
2050	0.11269	0.10846	0.16146
2051	0.11338	0.10907	0.16251
2052	0.11391	0.10941	0.16339
2053	0.11462	0.10993	0.1645
2054	0.11548	0.11067	0.16583
2055	0.11619	0.11129	0.16702
2056	0.11667	0.11173	0.16803
2057	0.1171	0.11216	0.16896
2058	0.1176	0.11268	0.16991
2059	0.11817	0.11329	0.17092
2060	0.11874	0.11392	0.17192
2061	0.11918	0.11444	0.17287
2062	0.11947	0.11482	0.17372
2063	0.11982	0.11518	0.17456
2064	0.12039	0.11557	0.17546
2065	0.12101	0.11596	0.17636
2066	0.12154	0.1163	0.17729
2067	0.12201	0.11659	0.17822
2068	0.12249	0.11688	0.17902
2069	0.12293	0.11726	0.17968
2070	0.1233	0.11769	0.1804
2071	0.12363	0.11811	0.18121
2072	0.12407	0.11859	0.18215
2073	0.1246	0.11917	0.18317
2074	0.12513	0.11974	0.18418
2075	0.12566	0.12024	0.18515
2076	0.12621	0.12076	0.18618
2077	0.12676	0.12135	0.18725
2078	0.12725	0.1219	0.18829
2079	0.12771	0.12243	0.18938
2080	0.12812	0.123	0.19054
2081	0.1285	0.12364	0.19175
2082	0.12898	0.12433	0.19298
2083	0.1296	0.12508	0.19415
2084	0.13018	0.12589	0.19524
2085	0.1304	0.12651	0.19618
2086	0.13033	0.12687	0.19698
2087	0.13043	0.12718	0.19777
2088	0.13083	0.12762	0.19866
2089	0.13116	0.12819	0.19956
2090	0.13121	0.1287	0.20028
2091	0.13123	0.129	0.20089
2092	0.13147	0.12929	0.20166
2093	0.13188	0.12977	0.2026
2094	0.13227	0.13041	0.20362
2095	0.13266	0.13098	0.20466
2096	0.13303	0.13137	0.20555
2097	0.13339	0.13171	0.20625
2098	0.13384	0.13213	0.20696
2099	0.13449	0.1326	0.20779
2100	0.13529	0.1331	0.2087
2101	0.13604	0.13361	0.20954
2102	0.13656	0.13406	0.2102
2103	0.13698	0.13441	0.21071
2104	0.13748	0.1348	0.21125
2105	0.13808	0.13536	0.21196
2106	0.13882	0.13601	0.21284
2107	0.13966	0.1366	0.21373
2108	0.14044	0.13708	0.21463
2109	0.14114	0.13749	0.2156
2110	0.1418	0.13792	0.21665
2111	0.14246	0.13839	0.21775
2112	0.14316	0.13891	0.21894
2113	0.14375	0.13934	0.22026
2114	0.14412	0.13961	0.22156
2115	0.14426	0.13979	0.22273
2116	0.14426	0.13993	0.22379
2117	0.14443	0.14019	0.2248
2118	0.14481	0.14059	0.22576
2119	0.14516	0.14094	0.22658
2120	0.14518	0.1411	0.22726
2121	0.14509	0.14121	0.22784
2122	0.14533	0.14153	0.22851
2123	0.1457	0.1419	0.22922
2124	0.14577	0.14212	0.22977
2125	0.14564	0.14227	0.2302
2126	0.1458	0.14248	0.23078
2127	0.14631	0.14277	0.2316
2128	0.14685	0.14319	0.23244
2129	0.14731	0.14372	0.2331
2130	0.14756	0.14407	0.23352
2131	0.14762	0.14416	0.23375
2132	0.14755	0.14418	0.2338
2133	0.14754	0.14431	0.23383
2134	0.14776	0.14451	0.23403
2135	0.14806	0.14468	0.23431
2136	0.14829	0.14496	0.23457
2137	0.14845	0.1454	0.2348
2138	0.1487	0.14595	0.23502
2139	0.14915	0.14653	0.23531
2140	0.14963	0.14702	0.23567
2141	0.15002	0.1474	0.23616
2142	0.15067	0.1479	0.2369
2143	0.15155	0.14851	0.2377
2144	0.15218	0.14892	0.23837
2145	0.15256	0.14919	0.23902
2146	0.15293	0.14951	0.23973
2147	0.15332	0.14975	0.24031
2148	0.15365	0.14987	0.24081
2149	0.15385	0.15002	0.24137
2150	0.15392	0.1501	0.24175
2151	0.15397	0.14999	0.24194
2152	0.15415	0.1499	0.2421
2153	0.15438	0.15005	0.24232
2154	0.15446	0.1502	0.24256
2155	0.15446	0.15019	0.24284
2156	0.1546	0.15022	0.24313
2157	0.15487	0.15049	0.24343
2158	0.15505	0.15078	0.24367
2159	0.15498	0.15079	0.24383
2160	0.15505	0.15079	0.24404
2161	0.15547	0.15115	0.24438
2162	0.15591	0.15164	0.24473
2163	0.15605	0.15192	0.24499
2164	0.156	0.15199	0.24509
2165	0.15599	0.15194	0.24513
2166	0.15584	0.15176	0.2452
2167	0.15558	0.15158	0.24532
2168	0.15542	0.15155	0.24541
2169	0.15544	0.15161	0.24548
2170	0.15545	0.15154	0.24562
2171	0.15538	0.15149	0.24587
2172	0.1555	0.15179	0.2463
2173	0.15587	0.15228	0.24678
2174	0.15617	0.15259	0.24717
2175	0.15619	0.15264	0.24749
2176	0.15615	0.15265	0.24798
2177	0.15641	0.15289	0.24872
2178	0.15706	0.15334	0.24953
2179	0.15753	0.15365	0.25011
2180	0.15744	0.15362	0.25045
2181	0.15724	0.15355	0.25088
2182	0.15737	0.15368	0.25151
2183	0.15758	0.15376	0.25205
2184	0.15758	0.15372	0.25256
2185	0.15756	0.1538	0.25328
2186	0.15766	0.15395	0.25411
2187	0.1577	0.15404	0.25479
2188	0.1576	0.15415	0.25528
2189	0.15736	0.1542	0.25572
2190	0.15723	0.15422	0.25625
2191	0.15737	0.15438	0.25696
2192	0.15754	0.15459	0.25762
2193	0.15753	0.15468	0.25806
2194	0.15743	0.15468	0.25838
2195	0.15751	0.15473	0.25872
2196	0.15789	0.15492	0.25906
2197	0.15823	0.15506	0.25933
2198	0.15832	0.15488	0.25954
2199	0.15846	0.15469	0.25979
2200	0.1588	0.15474	0.26003
2201	0.15906	0.15477	0.26016
2202	0.15913	0.15472	0.26026
2203	0.15927	0.15486	0.26034
2204	0.15948	0.15512	0.26034
2205	0.15954	0.15506	0.26019
2206	0.15943	0.15476	0.25995
2207	0.15941	0.15466	0.25979
2208	0.1596	0.15483	0.25975
2209	0.15965	0.15483	0.25965
2210	0.15941	0.15462	0.25948
2211	0.15925	0.15454	0.25937
2212	0.15931	0.15457	0.25942
2213	0.15946	0.15458	0.25954
2214	0.15956	0.15461	0.25969
2215	0.15948	0.15461	0.25979
2216	0.1592	0.15444	0.25972
2217	0.15898	0.15424	0.25971
2218	0.15899	0.15424	0.25993
2219	0.15908	0.15427	0.26017
2220	0.15913	0.15436	0.26036
2221	0.15924	0.1547	0.26064
2222	0.1594	0.15509	0.26089
2223	0.15938	0.15518	0.26093
2224	0.15923	0.15506	0.26086
2225	0.15906	0.15492	0.26077
2226	0.15898	0.15486	0.26066
2227	0.15892	0.1548	0.26051
2228	0.1588	0.15478	0.26041
2229	0.15872	0.15491	0.26037
2230	0.15876	0.15503	0.26032
2231	0.15891	0.15499	0.26028
2232	0.15889	0.15483	0.26021
2233	0.1586	0.15473	0.26007
2234	0.15833	0.15483	0.2599
2235	0.15824	0.15504	0.25965
2236	0.15808	0.15511	0.25926
2237	0.15774	0.15499	0.25887
2238	0.15756	0.15489	0.2586
2239	0.15757	0.15479	0.25822
2240	0.15739	0.15443	0.25754
2241	0.15697	0.15384	0.25676
2242	0.15667	0.15336	0.25623
2243	0.15663	0.1532	0.25613
2244	0.15657	0.15305	0.25611
2245	0.15616	0.15253	0.25569
2246	0.15567	0.15186	0.25504
2247	0.15542	0.15142	0.25462
2248	0.15525	0.15115	0.2544
2249	0.15491	0.15086	0.254
2250	0.15441	0.15046	0.25335
2251	0.15405	0.1499	0.25281
2252	0.1539	0.14929	0.25248
2253	0.15372	0.14879	0.25213
2254	0.15345	0.14838	0.25165
2255	0.15315	0.14803	0.25103
2256	0.1529	0.14782	0.25034
2257	0.15285	0.14769	0.24967
2258	0.15277	0.1474	0.24889
2259	0.1524	0.14686	0.24795
2260	0.15186	0.14622	0.24687
2261	0.15147	0.14576	0.24581
2262	0.15118	0.1455	0.245
2263	0.15065	0.14519	0.24421
2264	0.14983	0.1448	0.24327
2265	0.14915	0.1444	0.24238
2266	0.14874	0.14397	0.24179
2267	0.14821	0.14348	0.24117
2268	0.1473	0.14299	0.24004
2269	0.14637	0.14251	0.23873
2270	0.14583	0.14208	0.23784
2271	0.14544	0.1417	0.23718
2272	0.14476	0.14122	0.23626
2273	0.144	0.14059	0.23523
2274	0.14344	0.13989	0.23442
2275	0.1428	0.13913	0.23365
2276	0.1419	0.13841	0.23276
2277	0.14111	0.13788	0.23204
2278	0.14067	0.13753	0.23167
2279	0.14021	0.1371	0.23132
2280	0.13942	0.1364	0.23061
2281	0.13861	0.13559	0.22971
2282	0.13802	0.13505	0.229
2283	0.1375	0.13483	0.22858
2284	0.13686	0.13459	0.22815
2285	0.13622	0.13406	0.22753
2286	0.13582	0.13338	0.22692
2287	0.13566	0.13282	0.22656
2288	0.13544	0.13253	0.2263
2289	0.13519	0.13247	0.22597
2290	0.1351	0.13233	0.22547
2291	0.13518	0.1321	0.22474
2292	0.13552	0.1321	0.22421
2293	0.13605	0.13219	0.22401
2294	0.13627	0.13196	0.22381
2295	0.13613	0.13157	0.22343
2296	0.13593	0.13127	0.22271
2297	0.13604	0.13129	0.22213
2298	0.13609	0.13127	0.22177
2299	0.1353	0.13068	0.22085
2300	0.13439	0.13009	0.21977
2301	0.13394	0.1297	0.21903
2302	0.13348	0.12922	0.21836
2303	0.13268	0.12867	0.21718
2304	0.13179	0.12813	0.21561
2305	0.13112	0.12757	0.21458
2306	0.13056	0.12701	0.21419
2307	0.12983	0.12654	0.21375
2308	0.12906	0.12611	0.21299
2309	0.12852	0.12563	0.21224
2310	0.12796	0.12508	0.21166
2311	0.12717	0.12453	0.21123
2312	0.12672	0.1243	0.21112
2313	0.12703	0.12444	0.21136
2314	0.12734	0.12433	0.21153
2315	0.12683	0.12364	0.21142
2316	0.12599	0.12286	0.21135
2317	0.12563	0.12227	0.21133
2318	0.12544	0.12152	0.21093
2319	0.12491	0.12051	0.21004
2320	0.12438	0.1196	0.20903
2321	0.12426	0.11903	0.20814
2322	0.12423	0.11851	0.20728
2323	0.12397	0.11792	0.20646
2324	0.12385	0.1175	0.20579
2325	0.12398	0.11702	0.20506
2326	0.12377	0.11611	0.20386
2327	0.1232	0.11497	0.20242
2328	0.12293	0.11405	0.20115
2329	0.12287	0.11337	0.1997
2330	0.12246	0.11265	0.19779
2331	0.12182	0.11204	0.19607
2332	0.12147	0.11183	0.19497
2333	0.12165	0.11207	0.19418
2334	0.12148	0.11214	0.19301
2335	0.12054	0.11184	0.19137
2336	0.11989	0.11181	0.18994
2337	0.11974	0.11193	0.189
2338	0.11965	0.11199	0.1884
2339	0.11952	0.11211	0.18759
2340	0.11944	0.11236	0.1868
2341	0.11937	0.11266	0.18659
2342	0.11924	0.11302	0.18641
2343	0.11905	0.11342	0.18593
2344	0.11889	0.11362	0.18543
2345	0.11885	0.11375	0.18507
2346	0.11878	0.11382	0.18478
2347	0.11882	0.11382	0.18491
2348	0.11915	0.11403	0.18537
2349	0.11939	0.11435	0.18539
2350	0.11904	0.11444	0.18527
2351	0.11809	0.11404	0.18544
2352	0.11733	0.11351	0.18526
2353	0.11735	0.1133	0.1844
2354	0.11747	0.11339	0.18352
2355	0.11703	0.11357	0.18284
2356	0.11678	0.11397	0.18219
2357	0.11689	0.11435	0.18148
2358	0.11645	0.11417	0.18048
2359	0.11566	0.11359	0.17926
2360	0.11547	0.11299	0.17785
2361	0.11546	0.11231	0.17627
2362	0.11444	0.11119	0.17451
2363	0.11308	0.10994	0.1725
2364	0.11229	0.10931	0.17039
2365	0.11171	0.1092	0.16847
2366	0.11098	0.10869	0.16708
2367	0.11035	0.10796	0.16622
2368	0.11	0.10772	0.16483
2369	0.10964	0.10746	0.1626
2370	0.10915	0.10665	0.16088
2371	0.10859	0.10574	0.16023
2372	0.10806	0.10494	0.15989
2373	0.10788	0.10394	0.15938
2374	0.10836	0.10294	0.1587
2375	0.10909	0.10242	0.15796
2376	0.10949	0.10235	0.1575
2377	0.10952	0.10214	0.15716
2378	0.10923	0.10127	0.1566
2379	0.10881	0.1002	0.15618
2380	0.10856	0.099569	0.15608
2381	0.10815	0.099048	0.15603
2382	0.10771	0.098443	0.15661
2383	0.10777	0.098186	0.1578
2384	0.10747	0.097957	0.15794
2385	0.10623	0.097131	0.15725
2386	0.1046	0.095703	0.15732
2387	0.10331	0.094297	0.15768
2388	0.10295	0.093738	0.15718
2389	0.10299	0.093692	0.1566
2390	0.10214	0.093013	0.15638
2391	0.10051	0.09188	0.15558
2392	0.09936	0.091239	0.15442
2393	0.098156	0.090432	0.1534
2394	0.096334	0.089028	0.15217
2395	0.094783	0.087785	0.15067
2396	0.093701	0.087009	0.14948
2397	0.092156	0.086332	0.14867
2398	0.08953	0.085305	0.14676
2399	0.087079	0.084363	0.14364
2400	0.085506	0.083543	0.14055
2401	0.084164	0.082422	0.13798
2402	0.08301	0.081525	0.13554
2403	0.082479	0.081373	0.13288
2404	0.08284	0.081429	0.13035
2405	0.083584	0.081037	0.12865
2406	0.084418	0.081275	0.12849
2407	0.085312	0.082536	0.12883
2408	0.085371	0.082959	0.12741
2409	0.085	0.082654	0.12505
2410	0.085534	0.083662	0.12386
2411	0.086441	0.086101	0.12376
2412	0.08621	0.088014	0.12376
2413	0.085312	0.088489	0.1237
2414	0.084199	0.087401	0.12289
2415	0.083096	0.086139	0.12113
2416	0.082808	0.085849	0.11926
2417	0.083279	0.085745	0.11833
2418	0.083436	0.085014	0.11788
2419	0.082552	0.083202	0.11592
2420	0.080693	0.080146	0.11291
2421	0.079098	0.07713	0.11117
2422	0.079316	0.075571	0.11116
2423	0.080491	0.074715	0.11081
2424	0.080468	0.07319	0.1084
2425	0.079167	0.070911	0.10565
2426	0.078299	0.068712	0.10416
2427	0.078508	0.067466	0.10353
2428	0.078233	0.066716	0.10215
2429	0.076786	0.065266	0.099426
2430	0.075325	0.063141	0.096666
2431	0.074629	0.061651	0.094945
2432	0.074228	0.061393	0.09454
2433	0.073367	0.061238	0.093974
2434	0.072291	0.060996	0.092326
2435	0.072301	0.061235	0.091201
2436	0.073291	0.060954	0.090648
2437	0.074053	0.060456	0.08972
2438	0.074756	0.060817	0.088638
2439	0.076245	0.061671	0.087965
2440	0.078161	0.063116	0.087072
2441	0.078606	0.065042	0.085201
2442	0.077758	0.067119	0.083781
2443	0.077297	0.069047	0.082573
2444	0.076778	0.070457	0.080486
2445	0.076087	0.07226	0.078769
2446	0.075872	0.074855	0.07751
2447	0.075996	0.077462	0.076381
2448	0.0761	0.079469	0.075741
2449	0.0754	0.079973	0.073599
2450	0.073473	0.078491	0.069132
2451	0.072443	0.077918	0.06579
2452	0.073754	0.079907	0.066593
2453	0.074439	0.081444	0.068585
2454	0.072109	0.080439	0.06678
2455	0.070345	0.078837	0.063766
2456	0.071125	0.077575	0.062748
2457	0.071274	0.075892	0.061701
2458	0.069325	0.07389	0.059086
2459	0.067474	0.072181	0.056752
2460	0.067329	0.071456	0.056058
2461	0.067678	0.070811	0.055931
2462	0.067534	0.069602	0.055245
2463	0.068028	0.069194	0.055351
2464	0.069367	0.06941	0.056736
2465	0.069464	0.068175	0.05714
2466	0.068368	0.066095	0.056933
2467	0.069081	0.066959	0.058763
2468	0.071672	0.07068	0.062564
2469	0.072983	0.072402	0.064466
2470	0.073144	0.072355	0.064944
2471	0.074029	0.071843	0.065205
2472	0.075912	0.070517	0.064458
2473	0.077435	0.069453	0.063413
2474	0.077896	0.06885	0.062744
2475	0.078885	0.069016	0.063509
2476	0.080508	0.070127	0.065737
2477	0.082627	0.071704	0.069371
2478	0.0857	0.072899	0.073884
2479	0.085938	0.070274	0.071964
2480	0.083049	0.064801	0.064242
