*Name: Norway Spruce mid
Type: Needle Spectrum

Description: abaxial reflectance, adaxial reflectance, and adaxial transmittance

Measurement: Hemispherical Conical Reflectance Factor HCRF measured by ASD Integrating Sphere
             Spectra were measured and corrected following the method of Mesarch, et al. 1999

Wavelength [nm]	abaxial Reflectance [0 1]	adaxial Reflectance [0 1]	adaxial Transmittance [0 1]
370	0.056986	0.056986	0.011176
371	0.054071	0.054071	0.010902
372	0.054042	0.054042	0.0099598
373	0.05057	0.05057	0.011061
374	0.049196	0.049196	0.012212
375	0.050594	0.050594	0.012831
376	0.051213	0.051213	0.013908
377	0.051374	0.051374	0.014918
378	0.051478	0.051478	0.015442
379	0.050738	0.050738	0.015101
380	0.050058	0.050058	0.014979
381	0.049396	0.049396	0.01488
382	0.048754	0.048754	0.013986
383	0.047385	0.047385	0.012328
384	0.045641	0.045641	0.01122
385	0.045001	0.045001	0.010817
386	0.045256	0.045256	0.010915
387	0.045133	0.045133	0.010845
388	0.045273	0.045273	0.010549
389	0.045656	0.045656	0.010603
390	0.04526	0.04526	0.010882
391	0.044943	0.044943	0.010784
392	0.045296	0.045296	0.010327
393	0.045259	0.045259	0.0098284
394	0.044528	0.044528	0.0095641
395	0.043754	0.043754	0.0093072
396	0.043179	0.043179	0.0091464
397	0.042196	0.042196	0.0091254
398	0.041292	0.041292	0.0093179
399	0.040648	0.040648	0.0093329
400	0.040205	0.040205	0.008949
401	0.039595	0.039595	0.0087655
402	0.039149	0.039149	0.0087954
403	0.039495	0.039495	0.0088386
404	0.039589	0.039589	0.0088432
405	0.039713	0.039713	0.0088647
406	0.040136	0.040136	0.0087868
407	0.040527	0.040527	0.008976
408	0.040826	0.040826	0.0091647
409	0.041081	0.041081	0.0092084
410	0.041551	0.041551	0.0092923
411	0.041645	0.041645	0.0094352
412	0.041675	0.041675	0.0096645
413	0.04178	0.04178	0.009833
414	0.04178	0.04178	0.010066
415	0.041847	0.041847	0.010356
416	0.041987	0.041987	0.010704
417	0.042185	0.042185	0.010908
418	0.042468	0.042468	0.01114
419	0.042766	0.042766	0.011348
420	0.043007	0.043007	0.011552
421	0.043265	0.043265	0.011756
422	0.043595	0.043595	0.012046
423	0.043911	0.043911	0.012388
424	0.044315	0.044315	0.012554
425	0.044738	0.044738	0.012708
426	0.045189	0.045189	0.012884
427	0.045542	0.045542	0.012985
428	0.045799	0.045799	0.013068
429	0.046041	0.046041	0.01324
430	0.046303	0.046303	0.013412
431	0.046468	0.046468	0.013502
432	0.046575	0.046575	0.013533
433	0.046657	0.046657	0.013624
434	0.046715	0.046715	0.013802
435	0.046826	0.046826	0.013985
436	0.046891	0.046891	0.014115
437	0.046899	0.046899	0.014156
438	0.0469	0.0469	0.014233
439	0.047015	0.047015	0.014339
440	0.04721	0.04721	0.014468
441	0.047377	0.047377	0.01455
442	0.047593	0.047593	0.014586
443	0.047864	0.047864	0.014613
444	0.048187	0.048187	0.01467
445	0.048471	0.048471	0.014727
446	0.048748	0.048748	0.014865
447	0.049046	0.049046	0.015031
448	0.049311	0.049311	0.015095
449	0.04945	0.04945	0.015234
450	0.049594	0.049594	0.015371
451	0.04979	0.04979	0.015466
452	0.049984	0.049984	0.015593
453	0.050155	0.050155	0.015678
454	0.050238	0.050238	0.01573
455	0.050306	0.050306	0.015797
456	0.050415	0.050415	0.015883
457	0.050552	0.050552	0.015963
458	0.05064	0.05064	0.016056
459	0.050775	0.050775	0.016148
460	0.050881	0.050881	0.016212
461	0.050921	0.050921	0.016301
462	0.050926	0.050926	0.016446
463	0.050976	0.050976	0.016571
464	0.051049	0.051049	0.016682
465	0.0511	0.0511	0.016635
466	0.051068	0.051068	0.016638
467	0.050986	0.050986	0.016661
468	0.050983	0.050983	0.016644
469	0.050987	0.050987	0.016567
470	0.05096	0.05096	0.01653
471	0.050929	0.050929	0.016464
472	0.050883	0.050883	0.01642
473	0.05083	0.05083	0.016361
474	0.050798	0.050798	0.016273
475	0.050752	0.050752	0.01619
476	0.050712	0.050712	0.016153
477	0.050715	0.050715	0.0161
478	0.050667	0.050667	0.016071
479	0.050608	0.050608	0.016144
480	0.050581	0.050581	0.016233
481	0.050639	0.050639	0.016285
482	0.050767	0.050767	0.016321
483	0.050876	0.050876	0.016303
484	0.050951	0.050951	0.016372
485	0.051055	0.051055	0.016391
486	0.051161	0.051161	0.016471
487	0.05125	0.05125	0.016526
488	0.051338	0.051338	0.016571
489	0.051461	0.051461	0.016694
490	0.051646	0.051646	0.016781
491	0.051871	0.051871	0.016861
492	0.052127	0.052127	0.016909
493	0.052428	0.052428	0.017012
494	0.05276	0.05276	0.017159
495	0.053135	0.053135	0.017238
496	0.053526	0.053526	0.017376
497	0.05394	0.05394	0.017552
498	0.054406	0.054406	0.017716
499	0.05497	0.05497	0.017898
500	0.055629	0.055629	0.018083
501	0.05632	0.05632	0.018257
502	0.05709	0.05709	0.018459
503	0.057909	0.057909	0.018711
504	0.058788	0.058788	0.018982
505	0.059748	0.059748	0.01926
506	0.060847	0.060847	0.019557
507	0.062112	0.062112	0.019968
508	0.063537	0.063537	0.020395
509	0.065074	0.065074	0.02088
510	0.066721	0.066721	0.021408
511	0.068495	0.068495	0.022071
512	0.070397	0.070397	0.022732
513	0.07245	0.07245	0.02336
514	0.074638	0.074638	0.024053
515	0.076943	0.076943	0.024768
516	0.07938	0.07938	0.025517
517	0.081908	0.081908	0.026342
518	0.084489	0.084489	0.027207
519	0.087095	0.087095	0.028093
520	0.089706	0.089706	0.029008
521	0.09229	0.09229	0.029945
522	0.09487	0.09487	0.030831
523	0.09738	0.09738	0.031734
524	0.099796	0.099796	0.032605
525	0.10209	0.10209	0.033459
526	0.10425	0.10425	0.034283
527	0.10621	0.10621	0.035132
528	0.10799	0.10799	0.03596
529	0.10961	0.10961	0.036713
530	0.11111	0.11111	0.037368
531	0.11249	0.11249	0.037935
532	0.11371	0.11371	0.038435
533	0.11478	0.11478	0.03889
534	0.11575	0.11575	0.039299
535	0.11658	0.11658	0.039672
536	0.11729	0.11729	0.039999
537	0.11792	0.11792	0.040273
538	0.11849	0.11849	0.040508
539	0.119	0.119	0.040715
540	0.11949	0.11949	0.040904
541	0.11995	0.11995	0.041106
542	0.12039	0.12039	0.041296
543	0.12085	0.12085	0.041494
544	0.12132	0.12132	0.041705
545	0.12176	0.12176	0.04197
546	0.12224	0.12224	0.042153
547	0.12271	0.12271	0.042325
548	0.12314	0.12314	0.042507
549	0.12355	0.12355	0.042682
550	0.12388	0.12388	0.042844
551	0.12414	0.12414	0.042995
552	0.12428	0.12428	0.043125
553	0.1243	0.1243	0.043164
554	0.12417	0.12417	0.043153
555	0.12392	0.12392	0.043092
556	0.12351	0.12351	0.042999
557	0.12295	0.12295	0.042831
558	0.12226	0.12226	0.042635
559	0.12147	0.12147	0.042388
560	0.12053	0.12053	0.042074
561	0.11949	0.11949	0.041715
562	0.11837	0.11837	0.041353
563	0.11716	0.11716	0.040912
564	0.11586	0.11586	0.040404
565	0.11445	0.11445	0.039926
566	0.11296	0.11296	0.039431
567	0.11144	0.11144	0.038884
568	0.10984	0.10984	0.03834
569	0.1082	0.1082	0.037802
570	0.10655	0.10655	0.037301
571	0.10493	0.10493	0.036777
572	0.10332	0.10332	0.036271
573	0.10173	0.10173	0.035765
574	0.10018	0.10018	0.035266
575	0.09873	0.09873	0.034778
576	0.097363	0.097363	0.034324
577	0.096107	0.096107	0.033896
578	0.094933	0.094933	0.033503
579	0.093834	0.093834	0.033176
580	0.092819	0.092819	0.032886
581	0.091852	0.091852	0.032562
582	0.090953	0.090953	0.03228
583	0.090131	0.090131	0.032025
584	0.08936	0.08936	0.031778
585	0.088619	0.088619	0.031534
586	0.087924	0.087924	0.031338
587	0.087287	0.087287	0.031171
588	0.086684	0.086684	0.031058
589	0.086125	0.086125	0.030913
590	0.085581	0.085581	0.030743
591	0.085085	0.085085	0.030584
592	0.084647	0.084647	0.030475
593	0.084273	0.084273	0.030343
594	0.08391	0.08391	0.030193
595	0.083574	0.083574	0.030096
596	0.083272	0.083272	0.029995
597	0.08296	0.08296	0.029943
598	0.082629	0.082629	0.029862
599	0.082307	0.082307	0.029781
600	0.081995	0.081995	0.029706
601	0.081639	0.081639	0.029632
602	0.081225	0.081225	0.029507
603	0.080757	0.080757	0.02934
604	0.08027	0.08027	0.029174
605	0.079735	0.079735	0.029002
606	0.079139	0.079139	0.02881
607	0.078497	0.078497	0.028635
608	0.077817	0.077817	0.028452
609	0.077121	0.077121	0.028277
610	0.076417	0.076417	0.028098
611	0.075686	0.075686	0.027854
612	0.074945	0.074945	0.027646
613	0.074225	0.074225	0.027457
614	0.073531	0.073531	0.027229
615	0.072865	0.072865	0.027072
616	0.072236	0.072236	0.026953
617	0.071669	0.071669	0.026828
618	0.071097	0.071097	0.026715
619	0.070563	0.070563	0.026624
620	0.070109	0.070109	0.026503
621	0.069714	0.069714	0.026395
622	0.069384	0.069384	0.02631
623	0.069113	0.069113	0.026227
624	0.068907	0.068907	0.026163
625	0.068744	0.068744	0.026152
626	0.068629	0.068629	0.026118
627	0.06855	0.06855	0.026085
628	0.068472	0.068472	0.026036
629	0.068382	0.068382	0.025985
630	0.068301	0.068301	0.025926
631	0.068216	0.068216	0.025872
632	0.068103	0.068103	0.0258
633	0.067931	0.067931	0.02577
634	0.067667	0.067667	0.025741
635	0.067324	0.067324	0.025649
636	0.066894	0.066894	0.025534
637	0.066419	0.066419	0.02545
638	0.06589	0.06589	0.025305
639	0.065265	0.065265	0.025135
640	0.064575	0.064575	0.024949
641	0.06385	0.06385	0.02473
642	0.063105	0.063105	0.024499
643	0.062342	0.062342	0.024237
644	0.061572	0.061572	0.023967
645	0.060799	0.060799	0.023709
646	0.060046	0.060046	0.023495
647	0.059343	0.059343	0.023326
648	0.058698	0.058698	0.023094
649	0.058099	0.058099	0.022943
650	0.057543	0.057543	0.022796
651	0.056996	0.056996	0.022643
652	0.056469	0.056469	0.022485
653	0.055977	0.055977	0.022317
654	0.055503	0.055503	0.022147
655	0.055031	0.055031	0.021984
656	0.054546	0.054546	0.02181
657	0.054008	0.054008	0.02161
658	0.053447	0.053447	0.021358
659	0.052877	0.052877	0.02111
660	0.052305	0.052305	0.020825
661	0.051712	0.051712	0.020584
662	0.051104	0.051104	0.020395
663	0.050498	0.050498	0.02023
664	0.049933	0.049933	0.02005
665	0.049419	0.049419	0.019859
666	0.048958	0.048958	0.019622
667	0.048543	0.048543	0.019493
668	0.048206	0.048206	0.019363
669	0.047913	0.047913	0.019291
670	0.047686	0.047686	0.019248
671	0.047497	0.047497	0.019204
672	0.047376	0.047376	0.019171
673	0.047329	0.047329	0.019154
674	0.047315	0.047315	0.019186
675	0.047353	0.047353	0.019192
676	0.047457	0.047457	0.019194
677	0.047599	0.047599	0.019237
678	0.047775	0.047775	0.019282
679	0.047995	0.047995	0.019401
680	0.048307	0.048307	0.019513
681	0.048708	0.048708	0.019636
682	0.049241	0.049241	0.019761
683	0.049926	0.049926	0.020015
684	0.050834	0.050834	0.0203
685	0.051974	0.051974	0.020737
686	0.053434	0.053434	0.021312
687	0.055255	0.055255	0.02205
688	0.057485	0.057485	0.022907
689	0.060174	0.060174	0.023952
690	0.063413	0.063413	0.025188
691	0.06724	0.06724	0.026644
692	0.071654	0.071654	0.028288
693	0.076666	0.076666	0.030155
694	0.082254	0.082254	0.032283
695	0.088386	0.088386	0.034729
696	0.095068	0.095068	0.037439
697	0.10225	0.10225	0.040435
698	0.10986	0.10986	0.043743
699	0.11785	0.11785	0.04731
700	0.12617	0.12617	0.051129
701	0.13476	0.13476	0.055236
702	0.14358	0.14358	0.059474
703	0.15253	0.15253	0.063967
704	0.16163	0.16163	0.06865
705	0.17083	0.17083	0.07355
706	0.1801	0.1801	0.078654
707	0.18945	0.18945	0.083892
708	0.19887	0.19887	0.089268
709	0.20835	0.20835	0.094833
710	0.21789	0.21789	0.10052
711	0.22749	0.22749	0.10639
712	0.23715	0.23715	0.11243
713	0.24688	0.24688	0.11862
714	0.2567	0.2567	0.12493
715	0.26657	0.26657	0.13138
716	0.27648	0.27648	0.13799
717	0.28642	0.28642	0.14469
718	0.29636	0.29636	0.15148
719	0.30624	0.30624	0.15838
720	0.3161	0.3161	0.16529
721	0.32585	0.32585	0.17227
722	0.33547	0.33547	0.17929
723	0.34498	0.34498	0.18621
724	0.35431	0.35431	0.19303
725	0.36343	0.36343	0.19971
726	0.37228	0.37228	0.2063
727	0.38084	0.38084	0.21273
728	0.38914	0.38914	0.21895
729	0.39713	0.39713	0.22498
730	0.40477	0.40477	0.23076
731	0.41208	0.41208	0.2363
732	0.41907	0.41907	0.24159
733	0.42569	0.42569	0.24664
734	0.43195	0.43195	0.25148
735	0.43779	0.43779	0.25613
736	0.44326	0.44326	0.26055
737	0.44836	0.44836	0.26477
738	0.45314	0.45314	0.26875
739	0.45758	0.45758	0.27253
740	0.46174	0.46174	0.27605
741	0.46568	0.46568	0.27927
742	0.46932	0.46932	0.2823
743	0.47267	0.47267	0.28514
744	0.47577	0.47577	0.28775
745	0.47859	0.47859	0.2902
746	0.4812	0.4812	0.29248
747	0.48355	0.48355	0.2946
748	0.48573	0.48573	0.29652
749	0.48775	0.48775	0.29826
750	0.48962	0.48962	0.29983
751	0.49131	0.49131	0.30129
752	0.49284	0.49284	0.30262
753	0.49423	0.49423	0.30383
754	0.49546	0.49546	0.30497
755	0.49655	0.49655	0.30603
756	0.49757	0.49757	0.30696
757	0.49853	0.49853	0.30778
758	0.4994	0.4994	0.30854
759	0.50016	0.50016	0.30926
760	0.5008	0.5008	0.30994
761	0.50139	0.50139	0.31057
762	0.50192	0.50192	0.31114
763	0.50237	0.50237	0.31169
764	0.50276	0.50276	0.31219
765	0.50304	0.50304	0.3127
766	0.50334	0.50334	0.31314
767	0.50361	0.50361	0.31353
768	0.50387	0.50387	0.31388
769	0.50412	0.50412	0.31421
770	0.50436	0.50436	0.3145
771	0.50459	0.50459	0.31477
772	0.50475	0.50475	0.31505
773	0.50493	0.50493	0.31527
774	0.50512	0.50512	0.31547
775	0.50532	0.50532	0.31567
776	0.50546	0.50546	0.31592
777	0.50557	0.50557	0.31616
778	0.50571	0.50571	0.31637
779	0.5059	0.5059	0.31654
780	0.50606	0.50606	0.3167
781	0.50619	0.50619	0.31687
782	0.50626	0.50626	0.31708
783	0.50631	0.50631	0.31732
784	0.50635	0.50635	0.31757
785	0.5064	0.5064	0.31781
786	0.50648	0.50648	0.31803
787	0.50657	0.50657	0.31823
788	0.50669	0.50669	0.31837
789	0.50674	0.50674	0.31854
790	0.50682	0.50682	0.31868
791	0.5069	0.5069	0.31881
792	0.50697	0.50697	0.31897
793	0.50705	0.50705	0.31911
794	0.50712	0.50712	0.31926
795	0.50722	0.50722	0.31938
796	0.50732	0.50732	0.3195
797	0.50742	0.50742	0.31962
798	0.50746	0.50746	0.31975
799	0.50746	0.50746	0.31993
800	0.5075	0.5075	0.32009
801	0.50748	0.50748	0.32031
802	0.50747	0.50747	0.32053
803	0.50753	0.50753	0.3207
804	0.50761	0.50761	0.32086
805	0.50772	0.50772	0.32099
806	0.50784	0.50784	0.3211
807	0.50795	0.50795	0.32121
808	0.50806	0.50806	0.32134
809	0.50819	0.50819	0.32146
810	0.50829	0.50829	0.32158
811	0.50841	0.50841	0.32167
812	0.5085	0.5085	0.3218
813	0.50857	0.50857	0.32196
814	0.50865	0.50865	0.32212
815	0.50868	0.50868	0.3223
816	0.50874	0.50874	0.32245
817	0.50878	0.50878	0.32264
818	0.50891	0.50891	0.32275
819	0.50897	0.50897	0.3229
820	0.50909	0.50909	0.32303
821	0.50922	0.50922	0.32314
822	0.50935	0.50935	0.32324
823	0.50949	0.50949	0.32333
824	0.50961	0.50961	0.32341
825	0.50974	0.50974	0.32348
826	0.50984	0.50984	0.32357
827	0.50992	0.50992	0.32366
828	0.50992	0.50992	0.32381
829	0.50991	0.50991	0.32396
830	0.50993	0.50993	0.3241
831	0.50998	0.50998	0.32422
832	0.51003	0.51003	0.32435
833	0.51009	0.51009	0.32448
834	0.51018	0.51018	0.3246
835	0.5102	0.5102	0.32477
836	0.51027	0.51027	0.3249
837	0.51028	0.51028	0.3251
838	0.51036	0.51036	0.32525
839	0.5104	0.5104	0.32542
840	0.51047	0.51047	0.32556
841	0.51059	0.51059	0.3257
842	0.51069	0.51069	0.32585
843	0.51077	0.51077	0.32603
844	0.51092	0.51092	0.32615
845	0.51089	0.51089	0.32641
846	0.51099	0.51099	0.32656
847	0.51119	0.51119	0.32663
848	0.51135	0.51135	0.32674
849	0.51147	0.51147	0.32689
850	0.51155	0.51155	0.32706
851	0.51157	0.51157	0.32726
852	0.5115	0.5115	0.32754
853	0.51149	0.51149	0.32776
854	0.51159	0.51159	0.32789
855	0.51168	0.51168	0.32802
856	0.51171	0.51171	0.32818
857	0.51183	0.51183	0.32828
858	0.51195	0.51195	0.32839
859	0.51205	0.51205	0.32849
860	0.51205	0.51205	0.32862
861	0.51215	0.51215	0.3287
862	0.51219	0.51219	0.32882
863	0.51209	0.51209	0.32904
864	0.51227	0.51227	0.32902
865	0.51235	0.51235	0.32907
866	0.51235	0.51235	0.32919
867	0.51237	0.51237	0.32929
868	0.51236	0.51236	0.3294
869	0.51227	0.51227	0.32959
870	0.51227	0.51227	0.32972
871	0.51239	0.51239	0.32974
872	0.51256	0.51256	0.32973
873	0.51257	0.51257	0.32984
874	0.51265	0.51265	0.3299
875	0.51278	0.51278	0.32992
876	0.51275	0.51275	0.33003
877	0.51281	0.51281	0.33003
878	0.51281	0.51281	0.33008
879	0.51285	0.51285	0.33011
880	0.51272	0.51272	0.33025
881	0.51273	0.51273	0.3303
882	0.51292	0.51292	0.33017
883	0.51296	0.51296	0.33014
884	0.51303	0.51303	0.3301
885	0.51303	0.51303	0.33012
886	0.51299	0.51299	0.33019
887	0.51287	0.51287	0.33035
888	0.51294	0.51294	0.33034
889	0.51289	0.51289	0.33039
890	0.51284	0.51284	0.33044
891	0.51279	0.51279	0.33053
892	0.51282	0.51282	0.33054
893	0.5128	0.5128	0.33057
894	0.51273	0.51273	0.33066
895	0.51281	0.51281	0.33058
896	0.51265	0.51265	0.33071
897	0.51263	0.51263	0.33075
898	0.51265	0.51265	0.33076
899	0.51276	0.51276	0.33072
900	0.51278	0.51278	0.33071
901	0.51282	0.51282	0.33068
902	0.51275	0.51275	0.33073
903	0.51263	0.51263	0.33083
904	0.51255	0.51255	0.33093
905	0.51242	0.51242	0.33107
906	0.51231	0.51231	0.33114
907	0.51203	0.51203	0.33137
908	0.5119	0.5119	0.33151
909	0.51183	0.51183	0.33157
910	0.51176	0.51176	0.33158
911	0.51175	0.51175	0.33156
912	0.51168	0.51168	0.3316
913	0.51165	0.51165	0.33156
914	0.51146	0.51146	0.33165
915	0.51152	0.51152	0.33152
916	0.51161	0.51161	0.33134
917	0.51166	0.51166	0.33114
918	0.51167	0.51167	0.33097
919	0.51174	0.51174	0.33073
920	0.51164	0.51164	0.3306
921	0.51164	0.51164	0.33042
922	0.51161	0.51161	0.33028
923	0.51149	0.51149	0.3302
924	0.51135	0.51135	0.33015
925	0.51115	0.51115	0.33016
926	0.51096	0.51096	0.3301
927	0.5108	0.5108	0.33
928	0.51062	0.51062	0.32992
929	0.51041	0.51041	0.32987
930	0.51014	0.51014	0.32984
931	0.50981	0.50981	0.32977
932	0.50953	0.50953	0.32962
933	0.50936	0.50936	0.32938
934	0.50921	0.50921	0.32912
935	0.50898	0.50898	0.32886
936	0.50868	0.50868	0.32863
937	0.50839	0.50839	0.32839
938	0.50809	0.50809	0.32814
939	0.50778	0.50778	0.32789
940	0.50745	0.50745	0.32762
941	0.50706	0.50706	0.32734
942	0.5066	0.5066	0.32713
943	0.50606	0.50606	0.32692
944	0.50555	0.50555	0.32665
945	0.50503	0.50503	0.32636
946	0.50448	0.50448	0.32603
947	0.50381	0.50381	0.3257
948	0.50313	0.50313	0.3252
949	0.50238	0.50238	0.32467
950	0.50161	0.50161	0.32413
951	0.50078	0.50078	0.32358
952	0.49993	0.49993	0.32295
953	0.49906	0.49906	0.32228
954	0.49824	0.49824	0.32159
955	0.49745	0.49745	0.32089
956	0.49674	0.49674	0.32016
957	0.49606	0.49606	0.31944
958	0.49544	0.49544	0.31874
959	0.49483	0.49483	0.31813
960	0.49424	0.49424	0.31759
961	0.49372	0.49372	0.31716
962	0.49326	0.49326	0.31682
963	0.49288	0.49288	0.31652
964	0.49257	0.49257	0.31616
965	0.49218	0.49218	0.31586
966	0.49182	0.49182	0.31555
967	0.49143	0.49143	0.31535
968	0.49104	0.49104	0.31521
969	0.49068	0.49068	0.31511
970	0.49032	0.49032	0.31506
971	0.48992	0.48992	0.3151
972	0.48969	0.48969	0.31509
973	0.4895	0.4895	0.31507
974	0.48925	0.48925	0.31503
975	0.48911	0.48911	0.31496
976	0.48895	0.48895	0.31494
977	0.48874	0.48874	0.31501
978	0.48858	0.48858	0.31502
979	0.48848	0.48848	0.3151
980	0.48843	0.48843	0.31517
981	0.48853	0.48853	0.31509
982	0.48861	0.48861	0.31497
983	0.48868	0.48868	0.31493
984	0.4889	0.4889	0.3149
985	0.48928	0.48928	0.31492
986	0.48959	0.48959	0.31502
987	0.48989	0.48989	0.31521
988	0.49023	0.49023	0.31542
989	0.49048	0.49048	0.31565
990	0.49086	0.49086	0.31584
991	0.49113	0.49113	0.31609
992	0.49138	0.49138	0.31613
993	0.49165	0.49165	0.31622
994	0.49178	0.49178	0.31647
995	0.49188	0.49188	0.3168
996	0.49201	0.49201	0.31717
997	0.49215	0.49215	0.31768
998	0.49243	0.49243	0.3182
999	0.49284	0.49284	0.31873
1000	0.49317	0.49317	0.31937
1001	0.49345	0.49345	0.32005
1002	0.49388	0.49388	0.3207
1003	0.49422	0.49422	0.32136
1004	0.49444	0.49444	0.32191
1005	0.49484	0.49484	0.32244
1006	0.49534	0.49534	0.32292
1007	0.49577	0.49577	0.32342
1008	0.49633	0.49633	0.32387
1009	0.4968	0.4968	0.32424
1010	0.49718	0.49718	0.32444
1011	0.49736	0.49736	0.3247
1012	0.49761	0.49761	0.32491
1013	0.49778	0.49778	0.32539
1014	0.49802	0.49802	0.32608
1015	0.49841	0.49841	0.32676
1016	0.49897	0.49897	0.32728
1017	0.49941	0.49941	0.32776
1018	0.49974	0.49974	0.32809
1019	0.49995	0.49995	0.32835
1020	0.50013	0.50013	0.32861
1021	0.50024	0.50024	0.32889
1022	0.50053	0.50053	0.3291
1023	0.50097	0.50097	0.32934
1024	0.50148	0.50148	0.32951
1025	0.50202	0.50202	0.32967
1026	0.50249	0.50249	0.32986
1027	0.50284	0.50284	0.33
1028	0.50313	0.50313	0.33009
1029	0.50354	0.50354	0.33015
1030	0.50395	0.50395	0.33044
1031	0.50431	0.50431	0.33102
1032	0.50473	0.50473	0.33155
1033	0.50513	0.50513	0.33193
1034	0.50554	0.50554	0.33221
1035	0.50599	0.50599	0.33245
1036	0.50625	0.50625	0.33277
1037	0.5063	0.5063	0.33315
1038	0.50639	0.50639	0.33353
1039	0.50668	0.50668	0.33387
1040	0.50702	0.50702	0.33416
1041	0.5073	0.5073	0.33441
1042	0.50755	0.50755	0.33466
1043	0.50773	0.50773	0.33495
1044	0.50787	0.50787	0.33519
1045	0.50811	0.50811	0.33529
1046	0.50849	0.50849	0.33534
1047	0.5088	0.5088	0.33547
1048	0.50891	0.50891	0.33573
1049	0.50911	0.50911	0.33596
1050	0.50941	0.50941	0.33609
1051	0.50964	0.50964	0.33621
1052	0.50983	0.50983	0.3364
1053	0.51007	0.51007	0.33668
1054	0.5102	0.5102	0.33706
1055	0.51044	0.51044	0.33727
1056	0.51079	0.51079	0.33738
1057	0.51111	0.51111	0.33756
1058	0.51123	0.51123	0.33793
1059	0.51136	0.51136	0.33827
1060	0.51154	0.51154	0.33854
1061	0.5117	0.5117	0.33873
1062	0.51172	0.51172	0.33889
1063	0.5117	0.5117	0.33901
1064	0.51167	0.51167	0.33913
1065	0.51157	0.51157	0.33928
1066	0.51161	0.51161	0.33936
1067	0.51177	0.51177	0.33946
1068	0.51182	0.51182	0.33952
1069	0.51166	0.51166	0.33953
1070	0.51159	0.51159	0.33961
1071	0.51194	0.51194	0.33973
1072	0.51228	0.51228	0.33989
1073	0.51229	0.51229	0.33997
1074	0.51227	0.51227	0.33996
1075	0.51227	0.51227	0.34017
1076	0.51239	0.51239	0.3404
1077	0.51254	0.51254	0.3405
1078	0.51263	0.51263	0.34058
1079	0.51268	0.51268	0.34072
1080	0.51261	0.51261	0.34089
1081	0.51263	0.51263	0.34087
1082	0.51273	0.51273	0.34077
1083	0.51277	0.51277	0.34071
1084	0.51272	0.51272	0.34069
1085	0.51248	0.51248	0.34079
1086	0.5122	0.5122	0.34078
1087	0.51202	0.51202	0.34059
1088	0.512	0.512	0.34048
1089	0.51216	0.51216	0.34042
1090	0.51194	0.51194	0.34044
1091	0.51158	0.51158	0.34034
1092	0.51142	0.51142	0.34016
1093	0.51126	0.51126	0.34009
1094	0.51118	0.51118	0.33991
1095	0.51096	0.51096	0.33981
1096	0.51084	0.51084	0.33971
1097	0.51074	0.51074	0.33964
1098	0.51061	0.51061	0.33959
1099	0.51059	0.51059	0.33942
1100	0.51059	0.51059	0.33926
1101	0.51047	0.51047	0.33918
1102	0.51029	0.51029	0.33914
1103	0.51017	0.51017	0.33908
1104	0.51009	0.51009	0.339
1105	0.51002	0.51002	0.33894
1106	0.50988	0.50988	0.33896
1107	0.50968	0.50968	0.33895
1108	0.50933	0.50933	0.33889
1109	0.50902	0.50902	0.33877
1110	0.50872	0.50872	0.33865
1111	0.50828	0.50828	0.33858
1112	0.50782	0.50782	0.33849
1113	0.50732	0.50732	0.33844
1114	0.50684	0.50684	0.33838
1115	0.50631	0.50631	0.33835
1116	0.50602	0.50602	0.33813
1117	0.50579	0.50579	0.33776
1118	0.50552	0.50552	0.33728
1119	0.50516	0.50516	0.33689
1120	0.50473	0.50473	0.33658
1121	0.50435	0.50435	0.33616
1122	0.5039	0.5039	0.3357
1123	0.50328	0.50328	0.33529
1124	0.50249	0.50249	0.33482
1125	0.50161	0.50161	0.3342
1126	0.50076	0.50076	0.33348
1127	0.49985	0.49985	0.33279
1128	0.4988	0.4988	0.33207
1129	0.49757	0.49757	0.3313
1130	0.49645	0.49645	0.33031
1131	0.49521	0.49521	0.32931
1132	0.49388	0.49388	0.32818
1133	0.49253	0.49253	0.32688
1134	0.49121	0.49121	0.32544
1135	0.48967	0.48967	0.32406
1136	0.48807	0.48807	0.32262
1137	0.48639	0.48639	0.32121
1138	0.48455	0.48455	0.31977
1139	0.48266	0.48266	0.31815
1140	0.48067	0.48067	0.3165
1141	0.47853	0.47853	0.31495
1142	0.47635	0.47635	0.31333
1143	0.47417	0.47417	0.31161
1144	0.47193	0.47193	0.30997
1145	0.46971	0.46971	0.3084
1146	0.46753	0.46753	0.30681
1147	0.46533	0.46533	0.30521
1148	0.46322	0.46322	0.30361
1149	0.46116	0.46116	0.30209
1150	0.45924	0.45924	0.30058
1151	0.45739	0.45739	0.29916
1152	0.4556	0.4556	0.29792
1153	0.45393	0.45393	0.29678
1154	0.45245	0.45245	0.29565
1155	0.45108	0.45108	0.29454
1156	0.44976	0.44976	0.29351
1157	0.4486	0.4486	0.29253
1158	0.44752	0.44752	0.29165
1159	0.44643	0.44643	0.29093
1160	0.44538	0.44538	0.29024
1161	0.44442	0.44442	0.28959
1162	0.44348	0.44348	0.28905
1163	0.44273	0.44273	0.28839
1164	0.44199	0.44199	0.28773
1165	0.44119	0.44119	0.28714
1166	0.44052	0.44052	0.28654
1167	0.43996	0.43996	0.28595
1168	0.43935	0.43935	0.28553
1169	0.43873	0.43873	0.28521
1170	0.43821	0.43821	0.28487
1171	0.43779	0.43779	0.28452
1172	0.43741	0.43741	0.28421
1173	0.43706	0.43706	0.28395
1174	0.43665	0.43665	0.28375
1175	0.43621	0.43621	0.28357
1176	0.43576	0.43576	0.28342
1177	0.43524	0.43524	0.28335
1178	0.4348	0.4348	0.28321
1179	0.43443	0.43443	0.28299
1180	0.43399	0.43399	0.28267
1181	0.43355	0.43355	0.28225
1182	0.43309	0.43309	0.28186
1183	0.43266	0.43266	0.28146
1184	0.43217	0.43217	0.28106
1185	0.43163	0.43163	0.28077
1186	0.43107	0.43107	0.28061
1187	0.43065	0.43065	0.28034
1188	0.43025	0.43025	0.28006
1189	0.42983	0.42983	0.27987
1190	0.42941	0.42941	0.27976
1191	0.42905	0.42905	0.27957
1192	0.42869	0.42869	0.27933
1193	0.42831	0.42831	0.27921
1194	0.428	0.428	0.2792
1195	0.42777	0.42777	0.27918
1196	0.4277	0.4277	0.27904
1197	0.42756	0.42756	0.27894
1198	0.42738	0.42738	0.27888
1199	0.42733	0.42733	0.27882
1200	0.4274	0.4274	0.27873
1201	0.42753	0.42753	0.27862
1202	0.42757	0.42757	0.27863
1203	0.42757	0.42757	0.27877
1204	0.42767	0.42767	0.27894
1205	0.42789	0.42789	0.27906
1206	0.42807	0.42807	0.27926
1207	0.42826	0.42826	0.2795
1208	0.42853	0.42853	0.27969
1209	0.42882	0.42882	0.2799
1210	0.42915	0.42915	0.28018
1211	0.42941	0.42941	0.28056
1212	0.42965	0.42965	0.28097
1213	0.42999	0.42999	0.28133
1214	0.43039	0.43039	0.28173
1215	0.43078	0.43078	0.2822
1216	0.43125	0.43125	0.28269
1217	0.43179	0.43179	0.28317
1218	0.43238	0.43238	0.28362
1219	0.43294	0.43294	0.28408
1220	0.4335	0.4335	0.28462
1221	0.43405	0.43405	0.28522
1222	0.43465	0.43465	0.28573
1223	0.43525	0.43525	0.28621
1224	0.43573	0.43573	0.28672
1225	0.43618	0.43618	0.2872
1226	0.43673	0.43673	0.28763
1227	0.43727	0.43727	0.28811
1228	0.43774	0.43774	0.28857
1229	0.43812	0.43812	0.28905
1230	0.43855	0.43855	0.28954
1231	0.43909	0.43909	0.28999
1232	0.43966	0.43966	0.29043
1233	0.4402	0.4402	0.29082
1234	0.4407	0.4407	0.29124
1235	0.44132	0.44132	0.29156
1236	0.44199	0.44199	0.29179
1237	0.44263	0.44263	0.29212
1238	0.44321	0.44321	0.29251
1239	0.44369	0.44369	0.29286
1240	0.44423	0.44423	0.29304
1241	0.44458	0.44458	0.2934
1242	0.44488	0.44488	0.29378
1243	0.44524	0.44524	0.29409
1244	0.44559	0.44559	0.29445
1245	0.44577	0.44577	0.29489
1246	0.4459	0.4459	0.2953
1247	0.44613	0.44613	0.29565
1248	0.44649	0.44649	0.29592
1249	0.44676	0.44676	0.29617
1250	0.44694	0.44694	0.2964
1251	0.44712	0.44712	0.29665
1252	0.44742	0.44742	0.29687
1253	0.44772	0.44772	0.29708
1254	0.44802	0.44802	0.29727
1255	0.44827	0.44827	0.29748
1256	0.44856	0.44856	0.29762
1257	0.44886	0.44886	0.29769
1258	0.44917	0.44917	0.29778
1259	0.44942	0.44942	0.29798
1260	0.44974	0.44974	0.29808
1261	0.44996	0.44996	0.29821
1262	0.45007	0.45007	0.29835
1263	0.45018	0.45018	0.29844
1264	0.45028	0.45028	0.29853
1265	0.45041	0.45041	0.29858
1266	0.45051	0.45051	0.29856
1267	0.45052	0.45052	0.29859
1268	0.45053	0.45053	0.29875
1269	0.45053	0.45053	0.29903
1270	0.45047	0.45047	0.29925
1271	0.45028	0.45028	0.29949
1272	0.45025	0.45025	0.29959
1273	0.45022	0.45022	0.29971
1274	0.45019	0.45019	0.2998
1275	0.45016	0.45016	0.29985
1276	0.45014	0.45014	0.29991
1277	0.45014	0.45014	0.29995
1278	0.44991	0.44991	0.30006
1279	0.44969	0.44969	0.29998
1280	0.44944	0.44944	0.29989
1281	0.44923	0.44923	0.29974
1282	0.44886	0.44886	0.29965
1283	0.44852	0.44852	0.29943
1284	0.4482	0.4482	0.29914
1285	0.44789	0.44789	0.29889
1286	0.44751	0.44751	0.29876
1287	0.44705	0.44705	0.2986
1288	0.44657	0.44657	0.29828
1289	0.44604	0.44604	0.29794
1290	0.44562	0.44562	0.29755
1291	0.44518	0.44518	0.2972
1292	0.44485	0.44485	0.29671
1293	0.44444	0.44444	0.29624
1294	0.44393	0.44393	0.2959
1295	0.44339	0.44339	0.29562
1296	0.44285	0.44285	0.29525
1297	0.44234	0.44234	0.29477
1298	0.44167	0.44167	0.29439
1299	0.44103	0.44103	0.29395
1300	0.44034	0.44034	0.29346
1301	0.43961	0.43961	0.29292
1302	0.4388	0.4388	0.29237
1303	0.43799	0.43799	0.29174
1304	0.43709	0.43709	0.29109
1305	0.43612	0.43612	0.29042
1306	0.43507	0.43507	0.28969
1307	0.43405	0.43405	0.28887
1308	0.4331	0.4331	0.28794
1309	0.43205	0.43205	0.28704
1310	0.43088	0.43088	0.28614
1311	0.42966	0.42966	0.28526
1312	0.42852	0.42852	0.28432
1313	0.42738	0.42738	0.28334
1314	0.42612	0.42612	0.28228
1315	0.42469	0.42469	0.28117
1316	0.42316	0.42316	0.28006
1317	0.42165	0.42165	0.27888
1318	0.42011	0.42011	0.27764
1319	0.41845	0.41845	0.27639
1320	0.41671	0.41671	0.27514
1321	0.415	0.415	0.27377
1322	0.41313	0.41313	0.27244
1323	0.4112	0.4112	0.27118
1324	0.40931	0.40931	0.26991
1325	0.40754	0.40754	0.26843
1326	0.40553	0.40553	0.26697
1327	0.40337	0.40337	0.26563
1328	0.40138	0.40138	0.26424
1329	0.39958	0.39958	0.26267
1330	0.39763	0.39763	0.26105
1331	0.39555	0.39555	0.25945
1332	0.39355	0.39355	0.25787
1333	0.39155	0.39155	0.25633
1334	0.38949	0.38949	0.2548
1335	0.38746	0.38746	0.25326
1336	0.38552	0.38552	0.25175
1337	0.38363	0.38363	0.2502
1338	0.38161	0.38161	0.24865
1339	0.37952	0.37952	0.24711
1340	0.37747	0.37747	0.24563
1341	0.37552	0.37552	0.2442
1342	0.37358	0.37358	0.24278
1343	0.3716	0.3716	0.2413
1344	0.3696	0.3696	0.23988
1345	0.36772	0.36772	0.23854
1346	0.36601	0.36601	0.23713
1347	0.36429	0.36429	0.23565
1348	0.36246	0.36246	0.23424
1349	0.36064	0.36064	0.23298
1350	0.35899	0.35899	0.23177
1351	0.35729	0.35729	0.2306
1352	0.35554	0.35554	0.22943
1353	0.35379	0.35379	0.22829
1354	0.35213	0.35213	0.22707
1355	0.35042	0.35042	0.22581
1356	0.3486	0.3486	0.22454
1357	0.34675	0.34675	0.22334
1358	0.34498	0.34498	0.22209
1359	0.34318	0.34318	0.22079
1360	0.34126	0.34126	0.21952
1361	0.33932	0.33932	0.21823
1362	0.33738	0.33738	0.21687
1363	0.3354	0.3354	0.21538
1364	0.33342	0.33342	0.21372
1365	0.33136	0.33136	0.21206
1366	0.3291	0.3291	0.21048
1367	0.32672	0.32672	0.20878
1368	0.32435	0.32435	0.20688
1369	0.32188	0.32188	0.20496
1370	0.31925	0.31925	0.20296
1371	0.31647	0.31647	0.20083
1372	0.31357	0.31357	0.19854
1373	0.31053	0.31053	0.19617
1374	0.30731	0.30731	0.19364
1375	0.30388	0.30388	0.19096
1376	0.30018	0.30018	0.18813
1377	0.29622	0.29622	0.1852
1378	0.292	0.292	0.18212
1379	0.28755	0.28755	0.17885
1380	0.28288	0.28288	0.17533
1381	0.27801	0.27801	0.17158
1382	0.27292	0.27292	0.16772
1383	0.2676	0.2676	0.16383
1384	0.26205	0.26205	0.15985
1385	0.25638	0.25638	0.15574
1386	0.25064	0.25064	0.15159
1387	0.24485	0.24485	0.1474
1388	0.23897	0.23897	0.14316
1389	0.23296	0.23296	0.13895
1390	0.2269	0.2269	0.13482
1391	0.22096	0.22096	0.1307
1392	0.21511	0.21511	0.12658
1393	0.20919	0.20919	0.12253
1394	0.20325	0.20325	0.11857
1395	0.19742	0.19742	0.11471
1396	0.19174	0.19174	0.11091
1397	0.18617	0.18617	0.10723
1398	0.18074	0.18074	0.10364
1399	0.17548	0.17548	0.10019
1400	0.17039	0.17039	0.096948
1401	0.1655	0.1655	0.09393
1402	0.16083	0.16083	0.09113
1403	0.15636	0.15636	0.088485
1404	0.1521	0.1521	0.085941
1405	0.14807	0.14807	0.083477
1406	0.14424	0.14424	0.081252
1407	0.1406	0.1406	0.079226
1408	0.13721	0.13721	0.077326
1409	0.13413	0.13413	0.075491
1410	0.13129	0.13129	0.073737
1411	0.12857	0.12857	0.071999
1412	0.12597	0.12597	0.07036
1413	0.1236	0.1236	0.068833
1414	0.12146	0.12146	0.067434
1415	0.11944	0.11944	0.06616
1416	0.11746	0.11746	0.065007
1417	0.11558	0.11558	0.063958
1418	0.11388	0.11388	0.063047
1419	0.11233	0.11233	0.062171
1420	0.11081	0.11081	0.061355
1421	0.10933	0.10933	0.060573
1422	0.10796	0.10796	0.059869
1423	0.10672	0.10672	0.059246
1424	0.10553	0.10553	0.058682
1425	0.1044	0.1044	0.058132
1426	0.10338	0.10338	0.057636
1427	0.10251	0.10251	0.057173
1428	0.10178	0.10178	0.056725
1429	0.10109	0.10109	0.056342
1430	0.10041	0.10041	0.056024
1431	0.09984	0.09984	0.055767
1432	0.099374	0.099374	0.055601
1433	0.098883	0.098883	0.055558
1434	0.098365	0.098365	0.055491
1435	0.097954	0.097954	0.055347
1436	0.097631	0.097631	0.055211
1437	0.097313	0.097313	0.055008
1438	0.096943	0.096943	0.054836
1439	0.096607	0.096607	0.054667
1440	0.096294	0.096294	0.054542
1441	0.095954	0.095954	0.05444
1442	0.095615	0.095615	0.054246
1443	0.09533	0.09533	0.054087
1444	0.095123	0.095123	0.0539
1445	0.094951	0.094951	0.053757
1446	0.094813	0.094813	0.053676
1447	0.094682	0.094682	0.053659
1448	0.094567	0.094567	0.053633
1449	0.094507	0.094507	0.05365
1450	0.094497	0.094497	0.053657
1451	0.094634	0.094634	0.053576
1452	0.094644	0.094644	0.053567
1453	0.094682	0.094682	0.053606
1454	0.094751	0.094751	0.053641
1455	0.09482	0.09482	0.053672
1456	0.0949	0.0949	0.053707
1457	0.095022	0.095022	0.053792
1458	0.095209	0.095209	0.05389
1459	0.095432	0.095432	0.053967
1460	0.09564	0.09564	0.054078
1461	0.09587	0.09587	0.054178
1462	0.096146	0.096146	0.054333
1463	0.096462	0.096462	0.054517
1464	0.096784	0.096784	0.054719
1465	0.097137	0.097137	0.054892
1466	0.097535	0.097535	0.055102
1467	0.097965	0.097965	0.05534
1468	0.098411	0.098411	0.055561
1469	0.098869	0.098869	0.055808
1470	0.099354	0.099354	0.056098
1471	0.099873	0.099873	0.05641
1472	0.10043	0.10043	0.056723
1473	0.10101	0.10101	0.057037
1474	0.10161	0.10161	0.057379
1475	0.10223	0.10223	0.057709
1476	0.10286	0.10286	0.05809
1477	0.10352	0.10352	0.058466
1478	0.10421	0.10421	0.058845
1479	0.10494	0.10494	0.059222
1480	0.10566	0.10566	0.059631
1481	0.10638	0.10638	0.060077
1482	0.10714	0.10714	0.06053
1483	0.10793	0.10793	0.060966
1484	0.10874	0.10874	0.061388
1485	0.10954	0.10954	0.061829
1486	0.11036	0.11036	0.062289
1487	0.1112	0.1112	0.062787
1488	0.11205	0.11205	0.063283
1489	0.11292	0.11292	0.063803
1490	0.11382	0.11382	0.064348
1491	0.11473	0.11473	0.064828
1492	0.11564	0.11564	0.065343
1493	0.11654	0.11654	0.065915
1494	0.11746	0.11746	0.066471
1495	0.11837	0.11837	0.067048
1496	0.1193	0.1193	0.067591
1497	0.12026	0.12026	0.068126
1498	0.1212	0.1212	0.068659
1499	0.12209	0.12209	0.069217
1500	0.12303	0.12303	0.069738
1501	0.12402	0.12402	0.070275
1502	0.125	0.125	0.07084
1503	0.12594	0.12594	0.071425
1504	0.1269	0.1269	0.072042
1505	0.12789	0.12789	0.072649
1506	0.12888	0.12888	0.07329
1507	0.12984	0.12984	0.073908
1508	0.13082	0.13082	0.074528
1509	0.13182	0.13182	0.07514
1510	0.13282	0.13282	0.075744
1511	0.1338	0.1338	0.076343
1512	0.13479	0.13479	0.076935
1513	0.13577	0.13577	0.077566
1514	0.13674	0.13674	0.078213
1515	0.1377	0.1377	0.078847
1516	0.13869	0.13869	0.079476
1517	0.13969	0.13969	0.080123
1518	0.14067	0.14067	0.080728
1519	0.14162	0.14162	0.081321
1520	0.14259	0.14259	0.081941
1521	0.1436	0.1436	0.082524
1522	0.14457	0.14457	0.083135
1523	0.14552	0.14552	0.083738
1524	0.14646	0.14646	0.084341
1525	0.14741	0.14741	0.08494
1526	0.14837	0.14837	0.085523
1527	0.14931	0.14931	0.086104
1528	0.15023	0.15023	0.086658
1529	0.15115	0.15115	0.087238
1530	0.15209	0.15209	0.087806
1531	0.15302	0.15302	0.088391
1532	0.15394	0.15394	0.08897
1533	0.15485	0.15485	0.089572
1534	0.15577	0.15577	0.090186
1535	0.15669	0.15669	0.090758
1536	0.1576	0.1576	0.091346
1537	0.1585	0.1585	0.091929
1538	0.1594	0.1594	0.09247
1539	0.16027	0.16027	0.093031
1540	0.16115	0.16115	0.093542
1541	0.162	0.162	0.094092
1542	0.16284	0.16284	0.094655
1543	0.16371	0.16371	0.095205
1544	0.16457	0.16457	0.09577
1545	0.1654	0.1654	0.096374
1546	0.16622	0.16622	0.096993
1547	0.16706	0.16706	0.097585
1548	0.16789	0.16789	0.098156
1549	0.1687	0.1687	0.098705
1550	0.16951	0.16951	0.099238
1551	0.17033	0.17033	0.099768
1552	0.17116	0.17116	0.10033
1553	0.17197	0.17197	0.10091
1554	0.17277	0.17277	0.10148
1555	0.17357	0.17357	0.10206
1556	0.17439	0.17439	0.10262
1557	0.17522	0.17522	0.10318
1558	0.17602	0.17602	0.10374
1559	0.17682	0.17682	0.10429
1560	0.17766	0.17766	0.10484
1561	0.17847	0.17847	0.10536
1562	0.17924	0.17924	0.10587
1563	0.18003	0.18003	0.10642
1564	0.18087	0.18087	0.10694
1565	0.1817	0.1817	0.10743
1566	0.18247	0.18247	0.10796
1567	0.18325	0.18325	0.10847
1568	0.18406	0.18406	0.10899
1569	0.18487	0.18487	0.10952
1570	0.18563	0.18563	0.11003
1571	0.18638	0.18638	0.11052
1572	0.18717	0.18717	0.111
1573	0.18797	0.18797	0.11151
1574	0.18873	0.18873	0.11204
1575	0.18945	0.18945	0.11259
1576	0.19019	0.19019	0.11313
1577	0.19094	0.19094	0.11368
1578	0.19166	0.19166	0.11421
1579	0.19238	0.19238	0.11471
1580	0.1931	0.1931	0.11526
1581	0.19382	0.19382	0.11582
1582	0.19452	0.19452	0.11632
1583	0.19522	0.19522	0.11683
1584	0.19596	0.19596	0.11735
1585	0.19668	0.19668	0.1179
1586	0.19738	0.19738	0.11844
1587	0.19808	0.19808	0.11898
1588	0.19878	0.19878	0.11956
1589	0.19953	0.19953	0.12012
1590	0.20028	0.20028	0.12067
1591	0.20101	0.20101	0.12123
1592	0.20174	0.20174	0.12178
1593	0.2025	0.2025	0.12232
1594	0.20326	0.20326	0.12287
1595	0.204	0.204	0.12345
1596	0.20471	0.20471	0.12405
1597	0.20544	0.20544	0.12461
1598	0.20617	0.20617	0.12515
1599	0.20692	0.20692	0.1257
1600	0.20768	0.20768	0.12625
1601	0.20843	0.20843	0.1268
1602	0.20914	0.20914	0.12734
1603	0.20987	0.20987	0.1279
1604	0.21062	0.21062	0.12844
1605	0.21137	0.21137	0.12897
1606	0.2121	0.2121	0.12951
1607	0.21283	0.21283	0.13007
1608	0.21356	0.21356	0.13058
1609	0.21425	0.21425	0.13111
1610	0.2149	0.2149	0.13166
1611	0.21558	0.21558	0.13217
1612	0.21627	0.21627	0.13268
1613	0.21692	0.21692	0.13319
1614	0.21753	0.21753	0.13373
1615	0.21817	0.21817	0.1343
1616	0.21883	0.21883	0.13488
1617	0.21947	0.21947	0.13542
1618	0.22007	0.22007	0.13595
1619	0.2207	0.2207	0.13647
1620	0.22135	0.22135	0.13701
1621	0.22195	0.22195	0.1375
1622	0.2225	0.2225	0.13793
1623	0.22311	0.22311	0.1384
1624	0.22375	0.22375	0.13891
1625	0.22431	0.22431	0.13935
1626	0.22483	0.22483	0.13974
1627	0.22538	0.22538	0.14017
1628	0.22593	0.22593	0.14062
1629	0.22645	0.22645	0.14104
1630	0.22697	0.22697	0.14139
1631	0.2275	0.2275	0.14181
1632	0.22804	0.22804	0.14227
1633	0.22853	0.22853	0.14266
1634	0.22901	0.22901	0.14296
1635	0.22949	0.22949	0.14331
1636	0.22996	0.22996	0.14368
1637	0.23039	0.23039	0.14402
1638	0.23078	0.23078	0.14434
1639	0.23113	0.23113	0.14465
1640	0.23146	0.23146	0.14493
1641	0.23178	0.23178	0.14522
1642	0.23209	0.23209	0.14549
1643	0.2324	0.2324	0.14569
1644	0.2327	0.2327	0.14583
1645	0.23294	0.23294	0.14603
1646	0.23312	0.23312	0.14624
1647	0.23332	0.23332	0.14638
1648	0.2335	0.2335	0.14651
1649	0.23363	0.23363	0.14669
1650	0.23373	0.23373	0.14686
1651	0.23384	0.23384	0.14699
1652	0.23392	0.23392	0.14712
1653	0.23397	0.23397	0.14725
1654	0.23401	0.23401	0.14737
1655	0.23404	0.23404	0.14746
1656	0.23404	0.23404	0.1476
1657	0.23405	0.23405	0.14775
1658	0.23408	0.23408	0.14787
1659	0.23411	0.23411	0.14794
1660	0.23413	0.23413	0.14799
1661	0.23412	0.23412	0.14802
1662	0.23409	0.23409	0.14804
1663	0.23407	0.23407	0.14803
1664	0.23405	0.23405	0.14801
1665	0.234	0.234	0.14799
1666	0.23395	0.23395	0.148
1667	0.23392	0.23392	0.14805
1668	0.23386	0.23386	0.14808
1669	0.23374	0.23374	0.14808
1670	0.23365	0.23365	0.14807
1671	0.2336	0.2336	0.14807
1672	0.23352	0.23352	0.14809
1673	0.23342	0.23342	0.14807
1674	0.2333	0.2333	0.14809
1675	0.23317	0.23317	0.14815
1676	0.23307	0.23307	0.14812
1677	0.23295	0.23295	0.14802
1678	0.2328	0.2328	0.14793
1679	0.2326	0.2326	0.14788
1680	0.23239	0.23239	0.14782
1681	0.23218	0.23218	0.14773
1682	0.23192	0.23192	0.1476
1683	0.23163	0.23163	0.14744
1684	0.23134	0.23134	0.14727
1685	0.23106	0.23106	0.14711
1686	0.23076	0.23076	0.14688
1687	0.23041	0.23041	0.14663
1688	0.23006	0.23006	0.14639
1689	0.22965	0.22965	0.14622
1690	0.22924	0.22924	0.14599
1691	0.22884	0.22884	0.14573
1692	0.22842	0.22842	0.14545
1693	0.22795	0.22795	0.14517
1694	0.22747	0.22747	0.14486
1695	0.227	0.227	0.14455
1696	0.22656	0.22656	0.14421
1697	0.22613	0.22613	0.14382
1698	0.2256	0.2256	0.14349
1699	0.22505	0.22505	0.14316
1700	0.22455	0.22455	0.14282
1701	0.22407	0.22407	0.14244
1702	0.22355	0.22355	0.14206
1703	0.223	0.223	0.1417
1704	0.22243	0.22243	0.14134
1705	0.22189	0.22189	0.14097
1706	0.22139	0.22139	0.14062
1707	0.22086	0.22086	0.1403
1708	0.22032	0.22032	0.13999
1709	0.21976	0.21976	0.13969
1710	0.21924	0.21924	0.13936
1711	0.21869	0.21869	0.13905
1712	0.21814	0.21814	0.13872
1713	0.21757	0.21757	0.13837
1714	0.21703	0.21703	0.13801
1715	0.21652	0.21652	0.1377
1716	0.21602	0.21602	0.13746
1717	0.21551	0.21551	0.13718
1718	0.215	0.215	0.13689
1719	0.21459	0.21459	0.1366
1720	0.21422	0.21422	0.13634
1721	0.21377	0.21377	0.13608
1722	0.2133	0.2133	0.13579
1723	0.21286	0.21286	0.13554
1724	0.21244	0.21244	0.13531
1725	0.21196	0.21196	0.13503
1726	0.21146	0.21146	0.13469
1727	0.21103	0.21103	0.13437
1728	0.21064	0.21064	0.13406
1729	0.2102	0.2102	0.13373
1730	0.20974	0.20974	0.13339
1731	0.20931	0.20931	0.13308
1732	0.2089	0.2089	0.13275
1733	0.20844	0.20844	0.13244
1734	0.20797	0.20797	0.13211
1735	0.20754	0.20754	0.13175
1736	0.20709	0.20709	0.13138
1737	0.20663	0.20663	0.13107
1738	0.2062	0.2062	0.13077
1739	0.20584	0.20584	0.13043
1740	0.20543	0.20543	0.13002
1741	0.20487	0.20487	0.12963
1742	0.20426	0.20426	0.12927
1743	0.20373	0.20373	0.12888
1744	0.20324	0.20324	0.12848
1745	0.2027	0.2027	0.12809
1746	0.20211	0.20211	0.12771
1747	0.2015	0.2015	0.1273
1748	0.2009	0.2009	0.12687
1749	0.20033	0.20033	0.12643
1750	0.19975	0.19975	0.12603
1751	0.19915	0.19915	0.12562
1752	0.19856	0.19856	0.12517
1753	0.19798	0.19798	0.12475
1754	0.19742	0.19742	0.12434
1755	0.19685	0.19685	0.12395
1756	0.19636	0.19636	0.12357
1757	0.1959	0.1959	0.12321
1758	0.1954	0.1954	0.12289
1759	0.19491	0.19491	0.1226
1760	0.19443	0.19443	0.12228
1761	0.19394	0.19394	0.12192
1762	0.19348	0.19348	0.12164
1763	0.19308	0.19308	0.12143
1764	0.19268	0.19268	0.12119
1765	0.19224	0.19224	0.12092
1766	0.1918	0.1918	0.12063
1767	0.19138	0.19138	0.12038
1768	0.19095	0.19095	0.1201
1769	0.19058	0.19058	0.11985
1770	0.19033	0.19033	0.11964
1771	0.19007	0.19007	0.11945
1772	0.18973	0.18973	0.11922
1773	0.18943	0.18943	0.11906
1774	0.18924	0.18924	0.11895
1775	0.18907	0.18907	0.11883
1776	0.1889	0.1889	0.11869
1777	0.18869	0.18869	0.11859
1778	0.18849	0.18849	0.11853
1779	0.18836	0.18836	0.11859
1780	0.18821	0.18821	0.11855
1781	0.18808	0.18808	0.11848
1782	0.18799	0.18799	0.11846
1783	0.18794	0.18794	0.11847
1784	0.18788	0.18788	0.11848
1785	0.18787	0.18787	0.11854
1786	0.18785	0.18785	0.11855
1787	0.18777	0.18777	0.11854
1788	0.18779	0.18779	0.11853
1789	0.18793	0.18793	0.11853
1790	0.18804	0.18804	0.11855
1791	0.18804	0.18804	0.11854
1792	0.18799	0.18799	0.11857
1793	0.18803	0.18803	0.1186
1794	0.18816	0.18816	0.11862
1795	0.18833	0.18833	0.11863
1796	0.18854	0.18854	0.11861
1797	0.1888	0.1888	0.11858
1798	0.1891	0.1891	0.11854
1799	0.18942	0.18942	0.11848
1800	0.18975	0.18975	0.11843
1801	0.19001	0.19001	0.11841
1802	0.1902	0.1902	0.11839
1803	0.19041	0.19041	0.11836
1804	0.19063	0.19063	0.11833
1805	0.19081	0.19081	0.11835
1806	0.19104	0.19104	0.11844
1807	0.19136	0.19136	0.11853
1808	0.19167	0.19167	0.11854
1809	0.19184	0.19184	0.11851
1810	0.19195	0.19195	0.11844
1811	0.19206	0.19206	0.11843
1812	0.19218	0.19218	0.11843
1813	0.19231	0.19231	0.11843
1814	0.19242	0.19242	0.11838
1815	0.19247	0.19247	0.11834
1816	0.19254	0.19254	0.11836
1817	0.19265	0.19265	0.11848
1818	0.19267	0.19267	0.11858
1819	0.1926	0.1926	0.11868
1820	0.19251	0.19251	0.11887
1821	0.19239	0.19239	0.1191
1822	0.19228	0.19228	0.11931
1823	0.19219	0.19219	0.11951
1824	0.19211	0.19211	0.11952
1825	0.19209	0.19209	0.11962
1826	0.19208	0.19208	0.11985
1827	0.19203	0.19203	0.12015
1828	0.19196	0.19196	0.1204
1829	0.19191	0.19191	0.1205
1830	0.19185	0.19185	0.12053
1831	0.19183	0.19183	0.12066
1832	0.19189	0.19189	0.12082
1833	0.19192	0.19192	0.12089
1834	0.1918	0.1918	0.12086
1835	0.19151	0.19151	0.12074
1836	0.19119	0.19119	0.12057
1837	0.19092	0.19092	0.12027
1838	0.19058	0.19058	0.11988
1839	0.19017	0.19017	0.11943
1840	0.18975	0.18975	0.11888
1841	0.18927	0.18927	0.11826
1842	0.18863	0.18863	0.11767
1843	0.18786	0.18786	0.11711
1844	0.18706	0.18706	0.11659
1845	0.18619	0.18619	0.11604
1846	0.18523	0.18523	0.11541
1847	0.18419	0.18419	0.11468
1848	0.18307	0.18307	0.11384
1849	0.18184	0.18184	0.11292
1850	0.18052	0.18052	0.11195
1851	0.17906	0.17906	0.1109
1852	0.17738	0.17738	0.10976
1853	0.17549	0.17549	0.1084
1854	0.17346	0.17346	0.10691
1855	0.17137	0.17137	0.10551
1856	0.16922	0.16922	0.10409
1857	0.16684	0.16684	0.10255
1858	0.16419	0.16419	0.10089
1859	0.16139	0.16139	0.099162
1860	0.15854	0.15854	0.09745
1861	0.15561	0.15561	0.095711
1862	0.15254	0.15254	0.093813
1863	0.14936	0.14936	0.091791
1864	0.14606	0.14606	0.089806
1865	0.14268	0.14268	0.087739
1866	0.13919	0.13919	0.085628
1867	0.13563	0.13563	0.083475
1868	0.13208	0.13208	0.081351
1869	0.12851	0.12851	0.079293
1870	0.12491	0.12491	0.077299
1871	0.12127	0.12127	0.075259
1872	0.11765	0.11765	0.073073
1873	0.11404	0.11404	0.070787
1874	0.11037	0.11037	0.06863
1875	0.10671	0.10671	0.066564
1876	0.10312	0.10312	0.064478
1877	0.099534	0.099534	0.0623
1878	0.095884	0.095884	0.060138
1879	0.092204	0.092204	0.058087
1880	0.08866	0.08866	0.056191
1881	0.085282	0.085282	0.054298
1882	0.081986	0.081986	0.052404
1883	0.078791	0.078791	0.050593
1884	0.075671	0.075671	0.04898
1885	0.072595	0.072595	0.047564
1886	0.069702	0.069702	0.046225
1887	0.067093	0.067093	0.044914
1888	0.064765	0.064765	0.043779
1889	0.062553	0.062553	0.042774
1890	0.060387	0.060387	0.041734
1891	0.05829	0.05829	0.040629
1892	0.056325	0.056325	0.039576
1893	0.054581	0.054581	0.038676
1894	0.053021	0.053021	0.037879
1895	0.05149	0.05149	0.037052
1896	0.049969	0.049969	0.03619
1897	0.048609	0.048609	0.03539
1898	0.047465	0.047465	0.034829
1899	0.046475	0.046475	0.034351
1900	0.045498	0.045498	0.033705
1901	0.044507	0.044507	0.03303
1902	0.043662	0.043662	0.032505
1903	0.04304	0.04304	0.032143
1904	0.042524	0.042524	0.031779
1905	0.041948	0.041948	0.031361
1906	0.041281	0.041281	0.030894
1907	0.040623	0.040623	0.030519
1908	0.040073	0.040073	0.030254
1909	0.039626	0.039626	0.029946
1910	0.039136	0.039136	0.029723
1911	0.038632	0.038632	0.02955
1912	0.038227	0.038227	0.029364
1913	0.037907	0.037907	0.029142
1914	0.03758	0.03758	0.028899
1915	0.037231	0.037231	0.028716
1916	0.036929	0.036929	0.02856
1917	0.03667	0.03667	0.028497
1918	0.036464	0.036464	0.02852
1919	0.036377	0.036377	0.028585
1920	0.03634	0.03634	0.028647
1921	0.036239	0.036239	0.028674
1922	0.036106	0.036106	0.028781
1923	0.036006	0.036006	0.029
1924	0.035911	0.035911	0.029253
1925	0.03577	0.03577	0.029403
1926	0.035583	0.035583	0.029504
1927	0.035427	0.035427	0.029641
1928	0.035358	0.035358	0.029838
1929	0.035384	0.035384	0.029982
1930	0.035449	0.035449	0.03014
1931	0.035468	0.035468	0.030362
1932	0.035437	0.035437	0.030653
1933	0.035343	0.035343	0.030848
1934	0.035263	0.035263	0.03093
1935	0.035306	0.035306	0.030989
1936	0.035453	0.035453	0.031129
1937	0.0356	0.0356	0.031244
1938	0.035672	0.035672	0.03126
1939	0.035701	0.035701	0.03135
1940	0.035818	0.035818	0.03159
1941	0.036037	0.036037	0.031852
1942	0.03624	0.03624	0.031991
1943	0.036456	0.036456	0.032002
1944	0.036716	0.036716	0.032035
1945	0.036978	0.036978	0.032153
1946	0.037258	0.037258	0.032216
1947	0.037568	0.037568	0.032172
1948	0.03784	0.03784	0.032083
1949	0.038036	0.038036	0.032079
1950	0.03823	0.03823	0.032077
1951	0.038471	0.038471	0.03212
1952	0.038769	0.038769	0.032227
1953	0.039023	0.039023	0.032412
1954	0.039228	0.039228	0.032512
1955	0.03949	0.03949	0.032508
1956	0.039761	0.039761	0.032473
1957	0.03997	0.03997	0.032504
1958	0.04021	0.04021	0.032586
1959	0.040534	0.040534	0.032765
1960	0.040903	0.040903	0.032961
1961	0.041264	0.041264	0.033202
1962	0.041655	0.041655	0.033416
1963	0.042128	0.042128	0.033698
1964	0.042592	0.042592	0.033997
1965	0.042948	0.042948	0.03427
1966	0.043276	0.043276	0.034556
1967	0.043585	0.043585	0.034828
1968	0.04383	0.04383	0.035047
1969	0.044011	0.044011	0.035151
1970	0.04416	0.04416	0.035171
1971	0.044271	0.044271	0.035253
1972	0.044287	0.044287	0.035435
1973	0.0442	0.0442	0.035636
1974	0.044106	0.044106	0.035843
1975	0.044066	0.044066	0.036
1976	0.044061	0.044061	0.036246
1977	0.044092	0.044092	0.036575
1978	0.044169	0.044169	0.036887
1979	0.044241	0.044241	0.037128
1980	0.044155	0.044155	0.037304
1981	0.043957	0.043957	0.037408
1982	0.043892	0.043892	0.037642
1983	0.044014	0.044014	0.038011
1984	0.044197	0.044197	0.038355
1985	0.044398	0.044398	0.038596
1986	0.044745	0.044745	0.038746
1987	0.045289	0.045289	0.038893
1988	0.045897	0.045897	0.039095
1989	0.046494	0.046494	0.039314
1990	0.0471	0.0471	0.039531
1991	0.0476	0.0476	0.039799
1992	0.047995	0.047995	0.040084
1993	0.048433	0.048433	0.040392
1994	0.048935	0.048935	0.040688
1995	0.049253	0.049253	0.040955
1996	0.0494	0.0494	0.041169
1997	0.049741	0.049741	0.041292
1998	0.050389	0.050389	0.041357
1999	0.051006	0.051006	0.041524
2000	0.051381	0.051381	0.041735
2001	0.051817	0.051817	0.041977
2002	0.052583	0.052583	0.04225
2003	0.05341	0.05341	0.042517
2004	0.053968	0.053968	0.042792
2005	0.054419	0.054419	0.043102
2006	0.055145	0.055145	0.043455
2007	0.056053	0.056053	0.043804
2008	0.056562	0.056562	0.044008
2009	0.056624	0.056624	0.044166
2010	0.056796	0.056796	0.044444
2011	0.057207	0.057207	0.044719
2012	0.057586	0.057586	0.044942
2013	0.057794	0.057794	0.045188
2014	0.05795	0.05795	0.045478
2015	0.058088	0.058088	0.045858
2016	0.058206	0.058206	0.046259
2017	0.058365	0.058365	0.046614
2018	0.058562	0.058562	0.046966
2019	0.058682	0.058682	0.047373
2020	0.058733	0.058733	0.047836
2021	0.058871	0.058871	0.048208
2022	0.059102	0.059102	0.048483
2023	0.05933	0.05933	0.048691
2024	0.059496	0.059496	0.048836
2025	0.059703	0.059703	0.048946
2026	0.060054	0.060054	0.049046
2027	0.060434	0.060434	0.049198
2028	0.060704	0.060704	0.049514
2029	0.060862	0.060862	0.049769
2030	0.061058	0.061058	0.049808
2031	0.061282	0.061282	0.049849
2032	0.061504	0.061504	0.049993
2033	0.061667	0.061667	0.050067
2034	0.061628	0.061628	0.04997
2035	0.061427	0.061427	0.049876
2036	0.061396	0.061396	0.049793
2037	0.06157	0.06157	0.04967
2038	0.061694	0.061694	0.049563
2039	0.061698	0.061698	0.049631
2040	0.061904	0.061904	0.049721
2041	0.062459	0.062459	0.049589
2042	0.062936	0.062936	0.049439
2043	0.062994	0.062994	0.049466
2044	0.06298	0.06298	0.049566
2045	0.06335	0.06335	0.049602
2046	0.063926	0.063926	0.04949
2047	0.064382	0.064382	0.049357
2048	0.064755	0.064755	0.049308
2049	0.065216	0.065216	0.049324
2050	0.065735	0.065735	0.049412
2051	0.066109	0.066109	0.04956
2052	0.066278	0.066278	0.049776
2053	0.066571	0.066571	0.049954
2054	0.06722	0.06722	0.049962
2055	0.067908	0.067908	0.049959
2056	0.068452	0.068452	0.050077
2057	0.069084	0.069084	0.050269
2058	0.069894	0.069894	0.050408
2059	0.07063	0.07063	0.050507
2060	0.071175	0.071175	0.050663
2061	0.071701	0.071701	0.050825
2062	0.072226	0.072226	0.050927
2063	0.072649	0.072649	0.050942
2064	0.072941	0.072941	0.050758
2065	0.073184	0.073184	0.05044
2066	0.073438	0.073438	0.050071
2067	0.073653	0.073653	0.049658
2068	0.073803	0.073803	0.049232
2069	0.073893	0.073893	0.048835
2070	0.073987	0.073987	0.048674
2071	0.074065	0.074065	0.048821
2072	0.074134	0.074134	0.048961
2073	0.074276	0.074276	0.048797
2074	0.074506	0.074506	0.048462
2075	0.074783	0.074783	0.048266
2076	0.075037	0.075037	0.048213
2077	0.07506	0.07506	0.048177
2078	0.074853	0.074853	0.048165
2079	0.074714	0.074714	0.048211
2080	0.074766	0.074766	0.048326
2081	0.074892	0.074892	0.048682
2082	0.074986	0.074986	0.049225
2083	0.075109	0.075109	0.049614
2084	0.075301	0.075301	0.049686
2085	0.075386	0.075386	0.049872
2086	0.075321	0.075321	0.050446
2087	0.075351	0.075351	0.050901
2088	0.075613	0.075613	0.051062
2089	0.075976	0.075976	0.051348
2090	0.076266	0.076266	0.051929
2091	0.076533	0.076533	0.052619
2092	0.076667	0.076667	0.053367
2093	0.07673	0.07673	0.054213
2094	0.077034	0.077034	0.054907
2095	0.077428	0.077428	0.055366
2096	0.077587	0.077587	0.05585
2097	0.077615	0.077615	0.056434
2098	0.077805	0.077805	0.057077
2099	0.078082	0.078082	0.05774
2100	0.078247	0.078247	0.058321
2101	0.078291	0.078291	0.058885
2102	0.078094	0.078094	0.05953
2103	0.077608	0.077608	0.060152
2104	0.077194	0.077194	0.060626
2105	0.077101	0.077101	0.060864
2106	0.076746	0.076746	0.060943
2107	0.075872	0.075872	0.061042
2108	0.075233	0.075233	0.06113
2109	0.075346	0.075346	0.061226
2110	0.075827	0.075827	0.06136
2111	0.076115	0.076115	0.061678
2112	0.076194	0.076194	0.06206
2113	0.076224	0.076224	0.062322
2114	0.076248	0.076248	0.062451
2115	0.076085	0.076085	0.062386
2116	0.075801	0.075801	0.062185
2117	0.075664	0.075664	0.061969
2118	0.075696	0.075696	0.061729
2119	0.075971	0.075971	0.061467
2120	0.076371	0.076371	0.061254
2121	0.076592	0.076592	0.061351
2122	0.076789	0.076789	0.061705
2123	0.07729	0.07729	0.06191
2124	0.078112	0.078112	0.061965
2125	0.079004	0.079004	0.062062
2126	0.079633	0.079633	0.06217
2127	0.080126	0.080126	0.062244
2128	0.080676	0.080676	0.062397
2129	0.081184	0.081184	0.062506
2130	0.081714	0.081714	0.062426
2131	0.082388	0.082388	0.062292
2132	0.083154	0.083154	0.062405
2133	0.0839	0.0839	0.062688
2134	0.084523	0.084523	0.062819
2135	0.085008	0.085008	0.062747
2136	0.085299	0.085299	0.062722
2137	0.085539	0.085539	0.062671
2138	0.085708	0.085708	0.062376
2139	0.085649	0.085649	0.062121
2140	0.085577	0.085577	0.062261
2141	0.085608	0.085608	0.062482
2142	0.085555	0.085555	0.062365
2143	0.085462	0.085462	0.062139
2144	0.085555	0.085555	0.06221
2145	0.085742	0.085742	0.062473
2146	0.085945	0.085945	0.062543
2147	0.086313	0.086313	0.062242
2148	0.086921	0.086921	0.061881
2149	0.087434	0.087434	0.061885
2150	0.087612	0.087612	0.062161
2151	0.087904	0.087904	0.062279
2152	0.088767	0.088767	0.062151
2153	0.089811	0.089811	0.062109
2154	0.09043	0.09043	0.06227
2155	0.090698	0.090698	0.062408
2156	0.090945	0.090945	0.062286
2157	0.091208	0.091208	0.062157
2158	0.0915	0.0915	0.062256
2159	0.091966	0.091966	0.062356
2160	0.092756	0.092756	0.062359
2161	0.093616	0.093616	0.062357
2162	0.094214	0.094214	0.06238
2163	0.094646	0.094646	0.062531
2164	0.095002	0.095002	0.063016
2165	0.095274	0.095274	0.063682
2166	0.095564	0.095564	0.064094
2167	0.096	0.096	0.06424
2168	0.096425	0.096425	0.06444
2169	0.096634	0.096634	0.064857
2170	0.096732	0.096732	0.065436
2171	0.096908	0.096908	0.065984
2172	0.097074	0.097074	0.066295
2173	0.097081	0.097081	0.066515
2174	0.097123	0.097123	0.06697
2175	0.097336	0.097336	0.067547
2176	0.097521	0.097521	0.067987
2177	0.097466	0.097466	0.068233
2178	0.097302	0.097302	0.068339
2179	0.097225	0.097225	0.068352
2180	0.097123	0.097123	0.068411
2181	0.096926	0.096926	0.068464
2182	0.096771	0.096771	0.068461
2183	0.096808	0.096808	0.068626
2184	0.096924	0.096924	0.068987
2185	0.096931	0.096931	0.06922
2186	0.097076	0.097076	0.069298
2187	0.097628	0.097628	0.069497
2188	0.09819	0.09819	0.069807
2189	0.098406	0.098406	0.06999
2190	0.09882	0.09882	0.070054
2191	0.099616	0.099616	0.070205
2192	0.10019	0.10019	0.070551
2193	0.1002	0.1002	0.071082
2194	0.10024	0.10024	0.071461
2195	0.10082	0.10082	0.071497
2196	0.10169	0.10169	0.071584
2197	0.10235	0.10235	0.071981
2198	0.10268	0.10268	0.072386
2199	0.103	0.103	0.072479
2200	0.10332	0.10332	0.072409
2201	0.10341	0.10341	0.072385
2202	0.10345	0.10345	0.072273
2203	0.10366	0.10366	0.071951
2204	0.10376	0.10376	0.071652
2205	0.10353	0.10353	0.071452
2206	0.1034	0.1034	0.071194
2207	0.1037	0.1037	0.070964
2208	0.10412	0.10412	0.070832
2209	0.10428	0.10428	0.070627
2210	0.1043	0.1043	0.070371
2211	0.1047	0.1047	0.070156
2212	0.10539	0.10539	0.069903
2213	0.1059	0.1059	0.069753
2214	0.10613	0.10613	0.069669
2215	0.10622	0.10622	0.069429
2216	0.10637	0.10637	0.068983
2217	0.10644	0.10644	0.068694
2218	0.10633	0.10633	0.068654
2219	0.10616	0.10616	0.06855
2220	0.10602	0.10602	0.068195
2221	0.10584	0.10584	0.067627
2222	0.10553	0.10553	0.06715
2223	0.10506	0.10506	0.066951
2224	0.10443	0.10443	0.06689
2225	0.10401	0.10401	0.066732
2226	0.10408	0.10408	0.066586
2227	0.10412	0.10412	0.066474
2228	0.10365	0.10365	0.066284
2229	0.10305	0.10305	0.066133
2230	0.10287	0.10287	0.066151
2231	0.10291	0.10291	0.066142
2232	0.10262	0.10262	0.06601
2233	0.10229	0.10229	0.065922
2234	0.10248	0.10248	0.065856
2235	0.10263	0.10263	0.065659
2236	0.10213	0.10213	0.065407
2237	0.10156	0.10156	0.065309
2238	0.1016	0.1016	0.065176
2239	0.10173	0.10173	0.064825
2240	0.1011	0.1011	0.064495
2241	0.099967	0.099967	0.064322
2242	0.09902	0.09902	0.06407
2243	0.098224	0.098224	0.063635
2244	0.097136	0.097136	0.063129
2245	0.095854	0.095854	0.062721
2246	0.094712	0.094712	0.062306
2247	0.093609	0.093609	0.061758
2248	0.092526	0.092526	0.061218
2249	0.091767	0.091767	0.060765
2250	0.091368	0.091368	0.060405
2251	0.091078	0.091078	0.060158
2252	0.090787	0.090787	0.060034
2253	0.090604	0.090604	0.059906
2254	0.090591	0.090591	0.059547
2255	0.090647	0.090647	0.059155
2256	0.090485	0.090485	0.058841
2257	0.089864	0.089864	0.058586
2258	0.089025	0.089025	0.058214
2259	0.088115	0.088115	0.057951
2260	0.086959	0.086959	0.058118
2261	0.085642	0.085642	0.058584
2262	0.084342	0.084342	0.058835
2263	0.083067	0.083067	0.058664
2264	0.081905	0.081905	0.058509
2265	0.080815	0.080815	0.058705
2266	0.07981	0.07981	0.059037
2267	0.079044	0.079044	0.05901
2268	0.078533	0.078533	0.058738
2269	0.078047	0.078047	0.058658
2270	0.077355	0.077355	0.058735
2271	0.076754	0.076754	0.058675
2272	0.076528	0.076528	0.058488
2273	0.076605	0.076605	0.058097
2274	0.0768	0.0768	0.057427
2275	0.076965	0.076965	0.056623
2276	0.077063	0.077063	0.056048
2277	0.077218	0.077218	0.055811
2278	0.077503	0.077503	0.055623
2279	0.077826	0.077826	0.055334
2280	0.0781	0.0781	0.055309
2281	0.078205	0.078205	0.055552
2282	0.078006	0.078006	0.055652
2283	0.07752	0.07752	0.055256
2284	0.07699	0.07699	0.054637
2285	0.076771	0.076771	0.053934
2286	0.07684	0.07684	0.05315
2287	0.077038	0.077038	0.052433
2288	0.077267	0.077267	0.051856
2289	0.077311	0.077311	0.051245
2290	0.077149	0.077149	0.05054
2291	0.077219	0.077219	0.049974
2292	0.07792	0.07792	0.049621
2293	0.078853	0.078853	0.049291
2294	0.079513	0.079513	0.048932
2295	0.080009	0.080009	0.048737
2296	0.080561	0.080561	0.048882
2297	0.080984	0.080984	0.048777
2298	0.08091	0.08091	0.048218
2299	0.080558	0.080558	0.047891
2300	0.080291	0.080291	0.047754
2301	0.080139	0.080139	0.04755
2302	0.080236	0.080236	0.047511
2303	0.080485	0.080485	0.048064
2304	0.080524	0.080524	0.048988
2305	0.080321	0.080321	0.04981
2306	0.079826	0.079826	0.050347
2307	0.079246	0.079246	0.051058
2308	0.079128	0.079128	0.052294
2309	0.079284	0.079284	0.053115
2310	0.079215	0.079215	0.052998
2311	0.078872	0.078872	0.052526
2312	0.078738	0.078738	0.052479
2313	0.079291	0.079291	0.052859
2314	0.080305	0.080305	0.052996
2315	0.081245	0.081245	0.05273
2316	0.081485	0.081485	0.052331
2317	0.081237	0.081237	0.052154
2318	0.081002	0.081002	0.052219
2319	0.08079	0.08079	0.052453
2320	0.080577	0.080577	0.052962
2321	0.080539	0.080539	0.053158
2322	0.080837	0.080837	0.05248
2323	0.08091	0.08091	0.051638
2324	0.080288	0.080288	0.051783
2325	0.079426	0.079426	0.052443
2326	0.078915	0.078915	0.052229
2327	0.078375	0.078375	0.051187
2328	0.077309	0.077309	0.050034
2329	0.076247	0.076247	0.048744
2330	0.07575	0.07575	0.047783
2331	0.075496	0.075496	0.047233
2332	0.074722	0.074722	0.04641
2333	0.073595	0.073595	0.045197
2334	0.072626	0.072626	0.044265
2335	0.071293	0.071293	0.043696
2336	0.069566	0.069566	0.043132
2337	0.06823	0.06823	0.042346
2338	0.067509	0.067509	0.041334
2339	0.066598	0.066598	0.040519
2340	0.065215	0.065215	0.039727
2341	0.064011	0.064011	0.038446
2342	0.062751	0.062751	0.037702
2343	0.061423	0.061423	0.038126
2344	0.06083	0.06083	0.038491
2345	0.0609	0.0609	0.038397
2346	0.060654	0.060654	0.038442
2347	0.059791	0.059791	0.038977
2348	0.059028	0.059028	0.039395
2349	0.058801	0.058801	0.03915
2350	0.058734	0.058734	0.039008
2351	0.058671	0.058671	0.039528
2352	0.059026	0.059026	0.039534
2353	0.059547	0.059547	0.038671
2354	0.059652	0.059652	0.037962
2355	0.059885	0.059885	0.037769
2356	0.060927	0.060927	0.037871
2357	0.062165	0.062165	0.03803
2358	0.062916	0.062916	0.038244
2359	0.063255	0.063255	0.0383
2360	0.063565	0.063565	0.037809
2361	0.064542	0.064542	0.037235
2362	0.066318	0.066318	0.036862
2363	0.068285	0.068285	0.036364
2364	0.069747	0.069747	0.035581
2365	0.070814	0.070814	0.034709
2366	0.071577	0.071577	0.034709
2367	0.071659	0.071659	0.036196
2368	0.071266	0.071266	0.037688
2369	0.070777	0.070777	0.037737
2370	0.070015	0.070015	0.037005
2371	0.068927	0.068927	0.036959
2372	0.068279	0.068279	0.036984
2373	0.068709	0.068709	0.036548
2374	0.069389	0.069389	0.03653
2375	0.069472	0.069472	0.036694
2376	0.0697	0.0697	0.036748
2377	0.070199	0.070199	0.037257
2378	0.069878	0.069878	0.037662
2379	0.068709	0.068709	0.037434
2380	0.067938	0.067938	0.037428
2381	0.067501	0.067501	0.038072
2382	0.066776	0.066776	0.038931
2383	0.066146	0.066146	0.039718
2384	0.066096	0.066096	0.039889
2385	0.066026	0.066026	0.039816
2386	0.064998	0.064998	0.040386
2387	0.064276	0.064276	0.041362
2388	0.065165	0.065165	0.041522
2389	0.066069	0.066069	0.040488
2390	0.065695	0.065695	0.038959
2391	0.066245	0.066245	0.037931
2392	0.068676	0.068676	0.036879
2393	0.070068	0.070068	0.035013
2394	0.06979	0.06979	0.032982
2395	0.069938	0.069938	0.030985
2396	0.070761	0.070761	0.028227
2397	0.071249	0.071249	0.025502
2398	0.071471	0.071471	0.023935
2399	0.072769	0.072769	0.023591
2400	0.074725	0.074725	0.024006
2401	0.075651	0.075651	0.024505
2402	0.075795	0.075795	0.024408
2403	0.07642	0.07642	0.023303
2404	0.07809	0.07809	0.021949
2405	0.079115	0.079115	0.021138
2406	0.078008	0.078008	0.020382
2407	0.075693	0.075693	0.019571
2408	0.073812	0.073812	0.019743
2409	0.073348	0.073348	0.020909
2410	0.072699	0.072699	0.021871
2411	0.070609	0.070609	0.022309
2412	0.068754	0.068754	0.022502
2413	0.067449	0.067449	0.023447
2414	0.065413	0.065413	0.025594
2415	0.06421	0.06421	0.027158
2416	0.065472	0.065472	0.026475
2417	0.066589	0.066589	0.025862
2418	0.065115	0.065115	0.026866
2419	0.062699	0.062699	0.027392
2420	0.060519	0.060519	0.027727
2421	0.057733	0.057733	0.028508
2422	0.054402	0.054402	0.028085
2423	0.05139	0.05139	0.027926
2424	0.048684	0.048684	0.029694
2425	0.046073	0.046073	0.031217
2426	0.044127	0.044127	0.03094
2427	0.043493	0.043493	0.029735
2428	0.043012	0.043012	0.028177
2429	0.042247	0.042247	0.026244
2430	0.042789	0.042789	0.02377
2431	0.044106	0.044106	0.021624
2432	0.044869	0.044869	0.019
2433	0.044807	0.044807	0.015151
2434	0.043942	0.043942	0.011932
2435	0.043275	0.043275	0.01027
2436	0.043106	0.043106	0.008527
2437	0.043039	0.043039	0.005838
2438	0.042492	0.042492	0.0031777
2439	0.040967	0.040967	0.00099827
2440	0.040201	0.040201	0
2441	0.04285	0.04285	0
2442	0.047513	0.047513	0.00070786
2443	0.050589	0.050589	0.0017054
2444	0.052293	0.052293	0.0027721
2445	0.054426	0.054426	0.003499
2446	0.056734	0.056734	0.0025784
2447	0.059358	0.059358	0.0014964
2448	0.062023	0.062023	0.0026014
2449	0.062327	0.062327	0.0059566
2450	0.06126	0.06126	0.0090499
2451	0.06247	0.06247	0.010905
2452	0.067095	0.067095	0.013785
2453	0.071639	0.071639	0.018479
2454	0.072531	0.072531	0.022888
2455	0.071613	0.071613	0.027406
2456	0.070728	0.070728	0.032193
2457	0.068121	0.068121	0.035113
2458	0.063649	0.063649	0.036545
2459	0.06158	0.06158	0.037261
2460	0.061917	0.061917	0.037021
2461	0.058446	0.058446	0.037635
2462	0.052833	0.052833	0.038733
2463	0.050702	0.050702	0.038588
2464	0.049676	0.049676	0.039205
2465	0.046324	0.046324	0.040641
2466	0.041693	0.041693	0.043552
2467	0.037138	0.037138	0.049581
2468	0.033771	0.033771	0.055154
2469	0.030987	0.030987	0.056825
2470	0.026115	0.026115	0.055688
2471	0.019695	0.019695	0.054533
2472	0.015216	0.015216	0.053685
2473	0.015651	0.015651	0.047226
2474	0.016604	0.016604	0.039336
2475	0.012337	0.012337	0.036379
2476	0.0058147	0.0058147	0.034707
2477	0.001696	0.001696	0.02896
2478	0.0003783	0.0003783	0.022957
2479	0	0	0
2480	0	0	0
