*Name: Norway Spruce top
Type: Needle Spectrum

Description: abaxial reflectance, adaxial reflectance, and adaxial transmittance

Measurement: Hemispherical Conical Reflectance Factor HCRF measured by ASD Integrating Sphere
             Spectra were measured and corrected following the method of Mesarch, et al. 1999

Wavelength [nm]	abaxial Reflectance [0 1]	adaxial Reflectance [0 1]	adaxial Transmittance [0 1]
370	0.060109	0.060109	0.018461
371	0.057979	0.057979	0.017915
372	0.057218	0.057218	0.015801
373	0.053962	0.053962	0.017444
374	0.05268	0.05268	0.018627
375	0.053619	0.053619	0.018291
376	0.054224	0.054224	0.018581
377	0.05492	0.05492	0.018864
378	0.054988	0.054988	0.019043
379	0.05422	0.05422	0.01913
380	0.054054	0.054054	0.019644
381	0.053418	0.053418	0.019842
382	0.052104	0.052104	0.019016
383	0.05082	0.05082	0.017733
384	0.049039	0.049039	0.016709
385	0.047719	0.047719	0.016025
386	0.04691	0.04691	0.015964
387	0.046178	0.046178	0.015744
388	0.04587	0.04587	0.015236
389	0.045999	0.045999	0.01498
390	0.045763	0.045763	0.015252
391	0.045589	0.045589	0.015359
392	0.045779	0.045779	0.01507
393	0.045702	0.045702	0.014669
394	0.045498	0.045498	0.01447
395	0.045081	0.045081	0.014296
396	0.044473	0.044473	0.014189
397	0.044044	0.044044	0.014159
398	0.043654	0.043654	0.01416
399	0.043228	0.043228	0.013906
400	0.042778	0.042778	0.013362
401	0.042079	0.042079	0.012995
402	0.041544	0.041544	0.012803
403	0.041506	0.041506	0.012501
404	0.041292	0.041292	0.01222
405	0.041241	0.041241	0.012022
406	0.041491	0.041491	0.011776
407	0.04184	0.04184	0.01181
408	0.042076	0.042076	0.011911
409	0.042296	0.042296	0.011996
410	0.042687	0.042687	0.012061
411	0.042896	0.042896	0.01222
412	0.042931	0.042931	0.012483
413	0.042988	0.042988	0.012714
414	0.043174	0.043174	0.012976
415	0.043415	0.043415	0.013363
416	0.043596	0.043596	0.013792
417	0.043761	0.043761	0.014091
418	0.043976	0.043976	0.014341
419	0.044272	0.044272	0.014452
420	0.044616	0.044616	0.014574
421	0.044865	0.044865	0.0147
422	0.045133	0.045133	0.014901
423	0.045428	0.045428	0.015205
424	0.045741	0.045741	0.015361
425	0.046118	0.046118	0.015515
426	0.046544	0.046544	0.015679
427	0.046942	0.046942	0.015832
428	0.047205	0.047205	0.015924
429	0.047399	0.047399	0.01605
430	0.047573	0.047573	0.016227
431	0.047817	0.047817	0.016415
432	0.048041	0.048041	0.016516
433	0.048233	0.048233	0.016695
434	0.048397	0.048397	0.016895
435	0.048655	0.048655	0.017102
436	0.048903	0.048903	0.017295
437	0.049133	0.049133	0.017371
438	0.049329	0.049329	0.017538
439	0.049572	0.049572	0.017713
440	0.049805	0.049805	0.017866
441	0.049992	0.049992	0.017998
442	0.050226	0.050226	0.018124
443	0.050522	0.050522	0.018214
444	0.050801	0.050801	0.018289
445	0.051009	0.051009	0.018371
446	0.051257	0.051257	0.018501
447	0.05157	0.05157	0.018632
448	0.051874	0.051874	0.018701
449	0.052033	0.052033	0.018838
450	0.05217	0.05217	0.018947
451	0.052378	0.052378	0.019059
452	0.052626	0.052626	0.019199
453	0.052837	0.052837	0.019288
454	0.052942	0.052942	0.019353
455	0.053043	0.053043	0.019389
456	0.053143	0.053143	0.019492
457	0.053248	0.053248	0.019567
458	0.05329	0.05329	0.019632
459	0.053357	0.053357	0.019709
460	0.053413	0.053413	0.019772
461	0.053452	0.053452	0.019817
462	0.053497	0.053497	0.019906
463	0.053554	0.053554	0.019994
464	0.053657	0.053657	0.020083
465	0.053732	0.053732	0.020043
466	0.053739	0.053739	0.02006
467	0.053703	0.053703	0.020086
468	0.05376	0.05376	0.020097
469	0.053842	0.053842	0.020074
470	0.053882	0.053882	0.020095
471	0.053873	0.053873	0.020063
472	0.053852	0.053852	0.020021
473	0.053821	0.053821	0.019967
474	0.053762	0.053762	0.019948
475	0.05368	0.05368	0.019911
476	0.053644	0.053644	0.019894
477	0.053639	0.053639	0.019858
478	0.053591	0.053591	0.019849
479	0.053555	0.053555	0.019937
480	0.053577	0.053577	0.020015
481	0.053629	0.053629	0.020077
482	0.053719	0.053719	0.020143
483	0.053819	0.053819	0.020096
484	0.053919	0.053919	0.020105
485	0.054054	0.054054	0.020063
486	0.05417	0.05417	0.020103
487	0.054267	0.054267	0.020139
488	0.054364	0.054364	0.020145
489	0.054519	0.054519	0.020199
490	0.054717	0.054717	0.020233
491	0.054932	0.054932	0.020315
492	0.05518	0.05518	0.020392
493	0.05547	0.05547	0.020545
494	0.055825	0.055825	0.020741
495	0.0562	0.0562	0.020871
496	0.056603	0.056603	0.021099
497	0.057063	0.057063	0.02136
498	0.057609	0.057609	0.021592
499	0.058244	0.058244	0.021835
500	0.058937	0.058937	0.022083
501	0.059683	0.059683	0.022285
502	0.060528	0.060528	0.022538
503	0.061433	0.061433	0.022856
504	0.062393	0.062393	0.023192
505	0.063454	0.063454	0.023559
506	0.064692	0.064692	0.023935
507	0.066101	0.066101	0.024392
508	0.067628	0.067628	0.024858
509	0.069278	0.069278	0.025393
510	0.071064	0.071064	0.025951
511	0.072959	0.072959	0.026634
512	0.074963	0.074963	0.027334
513	0.077102	0.077102	0.028007
514	0.07937	0.07937	0.028747
515	0.081758	0.081758	0.029484
516	0.084262	0.084262	0.030237
517	0.086856	0.086856	0.03105
518	0.089494	0.089494	0.031905
519	0.092158	0.092158	0.032787
520	0.094833	0.094833	0.033697
521	0.09747	0.09747	0.034625
522	0.10008	0.10008	0.035511
523	0.10263	0.10263	0.03642
524	0.10511	0.10511	0.037288
525	0.10744	0.10744	0.038131
526	0.10965	0.10965	0.038938
527	0.11167	0.11167	0.039761
528	0.11352	0.11352	0.040546
529	0.11519	0.11519	0.041279
530	0.11671	0.11671	0.041932
531	0.1181	0.1181	0.042497
532	0.11934	0.11934	0.042995
533	0.12046	0.12046	0.04346
534	0.12147	0.12147	0.043885
535	0.12236	0.12236	0.044262
536	0.12314	0.12314	0.044599
537	0.12382	0.12382	0.0449
538	0.12444	0.12444	0.045179
539	0.12499	0.12499	0.045418
540	0.12551	0.12551	0.045638
541	0.12601	0.12601	0.045867
542	0.12651	0.12651	0.04609
543	0.127	0.127	0.046309
544	0.1275	0.1275	0.046537
545	0.12798	0.12798	0.046825
546	0.12847	0.12847	0.047026
547	0.12894	0.12894	0.047232
548	0.12938	0.12938	0.047438
549	0.12979	0.12979	0.047613
550	0.13013	0.13013	0.047774
551	0.13038	0.13038	0.047937
552	0.13052	0.13052	0.048082
553	0.13054	0.13054	0.048132
554	0.13042	0.13042	0.048139
555	0.13018	0.13018	0.048097
556	0.1298	0.1298	0.048023
557	0.12928	0.12928	0.047855
558	0.12864	0.12864	0.047669
559	0.12789	0.12789	0.047443
560	0.12703	0.12703	0.047166
561	0.12605	0.12605	0.046845
562	0.12499	0.12499	0.046531
563	0.12385	0.12385	0.04614
564	0.12261	0.12261	0.045668
565	0.12127	0.12127	0.045216
566	0.11985	0.11985	0.04475
567	0.11837	0.11837	0.044223
568	0.11682	0.11682	0.04371
569	0.11521	0.11521	0.043216
570	0.11357	0.11357	0.042758
571	0.11195	0.11195	0.042258
572	0.11033	0.11033	0.041782
573	0.10875	0.10875	0.041307
574	0.1072	0.1072	0.040842
575	0.10575	0.10575	0.040374
576	0.10437	0.10437	0.039935
577	0.10309	0.10309	0.039527
578	0.1019	0.1019	0.039157
579	0.10078	0.10078	0.038855
580	0.099735	0.099735	0.038582
581	0.098764	0.098764	0.03827
582	0.097854	0.097854	0.037997
583	0.097021	0.097021	0.037744
584	0.096248	0.096248	0.037496
585	0.095504	0.095504	0.037249
586	0.094805	0.094805	0.037052
587	0.094155	0.094155	0.036892
588	0.093534	0.093534	0.036771
589	0.092967	0.092967	0.036619
590	0.092424	0.092424	0.036454
591	0.091925	0.091925	0.036279
592	0.091496	0.091496	0.036148
593	0.091128	0.091128	0.035993
594	0.090767	0.090767	0.035835
595	0.090437	0.090437	0.035734
596	0.090131	0.090131	0.03563
597	0.089805	0.089805	0.035587
598	0.089477	0.089477	0.035527
599	0.089152	0.089152	0.035472
600	0.088815	0.088815	0.035415
601	0.088431	0.088431	0.035355
602	0.087986	0.087986	0.035258
603	0.087482	0.087482	0.035127
604	0.086959	0.086959	0.034987
605	0.08637	0.08637	0.034828
606	0.085716	0.085716	0.034634
607	0.085024	0.085024	0.034458
608	0.084277	0.084277	0.03425
609	0.083505	0.083505	0.034031
610	0.08273	0.08273	0.033819
611	0.081927	0.081927	0.033549
612	0.081109	0.081109	0.033321
613	0.080318	0.080318	0.033105
614	0.079552	0.079552	0.032839
615	0.078817	0.078817	0.032666
616	0.07813	0.07813	0.032533
617	0.077498	0.077498	0.032378
618	0.076878	0.076878	0.032242
619	0.076302	0.076302	0.032143
620	0.075809	0.075809	0.032027
621	0.075391	0.075391	0.031931
622	0.075052	0.075052	0.031854
623	0.074773	0.074773	0.031781
624	0.074557	0.074557	0.031717
625	0.074386	0.074386	0.031705
626	0.074258	0.074258	0.031662
627	0.074172	0.074172	0.031629
628	0.074106	0.074106	0.031599
629	0.074021	0.074021	0.031578
630	0.073926	0.073926	0.031544
631	0.073835	0.073835	0.0315
632	0.073712	0.073712	0.031426
633	0.073523	0.073523	0.031399
634	0.073253	0.073253	0.031346
635	0.072914	0.072914	0.031229
636	0.072492	0.072492	0.031101
637	0.072005	0.072005	0.031013
638	0.071463	0.071463	0.030869
639	0.070839	0.070839	0.030706
640	0.070152	0.070152	0.030523
641	0.06941	0.06941	0.030302
642	0.068618	0.068618	0.030059
643	0.067802	0.067802	0.029781
644	0.066991	0.066991	0.02951
645	0.066178	0.066178	0.029255
646	0.065376	0.065376	0.029048
647	0.064598	0.064598	0.028873
648	0.06388	0.06388	0.028623
649	0.063212	0.063212	0.028447
650	0.06257	0.06257	0.028262
651	0.061953	0.061953	0.028072
652	0.061366	0.061366	0.02788
653	0.060802	0.060802	0.027687
654	0.060232	0.060232	0.027481
655	0.059643	0.059643	0.027268
656	0.059035	0.059035	0.027042
657	0.05838	0.05838	0.026802
658	0.057684	0.057684	0.026503
659	0.056956	0.056956	0.026209
660	0.056217	0.056217	0.025871
661	0.055466	0.055466	0.02556
662	0.054722	0.054722	0.025285
663	0.053983	0.053983	0.025032
664	0.053286	0.053286	0.024765
665	0.05265	0.05265	0.024496
666	0.052085	0.052085	0.02419
667	0.051575	0.051575	0.024031
668	0.051151	0.051151	0.02387
669	0.050798	0.050798	0.023786
670	0.050521	0.050521	0.023727
671	0.050279	0.050279	0.023677
672	0.050102	0.050102	0.023632
673	0.050004	0.050004	0.023597
674	0.049953	0.049953	0.023623
675	0.049962	0.049962	0.023639
676	0.050028	0.050028	0.023658
677	0.050144	0.050144	0.023721
678	0.05032	0.05032	0.023774
679	0.050553	0.050553	0.023895
680	0.050881	0.050881	0.024023
681	0.051325	0.051325	0.024174
682	0.051925	0.051925	0.024331
683	0.052706	0.052706	0.024661
684	0.053747	0.053747	0.025034
685	0.055064	0.055064	0.025587
686	0.05674	0.05674	0.026207
687	0.058803	0.058803	0.026997
688	0.061308	0.061308	0.027918
689	0.064285	0.064285	0.02905
690	0.067822	0.067822	0.030371
691	0.071943	0.071943	0.031895
692	0.076652	0.076652	0.033608
693	0.081945	0.081945	0.035559
694	0.087784	0.087784	0.037745
695	0.09414	0.09414	0.040212
696	0.10101	0.10101	0.042914
697	0.10831	0.10831	0.045878
698	0.11598	0.11598	0.049122
699	0.12399	0.12399	0.052588
700	0.13226	0.13226	0.056267
701	0.14074	0.14074	0.060197
702	0.14941	0.14941	0.064214
703	0.15817	0.15817	0.068445
704	0.16702	0.16702	0.072827
705	0.17591	0.17591	0.077387
706	0.18483	0.18483	0.08211
707	0.19379	0.19379	0.086943
708	0.20278	0.20278	0.091884
709	0.21178	0.21178	0.096981
710	0.22083	0.22083	0.10218
711	0.22991	0.22991	0.10753
712	0.23903	0.23903	0.11301
713	0.2482	0.2482	0.11863
714	0.25742	0.25742	0.12433
715	0.26667	0.26667	0.13016
716	0.27592	0.27592	0.13612
717	0.28519	0.28519	0.14215
718	0.29443	0.29443	0.14826
719	0.3036	0.3036	0.15446
720	0.31273	0.31273	0.16063
721	0.32172	0.32172	0.16688
722	0.33056	0.33056	0.17313
723	0.33929	0.33929	0.17925
724	0.34785	0.34785	0.18527
725	0.35619	0.35619	0.19117
726	0.36427	0.36427	0.19699
727	0.37207	0.37207	0.20268
728	0.37963	0.37963	0.20815
729	0.38689	0.38689	0.21344
730	0.39385	0.39385	0.21852
731	0.40049	0.40049	0.2234
732	0.40684	0.40684	0.22803
733	0.41285	0.41285	0.23246
734	0.41852	0.41852	0.2367
735	0.42381	0.42381	0.2408
736	0.42876	0.42876	0.2447
737	0.43337	0.43337	0.24841
738	0.43769	0.43769	0.25192
739	0.4417	0.4417	0.25526
740	0.44545	0.44545	0.25837
741	0.44902	0.44902	0.26119
742	0.45231	0.45231	0.26386
743	0.45534	0.45534	0.26636
744	0.45816	0.45816	0.26867
745	0.46071	0.46071	0.27086
746	0.46307	0.46307	0.27287
747	0.4652	0.4652	0.27476
748	0.46717	0.46717	0.27648
749	0.46899	0.46899	0.27803
750	0.47068	0.47068	0.27942
751	0.4722	0.4722	0.28071
752	0.47359	0.47359	0.2819
753	0.47484	0.47484	0.28299
754	0.47595	0.47595	0.284
755	0.47694	0.47694	0.28493
756	0.47786	0.47786	0.28576
757	0.47872	0.47872	0.28648
758	0.4795	0.4795	0.28714
759	0.48018	0.48018	0.28777
760	0.48077	0.48077	0.28838
761	0.48129	0.48129	0.28894
762	0.48178	0.48178	0.28946
763	0.48218	0.48218	0.28996
764	0.48255	0.48255	0.29042
765	0.48283	0.48283	0.29091
766	0.48311	0.48311	0.29132
767	0.48337	0.48337	0.29168
768	0.48361	0.48361	0.29201
769	0.48385	0.48385	0.29232
770	0.48409	0.48409	0.29259
771	0.48433	0.48433	0.29285
772	0.4845	0.4845	0.29312
773	0.48469	0.48469	0.29333
774	0.48489	0.48489	0.29351
775	0.48508	0.48508	0.29369
776	0.48522	0.48522	0.29392
777	0.48534	0.48534	0.29417
778	0.48549	0.48549	0.29437
779	0.48568	0.48568	0.29453
780	0.48584	0.48584	0.2947
781	0.48599	0.48599	0.29487
782	0.48608	0.48608	0.2951
783	0.48613	0.48613	0.29533
784	0.48615	0.48615	0.29557
785	0.48619	0.48619	0.2958
786	0.48625	0.48625	0.29602
787	0.48632	0.48632	0.29623
788	0.48643	0.48643	0.29639
789	0.4865	0.4865	0.29658
790	0.48659	0.48659	0.29673
791	0.48668	0.48668	0.29688
792	0.48674	0.48674	0.29704
793	0.48684	0.48684	0.29719
794	0.48692	0.48692	0.29735
795	0.48703	0.48703	0.29749
796	0.48715	0.48715	0.29763
797	0.48727	0.48727	0.29776
798	0.48733	0.48733	0.29793
799	0.48735	0.48735	0.29813
800	0.4874	0.4874	0.2983
801	0.48739	0.48739	0.29852
802	0.48737	0.48737	0.29874
803	0.48743	0.48743	0.29892
804	0.4875	0.4875	0.29908
805	0.4876	0.4876	0.29922
806	0.48772	0.48772	0.29934
807	0.48785	0.48785	0.29947
808	0.48797	0.48797	0.2996
809	0.48808	0.48808	0.29972
810	0.48819	0.48819	0.29985
811	0.48833	0.48833	0.29996
812	0.48844	0.48844	0.30011
813	0.48853	0.48853	0.30029
814	0.48862	0.48862	0.30045
815	0.48868	0.48868	0.30065
816	0.48877	0.48877	0.3008
817	0.48882	0.48882	0.30098
818	0.48895	0.48895	0.30108
819	0.48904	0.48904	0.30122
820	0.48916	0.48916	0.30133
821	0.48928	0.48928	0.30144
822	0.4894	0.4894	0.30153
823	0.48954	0.48954	0.3016
824	0.48968	0.48968	0.30167
825	0.48982	0.48982	0.30174
826	0.48993	0.48993	0.30183
827	0.49001	0.49001	0.30193
828	0.49003	0.49003	0.30209
829	0.49005	0.49005	0.30225
830	0.4901	0.4901	0.3024
831	0.49017	0.49017	0.30253
832	0.49024	0.49024	0.30268
833	0.49034	0.49034	0.30281
834	0.49046	0.49046	0.30291
835	0.4905	0.4905	0.30308
836	0.49059	0.49059	0.30322
837	0.49061	0.49061	0.30341
838	0.49069	0.49069	0.30356
839	0.49074	0.49074	0.30373
840	0.49082	0.49082	0.30387
841	0.49095	0.49095	0.30398
842	0.49104	0.49104	0.30412
843	0.4911	0.4911	0.3043
844	0.49124	0.49124	0.30441
845	0.49124	0.49124	0.30466
846	0.49136	0.49136	0.30481
847	0.49157	0.49157	0.30486
848	0.49175	0.49175	0.30496
849	0.49187	0.49187	0.30512
850	0.49197	0.49197	0.3053
851	0.492	0.492	0.30551
852	0.49193	0.49193	0.30581
853	0.49194	0.49194	0.30606
854	0.49205	0.49205	0.30621
855	0.49213	0.49213	0.30637
856	0.49216	0.49216	0.30653
857	0.49228	0.49228	0.30665
858	0.49238	0.49238	0.30677
859	0.49247	0.49247	0.3069
860	0.49246	0.49246	0.30706
861	0.49253	0.49253	0.30714
862	0.49257	0.49257	0.30726
863	0.49249	0.49249	0.30748
864	0.49265	0.49265	0.30744
865	0.49273	0.49273	0.30747
866	0.49271	0.49271	0.3076
867	0.49273	0.49273	0.30767
868	0.49274	0.49274	0.30775
869	0.49268	0.49268	0.30793
870	0.4927	0.4927	0.30805
871	0.49285	0.49285	0.30806
872	0.49303	0.49303	0.30804
873	0.49306	0.49306	0.30814
874	0.49316	0.49316	0.30822
875	0.49331	0.49331	0.30826
876	0.49331	0.49331	0.30842
877	0.49341	0.49341	0.30846
878	0.49343	0.49343	0.30855
879	0.49348	0.49348	0.30861
880	0.49336	0.49336	0.3088
881	0.49339	0.49339	0.30886
882	0.49357	0.49357	0.30874
883	0.4936	0.4936	0.30872
884	0.49365	0.49365	0.30869
885	0.49367	0.49367	0.3087
886	0.49362	0.49362	0.30876
887	0.49348	0.49348	0.30889
888	0.49352	0.49352	0.30885
889	0.49346	0.49346	0.30891
890	0.49344	0.49344	0.30897
891	0.49342	0.49342	0.30905
892	0.49346	0.49346	0.30908
893	0.49345	0.49345	0.30913
894	0.49342	0.49342	0.30924
895	0.49353	0.49353	0.30917
896	0.49338	0.49338	0.30931
897	0.49336	0.49336	0.30933
898	0.49338	0.49338	0.30934
899	0.49346	0.49346	0.3093
900	0.49346	0.49346	0.30929
901	0.4935	0.4935	0.30926
902	0.49341	0.49341	0.30934
903	0.49327	0.49327	0.30944
904	0.49317	0.49317	0.30951
905	0.49303	0.49303	0.30964
906	0.49294	0.49294	0.30972
907	0.49271	0.49271	0.30996
908	0.49261	0.49261	0.31011
909	0.49258	0.49258	0.31016
910	0.49255	0.49255	0.31017
911	0.49258	0.49258	0.31014
912	0.49253	0.49253	0.31013
913	0.49253	0.49253	0.31005
914	0.49235	0.49235	0.31013
915	0.49241	0.49241	0.31001
916	0.49249	0.49249	0.30988
917	0.49254	0.49254	0.30974
918	0.49257	0.49257	0.30963
919	0.49263	0.49263	0.30948
920	0.49256	0.49256	0.30943
921	0.49257	0.49257	0.3093
922	0.49255	0.49255	0.3092
923	0.49244	0.49244	0.30916
924	0.49232	0.49232	0.30912
925	0.49215	0.49215	0.30914
926	0.49199	0.49199	0.3091
927	0.49189	0.49189	0.30898
928	0.49174	0.49174	0.30886
929	0.49153	0.49153	0.30877
930	0.49124	0.49124	0.30871
931	0.49097	0.49097	0.30864
932	0.49074	0.49074	0.3085
933	0.49059	0.49059	0.30828
934	0.49045	0.49045	0.30808
935	0.49024	0.49024	0.30791
936	0.48995	0.48995	0.30776
937	0.48969	0.48969	0.30757
938	0.48943	0.48943	0.30735
939	0.4891	0.4891	0.30711
940	0.48875	0.48875	0.30682
941	0.4884	0.4884	0.30651
942	0.48801	0.48801	0.30627
943	0.48753	0.48753	0.30606
944	0.48705	0.48705	0.30575
945	0.48652	0.48652	0.3054
946	0.48595	0.48595	0.30503
947	0.48525	0.48525	0.30471
948	0.48457	0.48457	0.30425
949	0.48386	0.48386	0.30375
950	0.48311	0.48311	0.30324
951	0.48228	0.48228	0.30273
952	0.48143	0.48143	0.30219
953	0.48062	0.48062	0.30158
954	0.47988	0.47988	0.30089
955	0.47917	0.47917	0.30019
956	0.47847	0.47847	0.29952
957	0.47781	0.47781	0.29887
958	0.47722	0.47722	0.29822
959	0.47668	0.47668	0.29761
960	0.47617	0.47617	0.29707
961	0.47569	0.47569	0.29659
962	0.47522	0.47522	0.29624
963	0.47481	0.47481	0.29596
964	0.47447	0.47447	0.29567
965	0.47404	0.47404	0.29548
966	0.47365	0.47365	0.29531
967	0.47327	0.47327	0.29514
968	0.47291	0.47291	0.295
969	0.4726	0.4726	0.2949
970	0.4723	0.4723	0.29482
971	0.47207	0.47207	0.29482
972	0.47197	0.47197	0.29477
973	0.47185	0.47185	0.29477
974	0.47163	0.47163	0.29483
975	0.47156	0.47156	0.29481
976	0.47152	0.47152	0.29477
977	0.47145	0.47145	0.29475
978	0.4714	0.4714	0.29468
979	0.47131	0.47131	0.29479
980	0.47124	0.47124	0.29495
981	0.47131	0.47131	0.29499
982	0.47134	0.47134	0.29499
983	0.47137	0.47137	0.29504
984	0.47151	0.47151	0.295
985	0.47178	0.47178	0.29492
986	0.47201	0.47201	0.29503
987	0.47218	0.47218	0.29518
988	0.47238	0.47238	0.29524
989	0.47258	0.47258	0.2953
990	0.47279	0.47279	0.29539
991	0.47291	0.47291	0.2956
992	0.47303	0.47303	0.2957
993	0.47325	0.47325	0.29581
994	0.47347	0.47347	0.29602
995	0.47373	0.47373	0.29626
996	0.47404	0.47404	0.29658
997	0.47427	0.47427	0.2971
998	0.47455	0.47455	0.29761
999	0.47493	0.47493	0.29809
1000	0.47526	0.47526	0.29851
1001	0.47555	0.47555	0.29886
1002	0.47602	0.47602	0.29925
1003	0.47641	0.47641	0.29973
1004	0.47666	0.47666	0.30018
1005	0.47695	0.47695	0.30054
1006	0.47733	0.47733	0.30083
1007	0.47772	0.47772	0.30123
1008	0.47816	0.47816	0.3017
1009	0.47857	0.47857	0.30205
1010	0.47891	0.47891	0.30221
1011	0.47919	0.47919	0.3024
1012	0.47962	0.47962	0.30248
1013	0.47997	0.47997	0.30281
1014	0.48029	0.48029	0.3034
1015	0.4806	0.4806	0.30408
1016	0.48097	0.48097	0.30461
1017	0.4813	0.4813	0.30503
1018	0.48158	0.48158	0.30523
1019	0.48176	0.48176	0.30542
1020	0.48197	0.48197	0.30571
1021	0.48213	0.48213	0.30604
1022	0.48246	0.48246	0.30643
1023	0.48297	0.48297	0.30689
1024	0.48358	0.48358	0.3072
1025	0.48418	0.48418	0.30745
1026	0.48463	0.48463	0.30772
1027	0.48497	0.48497	0.3079
1028	0.48529	0.48529	0.30806
1029	0.48576	0.48576	0.3082
1030	0.48625	0.48625	0.30843
1031	0.48668	0.48668	0.30887
1032	0.48706	0.48706	0.30942
1033	0.48738	0.48738	0.3099
1034	0.48771	0.48771	0.31015
1035	0.48806	0.48806	0.31031
1036	0.48834	0.48834	0.31052
1037	0.48858	0.48858	0.3108
1038	0.48894	0.48894	0.31112
1039	0.48944	0.48944	0.31147
1040	0.49	0.49	0.31182
1041	0.49044	0.49044	0.31208
1042	0.4907	0.4907	0.31229
1043	0.49075	0.49075	0.31259
1044	0.49074	0.49074	0.31288
1045	0.49089	0.49089	0.31309
1046	0.49119	0.49119	0.31328
1047	0.49147	0.49147	0.31344
1048	0.49163	0.49163	0.31365
1049	0.49182	0.49182	0.31387
1050	0.492	0.492	0.31405
1051	0.49218	0.49218	0.31412
1052	0.49236	0.49236	0.31419
1053	0.49265	0.49265	0.31431
1054	0.49304	0.49304	0.31455
1055	0.49358	0.49358	0.31467
1056	0.49403	0.49403	0.31473
1057	0.49433	0.49433	0.31481
1058	0.49441	0.49441	0.31505
1059	0.49442	0.49442	0.31532
1060	0.49439	0.49439	0.31562
1061	0.49437	0.49437	0.3159
1062	0.4943	0.4943	0.31619
1063	0.49422	0.49422	0.3165
1064	0.49412	0.49412	0.31682
1065	0.494	0.494	0.31714
1066	0.49403	0.49403	0.31737
1067	0.49413	0.49413	0.3176
1068	0.49413	0.49413	0.31775
1069	0.49397	0.49397	0.31789
1070	0.49389	0.49389	0.31806
1071	0.49423	0.49423	0.31814
1072	0.49464	0.49464	0.31825
1073	0.49482	0.49482	0.31831
1074	0.49497	0.49497	0.3182
1075	0.49504	0.49504	0.3182
1076	0.49518	0.49518	0.31825
1077	0.49539	0.49539	0.31834
1078	0.49558	0.49558	0.3185
1079	0.49574	0.49574	0.31861
1080	0.49575	0.49575	0.31868
1081	0.4958	0.4958	0.31864
1082	0.49585	0.49585	0.31861
1083	0.49584	0.49584	0.31862
1084	0.49577	0.49577	0.31861
1085	0.4955	0.4955	0.31876
1086	0.49511	0.49511	0.31888
1087	0.49479	0.49479	0.31884
1088	0.49465	0.49465	0.31882
1089	0.49468	0.49468	0.31879
1090	0.49443	0.49443	0.31882
1091	0.49415	0.49415	0.31873
1092	0.49403	0.49403	0.31855
1093	0.49382	0.49382	0.31851
1094	0.4937	0.4937	0.31846
1095	0.4935	0.4935	0.31853
1096	0.49338	0.49338	0.31848
1097	0.49324	0.49324	0.31838
1098	0.49306	0.49306	0.31832
1099	0.49299	0.49299	0.31825
1100	0.49298	0.49298	0.31815
1101	0.49294	0.49294	0.31805
1102	0.49285	0.49285	0.31798
1103	0.49275	0.49275	0.31791
1104	0.49271	0.49271	0.31782
1105	0.49275	0.49275	0.31773
1106	0.49269	0.49269	0.31772
1107	0.49251	0.49251	0.31765
1108	0.49223	0.49223	0.3175
1109	0.492	0.492	0.31732
1110	0.49174	0.49174	0.31718
1111	0.49133	0.49133	0.31709
1112	0.49087	0.49087	0.31698
1113	0.49035	0.49035	0.31686
1114	0.48982	0.48982	0.31668
1115	0.48924	0.48924	0.31658
1116	0.48889	0.48889	0.31633
1117	0.48863	0.48863	0.31597
1118	0.48838	0.48838	0.31556
1119	0.48806	0.48806	0.31524
1120	0.48763	0.48763	0.315
1121	0.48725	0.48725	0.31464
1122	0.48686	0.48686	0.31424
1123	0.48634	0.48634	0.31391
1124	0.48566	0.48566	0.31357
1125	0.48489	0.48489	0.31306
1126	0.48412	0.48412	0.31237
1127	0.48324	0.48324	0.31167
1128	0.4822	0.4822	0.31099
1129	0.481	0.481	0.3103
1130	0.47986	0.47986	0.30933
1131	0.47859	0.47859	0.3083
1132	0.47724	0.47724	0.30721
1133	0.47588	0.47588	0.30602
1134	0.47452	0.47452	0.30469
1135	0.47294	0.47294	0.3034
1136	0.4713	0.4713	0.30204
1137	0.46962	0.46962	0.30066
1138	0.46783	0.46783	0.29926
1139	0.46601	0.46601	0.2977
1140	0.46412	0.46412	0.29611
1141	0.46212	0.46212	0.29462
1142	0.4601	0.4601	0.29308
1143	0.45808	0.45808	0.29143
1144	0.45596	0.45596	0.28986
1145	0.4538	0.4538	0.28842
1146	0.4517	0.4517	0.287
1147	0.44965	0.44965	0.28555
1148	0.44766	0.44766	0.28405
1149	0.44565	0.44565	0.28265
1150	0.44375	0.44375	0.28132
1151	0.44195	0.44195	0.28002
1152	0.4402	0.4402	0.2788
1153	0.43853	0.43853	0.27764
1154	0.43701	0.43701	0.2765
1155	0.43561	0.43561	0.2754
1156	0.43428	0.43428	0.27438
1157	0.43311	0.43311	0.27338
1158	0.43202	0.43202	0.27247
1159	0.43092	0.43092	0.2717
1160	0.42991	0.42991	0.27097
1161	0.42899	0.42899	0.27031
1162	0.42806	0.42806	0.26978
1163	0.42734	0.42734	0.26915
1164	0.4267	0.4267	0.26854
1165	0.42604	0.42604	0.26801
1166	0.42538	0.42538	0.26751
1167	0.42475	0.42475	0.26705
1168	0.42415	0.42415	0.26673
1169	0.42361	0.42361	0.26644
1170	0.42311	0.42311	0.26613
1171	0.42261	0.42261	0.26582
1172	0.42216	0.42216	0.26556
1173	0.42174	0.42174	0.26531
1174	0.42128	0.42128	0.2651
1175	0.42079	0.42079	0.26489
1176	0.42025	0.42025	0.26466
1177	0.41962	0.41962	0.26448
1178	0.41911	0.41911	0.26423
1179	0.41869	0.41869	0.26389
1180	0.41823	0.41823	0.26351
1181	0.41779	0.41779	0.26308
1182	0.41733	0.41733	0.26272
1183	0.41689	0.41689	0.26236
1184	0.4164	0.4164	0.26204
1185	0.41589	0.41589	0.26179
1186	0.41539	0.41539	0.26163
1187	0.41502	0.41502	0.26135
1188	0.41461	0.41461	0.26106
1189	0.41417	0.41417	0.26085
1190	0.41379	0.41379	0.2607
1191	0.41348	0.41348	0.26051
1192	0.41317	0.41317	0.26032
1193	0.41282	0.41282	0.2602
1194	0.4125	0.4125	0.26015
1195	0.41228	0.41228	0.26014
1196	0.41223	0.41223	0.26005
1197	0.41213	0.41213	0.26
1198	0.41196	0.41196	0.26001
1199	0.41189	0.41189	0.26001
1200	0.41194	0.41194	0.25997
1201	0.41207	0.41207	0.2599
1202	0.41213	0.41213	0.25993
1203	0.41219	0.41219	0.26008
1204	0.41233	0.41233	0.26021
1205	0.41254	0.41254	0.26028
1206	0.41267	0.41267	0.26044
1207	0.41289	0.41289	0.26064
1208	0.41324	0.41324	0.26081
1209	0.4136	0.4136	0.26102
1210	0.41395	0.41395	0.26128
1211	0.41427	0.41427	0.2616
1212	0.41459	0.41459	0.26196
1213	0.41497	0.41497	0.26231
1214	0.41535	0.41535	0.26272
1215	0.41574	0.41574	0.26318
1216	0.4162	0.4162	0.26363
1217	0.41667	0.41667	0.26409
1218	0.41719	0.41719	0.26454
1219	0.41774	0.41774	0.265
1220	0.41832	0.41832	0.2655
1221	0.4189	0.4189	0.26605
1222	0.4195	0.4195	0.26657
1223	0.42007	0.42007	0.26712
1224	0.42059	0.42059	0.2677
1225	0.42113	0.42113	0.26825
1226	0.42174	0.42174	0.26877
1227	0.42228	0.42228	0.26934
1228	0.4228	0.4228	0.26984
1229	0.42328	0.42328	0.27031
1230	0.42378	0.42378	0.27078
1231	0.42431	0.42431	0.27126
1232	0.42487	0.42487	0.27173
1233	0.42547	0.42547	0.27209
1234	0.42599	0.42599	0.27247
1235	0.42654	0.42654	0.27278
1236	0.42711	0.42711	0.27302
1237	0.42767	0.42767	0.27324
1238	0.42818	0.42818	0.27349
1239	0.42857	0.42857	0.27378
1240	0.42904	0.42904	0.27398
1241	0.42933	0.42933	0.27433
1242	0.4296	0.4296	0.27467
1243	0.42991	0.42991	0.27497
1244	0.4302	0.4302	0.27535
1245	0.43039	0.43039	0.27582
1246	0.43059	0.43059	0.27619
1247	0.4309	0.4309	0.2765
1248	0.43133	0.43133	0.27677
1249	0.43164	0.43164	0.27706
1250	0.43186	0.43186	0.27732
1251	0.43213	0.43213	0.27758
1252	0.43248	0.43248	0.27785
1253	0.43273	0.43273	0.27813
1254	0.43292	0.43292	0.27834
1255	0.43314	0.43314	0.27853
1256	0.43342	0.43342	0.27866
1257	0.43365	0.43365	0.27876
1258	0.43384	0.43384	0.27884
1259	0.43398	0.43398	0.27901
1260	0.43424	0.43424	0.27908
1261	0.43441	0.43441	0.2792
1262	0.43449	0.43449	0.27934
1263	0.43461	0.43461	0.27942
1264	0.43476	0.43476	0.27946
1265	0.43494	0.43494	0.27946
1266	0.43507	0.43507	0.27948
1267	0.43509	0.43509	0.27958
1268	0.43511	0.43511	0.27976
1269	0.43517	0.43517	0.28002
1270	0.43516	0.43516	0.28028
1271	0.43496	0.43496	0.28058
1272	0.43492	0.43492	0.2807
1273	0.43494	0.43494	0.2808
1274	0.43495	0.43495	0.28091
1275	0.43486	0.43486	0.281
1276	0.43477	0.43477	0.28105
1277	0.43476	0.43476	0.28104
1278	0.43464	0.43464	0.28112
1279	0.43453	0.43453	0.28104
1280	0.43434	0.43434	0.28095
1281	0.43419	0.43419	0.28076
1282	0.4339	0.4339	0.28063
1283	0.43362	0.43362	0.2804
1284	0.43333	0.43333	0.28014
1285	0.43303	0.43303	0.27989
1286	0.43269	0.43269	0.27972
1287	0.43231	0.43231	0.27956
1288	0.43191	0.43191	0.27932
1289	0.4314	0.4314	0.27909
1290	0.43098	0.43098	0.27877
1291	0.43058	0.43058	0.2785
1292	0.43027	0.43027	0.27812
1293	0.42985	0.42985	0.27778
1294	0.42932	0.42932	0.27751
1295	0.42879	0.42879	0.27726
1296	0.4283	0.4283	0.27694
1297	0.42783	0.42783	0.27649
1298	0.42715	0.42715	0.27612
1299	0.42643	0.42643	0.27567
1300	0.42566	0.42566	0.27516
1301	0.42491	0.42491	0.27459
1302	0.42414	0.42414	0.27403
1303	0.42334	0.42334	0.27342
1304	0.42247	0.42247	0.27282
1305	0.42155	0.42155	0.27219
1306	0.42054	0.42054	0.2715
1307	0.41954	0.41954	0.27075
1308	0.41865	0.41865	0.26988
1309	0.4177	0.4177	0.26905
1310	0.41662	0.41662	0.26826
1311	0.41545	0.41545	0.2675
1312	0.41434	0.41434	0.26665
1313	0.41321	0.41321	0.26574
1314	0.41197	0.41197	0.26478
1315	0.41062	0.41062	0.26378
1316	0.40916	0.40916	0.26277
1317	0.40769	0.40769	0.26167
1318	0.40619	0.40619	0.26049
1319	0.40467	0.40467	0.2593
1320	0.40305	0.40305	0.25813
1321	0.40139	0.40139	0.25686
1322	0.3996	0.3996	0.25561
1323	0.39776	0.39776	0.25437
1324	0.39595	0.39595	0.25312
1325	0.39424	0.39424	0.25168
1326	0.39236	0.39236	0.2503
1327	0.39035	0.39035	0.24902
1328	0.38844	0.38844	0.24769
1329	0.38665	0.38665	0.24619
1330	0.38473	0.38473	0.24469
1331	0.38271	0.38271	0.24325
1332	0.38072	0.38072	0.24183
1333	0.37875	0.37875	0.24042
1334	0.37676	0.37676	0.23901
1335	0.37477	0.37477	0.23757
1336	0.3728	0.3728	0.23617
1337	0.3709	0.3709	0.23477
1338	0.36895	0.36895	0.23339
1339	0.36699	0.36699	0.23199
1340	0.36503	0.36503	0.23062
1341	0.36313	0.36313	0.22925
1342	0.36126	0.36126	0.22787
1343	0.3594	0.3594	0.22643
1344	0.3575	0.3575	0.22502
1345	0.35567	0.35567	0.22363
1346	0.35396	0.35396	0.22221
1347	0.35228	0.35228	0.22079
1348	0.3505	0.3505	0.21947
1349	0.34869	0.34869	0.2183
1350	0.34697	0.34697	0.21716
1351	0.34523	0.34523	0.21607
1352	0.34349	0.34349	0.21497
1353	0.34172	0.34172	0.21392
1354	0.34002	0.34002	0.21284
1355	0.33835	0.33835	0.21175
1356	0.33665	0.33665	0.21062
1357	0.3349	0.3349	0.20951
1358	0.33318	0.33318	0.20835
1359	0.33147	0.33147	0.20716
1360	0.3297	0.3297	0.20598
1361	0.32792	0.32792	0.20471
1362	0.32609	0.32609	0.20335
1363	0.32419	0.32419	0.20193
1364	0.32231	0.32231	0.20038
1365	0.32038	0.32038	0.19877
1366	0.31826	0.31826	0.1972
1367	0.31599	0.31599	0.19557
1368	0.3137	0.3137	0.19379
1369	0.31131	0.31131	0.192
1370	0.30879	0.30879	0.19015
1371	0.30613	0.30613	0.18823
1372	0.30338	0.30338	0.18619
1373	0.30051	0.30051	0.18409
1374	0.29747	0.29747	0.18182
1375	0.29419	0.29419	0.17939
1376	0.29066	0.29066	0.17687
1377	0.28695	0.28695	0.17426
1378	0.28302	0.28302	0.17145
1379	0.2788	0.2788	0.16844
1380	0.27431	0.27431	0.16525
1381	0.26969	0.26969	0.16186
1382	0.26493	0.26493	0.15831
1383	0.25992	0.25992	0.15468
1384	0.25463	0.25463	0.15102
1385	0.24923	0.24923	0.14728
1386	0.2438	0.2438	0.14348
1387	0.23828	0.23828	0.13964
1388	0.23263	0.23263	0.13577
1389	0.22688	0.22688	0.13195
1390	0.22108	0.22108	0.12819
1391	0.21538	0.21538	0.12442
1392	0.20973	0.20973	0.12064
1393	0.20404	0.20404	0.11693
1394	0.19837	0.19837	0.1133
1395	0.19286	0.19286	0.10976
1396	0.18748	0.18748	0.10629
1397	0.18213	0.18213	0.10293
1398	0.17694	0.17694	0.099622
1399	0.17197	0.17197	0.096468
1400	0.16716	0.16716	0.093533
1401	0.1625	0.1625	0.090782
1402	0.15806	0.15806	0.088224
1403	0.15386	0.15386	0.085795
1404	0.14986	0.14986	0.083442
1405	0.14603	0.14603	0.081176
1406	0.14238	0.14238	0.079162
1407	0.1389	0.1389	0.077318
1408	0.13565	0.13565	0.075558
1409	0.13267	0.13267	0.073865
1410	0.1299	0.1299	0.072288
1411	0.12726	0.12726	0.07073
1412	0.12477	0.12477	0.069244
1413	0.12248	0.12248	0.067852
1414	0.12038	0.12038	0.066569
1415	0.11837	0.11837	0.065372
1416	0.11641	0.11641	0.064284
1417	0.11459	0.11459	0.06331
1418	0.11292	0.11292	0.062446
1419	0.11139	0.11139	0.061582
1420	0.10995	0.10995	0.060808
1421	0.10859	0.10859	0.06007
1422	0.10731	0.10731	0.059356
1423	0.10613	0.10613	0.058719
1424	0.10501	0.10501	0.058193
1425	0.10395	0.10395	0.057683
1426	0.10297	0.10297	0.057211
1427	0.10211	0.10211	0.056801
1428	0.10137	0.10137	0.056435
1429	0.1007	0.1007	0.056112
1430	0.10003	0.10003	0.055787
1431	0.09943	0.09943	0.055496
1432	0.098886	0.098886	0.055318
1433	0.098327	0.098327	0.055275
1434	0.097771	0.097771	0.05516
1435	0.097306	0.097306	0.054935
1436	0.096909	0.096909	0.054788
1437	0.096553	0.096553	0.054653
1438	0.096217	0.096217	0.054574
1439	0.095922	0.095922	0.054449
1440	0.095621	0.095621	0.054345
1441	0.095324	0.095324	0.054319
1442	0.095073	0.095073	0.054212
1443	0.094864	0.094864	0.054095
1444	0.094697	0.094697	0.053939
1445	0.094562	0.094562	0.053842
1446	0.094464	0.094464	0.053779
1447	0.094363	0.094363	0.053725
1448	0.094282	0.094282	0.053629
1449	0.094253	0.094253	0.053601
1450	0.094228	0.094228	0.053575
1451	0.094155	0.094155	0.053536
1452	0.094161	0.094161	0.053532
1453	0.094183	0.094183	0.05356
1454	0.094242	0.094242	0.053591
1455	0.094316	0.094316	0.053636
1456	0.094399	0.094399	0.05368
1457	0.09451	0.09451	0.053763
1458	0.094676	0.094676	0.053857
1459	0.094873	0.094873	0.053922
1460	0.095053	0.095053	0.054001
1461	0.095253	0.095253	0.054051
1462	0.095499	0.095499	0.05417
1463	0.095781	0.095781	0.054332
1464	0.096074	0.096074	0.054506
1465	0.096398	0.096398	0.054636
1466	0.096755	0.096755	0.054818
1467	0.097141	0.097141	0.055049
1468	0.097564	0.097564	0.055255
1469	0.098011	0.098011	0.055473
1470	0.098469	0.098469	0.055733
1471	0.098949	0.098949	0.056018
1472	0.099475	0.099475	0.056292
1473	0.10003	0.10003	0.056558
1474	0.10058	0.10058	0.056866
1475	0.10114	0.10114	0.05717
1476	0.10173	0.10173	0.057508
1477	0.10236	0.10236	0.057829
1478	0.10302	0.10302	0.058177
1479	0.10371	0.10371	0.058533
1480	0.1044	0.1044	0.058898
1481	0.10509	0.10509	0.059287
1482	0.10581	0.10581	0.059702
1483	0.10658	0.10658	0.060114
1484	0.10735	0.10735	0.060497
1485	0.10813	0.10813	0.060883
1486	0.10893	0.10893	0.061309
1487	0.10974	0.10974	0.061792
1488	0.11055	0.11055	0.062242
1489	0.11137	0.11137	0.06269
1490	0.11219	0.11219	0.063187
1491	0.11306	0.11306	0.063639
1492	0.11391	0.11391	0.064109
1493	0.11477	0.11477	0.064616
1494	0.11565	0.11565	0.065101
1495	0.11654	0.11654	0.065627
1496	0.11744	0.11744	0.066132
1497	0.11835	0.11835	0.066624
1498	0.11924	0.11924	0.067094
1499	0.1201	0.1201	0.067597
1500	0.121	0.121	0.068081
1501	0.12194	0.12194	0.068582
1502	0.12287	0.12287	0.069078
1503	0.12377	0.12377	0.069577
1504	0.12468	0.12468	0.070129
1505	0.12563	0.12563	0.070686
1506	0.12657	0.12657	0.071265
1507	0.1275	0.1275	0.071808
1508	0.12842	0.12842	0.072355
1509	0.12937	0.12937	0.072896
1510	0.13032	0.13032	0.073433
1511	0.13125	0.13125	0.073972
1512	0.13218	0.13218	0.07451
1513	0.1331	0.1331	0.075088
1514	0.13402	0.13402	0.075675
1515	0.13494	0.13494	0.076245
1516	0.13588	0.13588	0.076811
1517	0.13678	0.13678	0.077396
1518	0.13768	0.13768	0.077937
1519	0.1386	0.1386	0.078461
1520	0.13952	0.13952	0.079024
1521	0.14045	0.14045	0.079563
1522	0.14137	0.14137	0.08013
1523	0.14227	0.14227	0.080669
1524	0.14317	0.14317	0.081215
1525	0.14406	0.14406	0.081782
1526	0.14496	0.14496	0.082322
1527	0.14585	0.14585	0.082842
1528	0.14674	0.14674	0.083343
1529	0.14763	0.14763	0.083884
1530	0.14851	0.14851	0.084401
1531	0.14938	0.14938	0.084916
1532	0.15025	0.15025	0.085416
1533	0.15111	0.15111	0.085961
1534	0.15196	0.15196	0.086535
1535	0.15282	0.15282	0.087049
1536	0.15368	0.15368	0.087564
1537	0.15455	0.15455	0.088079
1538	0.1554	0.1554	0.088566
1539	0.15622	0.15622	0.089085
1540	0.15705	0.15705	0.089552
1541	0.15785	0.15785	0.090044
1542	0.15863	0.15863	0.090542
1543	0.15942	0.15942	0.091042
1544	0.16023	0.16023	0.091559
1545	0.16102	0.16102	0.092094
1546	0.1618	0.1618	0.092636
1547	0.16257	0.16257	0.093174
1548	0.16337	0.16337	0.093693
1549	0.16416	0.16416	0.094167
1550	0.16493	0.16493	0.09463
1551	0.1657	0.1657	0.095112
1552	0.16648	0.16648	0.095625
1553	0.16725	0.16725	0.09614
1554	0.168	0.168	0.096642
1555	0.16873	0.16873	0.097162
1556	0.16949	0.16949	0.09766
1557	0.17025	0.17025	0.098162
1558	0.17101	0.17101	0.098654
1559	0.17174	0.17174	0.099155
1560	0.1725	0.1725	0.099653
1561	0.17326	0.17326	0.10013
1562	0.174	0.174	0.10057
1563	0.17474	0.17474	0.10104
1564	0.17551	0.17551	0.10152
1565	0.17629	0.17629	0.10197
1566	0.17702	0.17702	0.10245
1567	0.17775	0.17775	0.10292
1568	0.1785	0.1785	0.1034
1569	0.17925	0.17925	0.10387
1570	0.17999	0.17999	0.10432
1571	0.18072	0.18072	0.10476
1572	0.18146	0.18146	0.1052
1573	0.18221	0.18221	0.10565
1574	0.18291	0.18291	0.10613
1575	0.1836	0.1836	0.10662
1576	0.18431	0.18431	0.10709
1577	0.18502	0.18502	0.10759
1578	0.1857	0.1857	0.10808
1579	0.1864	0.1864	0.10854
1580	0.1871	0.1871	0.10903
1581	0.18777	0.18777	0.10954
1582	0.18843	0.18843	0.11
1583	0.18908	0.18908	0.11047
1584	0.18977	0.18977	0.11093
1585	0.19043	0.19043	0.11143
1586	0.19108	0.19108	0.11191
1587	0.19175	0.19175	0.11238
1588	0.19242	0.19242	0.11289
1589	0.19311	0.19311	0.11337
1590	0.19379	0.19379	0.11384
1591	0.19448	0.19448	0.11431
1592	0.19516	0.19516	0.11477
1593	0.19586	0.19586	0.11524
1594	0.19655	0.19655	0.11572
1595	0.19722	0.19722	0.11623
1596	0.19788	0.19788	0.11674
1597	0.19853	0.19853	0.11722
1598	0.19921	0.19921	0.11769
1599	0.1999	0.1999	0.11818
1600	0.2006	0.2006	0.11867
1601	0.20129	0.20129	0.11915
1602	0.20199	0.20199	0.11963
1603	0.20269	0.20269	0.12013
1604	0.2034	0.2034	0.12062
1605	0.20409	0.20409	0.12108
1606	0.20478	0.20478	0.12153
1607	0.20547	0.20547	0.12203
1608	0.20617	0.20617	0.12253
1609	0.20683	0.20683	0.12304
1610	0.20745	0.20745	0.12354
1611	0.2081	0.2081	0.124
1612	0.20877	0.20877	0.12446
1613	0.20941	0.20941	0.12494
1614	0.21001	0.21001	0.12545
1615	0.21062	0.21062	0.12597
1616	0.21126	0.21126	0.12648
1617	0.21188	0.21188	0.12697
1618	0.21247	0.21247	0.12748
1619	0.21308	0.21308	0.12796
1620	0.21372	0.21372	0.12845
1621	0.2143	0.2143	0.12892
1622	0.21482	0.21482	0.12938
1623	0.21539	0.21539	0.12983
1624	0.21599	0.21599	0.13029
1625	0.21653	0.21653	0.13073
1626	0.21703	0.21703	0.13114
1627	0.21753	0.21753	0.13155
1628	0.21804	0.21804	0.13196
1629	0.21852	0.21852	0.13235
1630	0.21899	0.21899	0.1327
1631	0.21946	0.21946	0.13307
1632	0.21993	0.21993	0.13344
1633	0.22037	0.22037	0.13379
1634	0.22082	0.22082	0.13409
1635	0.22126	0.22126	0.13441
1636	0.22171	0.22171	0.13474
1637	0.22211	0.22211	0.13506
1638	0.22248	0.22248	0.13537
1639	0.2228	0.2228	0.13568
1640	0.22312	0.22312	0.13594
1641	0.22343	0.22343	0.13621
1642	0.22374	0.22374	0.13647
1643	0.22404	0.22404	0.13667
1644	0.22434	0.22434	0.13683
1645	0.22457	0.22457	0.137
1646	0.22476	0.22476	0.13717
1647	0.22494	0.22494	0.13731
1648	0.22512	0.22512	0.13744
1649	0.22527	0.22527	0.13756
1650	0.22539	0.22539	0.13768
1651	0.22552	0.22552	0.13781
1652	0.22562	0.22562	0.13795
1653	0.22566	0.22566	0.13804
1654	0.22569	0.22569	0.13812
1655	0.22576	0.22576	0.13817
1656	0.22578	0.22578	0.13829
1657	0.22577	0.22577	0.13838
1658	0.22577	0.22577	0.13844
1659	0.22583	0.22583	0.13846
1660	0.22587	0.22587	0.13849
1661	0.22584	0.22584	0.13851
1662	0.2258	0.2258	0.13853
1663	0.22579	0.22579	0.13853
1664	0.22578	0.22578	0.13852
1665	0.22571	0.22571	0.13851
1666	0.22566	0.22566	0.13853
1667	0.22562	0.22562	0.13857
1668	0.22555	0.22555	0.13859
1669	0.22543	0.22543	0.13857
1670	0.22533	0.22533	0.13854
1671	0.22526	0.22526	0.13853
1672	0.22516	0.22516	0.13853
1673	0.22505	0.22505	0.1385
1674	0.2249	0.2249	0.1385
1675	0.22473	0.22473	0.13855
1676	0.2246	0.2246	0.13851
1677	0.22447	0.22447	0.13842
1678	0.22432	0.22432	0.13835
1679	0.22411	0.22411	0.13832
1680	0.22388	0.22388	0.13828
1681	0.22363	0.22363	0.13823
1682	0.22337	0.22337	0.13814
1683	0.22309	0.22309	0.13801
1684	0.22279	0.22279	0.13787
1685	0.22248	0.22248	0.13772
1686	0.22216	0.22216	0.13752
1687	0.22181	0.22181	0.1373
1688	0.22145	0.22145	0.13706
1689	0.22104	0.22104	0.13687
1690	0.22064	0.22064	0.13663
1691	0.22026	0.22026	0.13637
1692	0.21983	0.21983	0.13613
1693	0.21936	0.21936	0.13588
1694	0.21891	0.21891	0.13559
1695	0.21847	0.21847	0.13529
1696	0.21801	0.21801	0.13498
1697	0.21754	0.21754	0.1346
1698	0.21705	0.21705	0.13427
1699	0.21656	0.21656	0.13394
1700	0.21603	0.21603	0.1336
1701	0.21553	0.21553	0.13323
1702	0.21504	0.21504	0.13287
1703	0.21453	0.21453	0.13253
1704	0.21396	0.21396	0.13218
1705	0.21339	0.21339	0.13182
1706	0.2129	0.2129	0.13149
1707	0.21239	0.21239	0.13119
1708	0.21186	0.21186	0.13088
1709	0.21131	0.21131	0.13057
1710	0.2108	0.2108	0.13023
1711	0.21025	0.21025	0.12992
1712	0.20969	0.20969	0.12959
1713	0.20916	0.20916	0.12927
1714	0.20866	0.20866	0.12895
1715	0.20816	0.20816	0.12866
1716	0.20767	0.20767	0.1284
1717	0.20718	0.20718	0.12812
1718	0.20669	0.20669	0.1279
1719	0.20628	0.20628	0.12764
1720	0.20593	0.20593	0.12735
1721	0.20554	0.20554	0.12712
1722	0.20511	0.20511	0.12691
1723	0.2047	0.2047	0.12671
1724	0.20431	0.20431	0.12649
1725	0.20389	0.20389	0.12624
1726	0.20346	0.20346	0.12595
1727	0.20308	0.20308	0.12567
1728	0.20272	0.20272	0.12542
1729	0.20234	0.20234	0.12514
1730	0.20195	0.20195	0.12485
1731	0.20157	0.20157	0.12459
1732	0.20121	0.20121	0.12429
1733	0.20079	0.20079	0.124
1734	0.20037	0.20037	0.12371
1735	0.19999	0.19999	0.1234
1736	0.1996	0.1996	0.1231
1737	0.19919	0.19919	0.12281
1738	0.19879	0.19879	0.1225
1739	0.1984	0.1984	0.12219
1740	0.19796	0.19796	0.12184
1741	0.19746	0.19746	0.12148
1742	0.19694	0.19694	0.12117
1743	0.19646	0.19646	0.12086
1744	0.19597	0.19597	0.12053
1745	0.19545	0.19545	0.12019
1746	0.19491	0.19491	0.11985
1747	0.19435	0.19435	0.11948
1748	0.19379	0.19379	0.11913
1749	0.19324	0.19324	0.1188
1750	0.19268	0.19268	0.11848
1751	0.19211	0.19211	0.11812
1752	0.19154	0.19154	0.11775
1753	0.191	0.191	0.11739
1754	0.19047	0.19047	0.11704
1755	0.18991	0.18991	0.11675
1756	0.18941	0.18941	0.11645
1757	0.18896	0.18896	0.11615
1758	0.18849	0.18849	0.11587
1759	0.18802	0.18802	0.11562
1760	0.18755	0.18755	0.11534
1761	0.1871	0.1871	0.11505
1762	0.18666	0.18666	0.11481
1763	0.18627	0.18627	0.1146
1764	0.18587	0.18587	0.11437
1765	0.18544	0.18544	0.11413
1766	0.18503	0.18503	0.11387
1767	0.18462	0.18462	0.11363
1768	0.18422	0.18422	0.11337
1769	0.18389	0.18389	0.11315
1770	0.18364	0.18364	0.11296
1771	0.18339	0.18339	0.11276
1772	0.18309	0.18309	0.11254
1773	0.18282	0.18282	0.11238
1774	0.18263	0.18263	0.11225
1775	0.18245	0.18245	0.11212
1776	0.18228	0.18228	0.11195
1777	0.1821	0.1821	0.11181
1778	0.18195	0.18195	0.11171
1779	0.18187	0.18187	0.11172
1780	0.18173	0.18173	0.11167
1781	0.18159	0.18159	0.1116
1782	0.18152	0.18152	0.11157
1783	0.18149	0.18149	0.11155
1784	0.18149	0.18149	0.11158
1785	0.18153	0.18153	0.1117
1786	0.18155	0.18155	0.11178
1787	0.18151	0.18151	0.11186
1788	0.18151	0.18151	0.11186
1789	0.1816	0.1816	0.11184
1790	0.18171	0.18171	0.11184
1791	0.1818	0.1818	0.11183
1792	0.18185	0.18185	0.11186
1793	0.18197	0.18197	0.11191
1794	0.18217	0.18217	0.11193
1795	0.18242	0.18242	0.11196
1796	0.18275	0.18275	0.11198
1797	0.18308	0.18308	0.11198
1798	0.18339	0.18339	0.11199
1799	0.18369	0.18369	0.11204
1800	0.18401	0.18401	0.11213
1801	0.18434	0.18434	0.11225
1802	0.18466	0.18466	0.11237
1803	0.18499	0.18499	0.11248
1804	0.18527	0.18527	0.1126
1805	0.18547	0.18547	0.11276
1806	0.18577	0.18577	0.11297
1807	0.18618	0.18618	0.11314
1808	0.18656	0.18656	0.11325
1809	0.1868	0.1868	0.11338
1810	0.187	0.187	0.11348
1811	0.1872	0.1872	0.11359
1812	0.18742	0.18742	0.1137
1813	0.18763	0.18763	0.1138
1814	0.1878	0.1878	0.11386
1815	0.18791	0.18791	0.11393
1816	0.18802	0.18802	0.11406
1817	0.18819	0.18819	0.11425
1818	0.18834	0.18834	0.1144
1819	0.18842	0.18842	0.11453
1820	0.18842	0.18842	0.11469
1821	0.18838	0.18838	0.11488
1822	0.1884	0.1884	0.11511
1823	0.18848	0.18848	0.11536
1824	0.18847	0.18847	0.11555
1825	0.18844	0.18844	0.11586
1826	0.18841	0.18841	0.11618
1827	0.18835	0.18835	0.11643
1828	0.18824	0.18824	0.11667
1829	0.1881	0.1881	0.11682
1830	0.18793	0.18793	0.11688
1831	0.18786	0.18786	0.11688
1832	0.1879	0.1879	0.11679
1833	0.18788	0.18788	0.1167
1834	0.18775	0.18775	0.11662
1835	0.18755	0.18755	0.11647
1836	0.18735	0.18735	0.11627
1837	0.18713	0.18713	0.11597
1838	0.18679	0.18679	0.11558
1839	0.18638	0.18638	0.11517
1840	0.18594	0.18594	0.11471
1841	0.18542	0.18542	0.11426
1842	0.18478	0.18478	0.11382
1843	0.18406	0.18406	0.11339
1844	0.1833	0.1833	0.1129
1845	0.18249	0.18249	0.11231
1846	0.1816	0.1816	0.11163
1847	0.18063	0.18063	0.11089
1848	0.17953	0.17953	0.11007
1849	0.17837	0.17837	0.10912
1850	0.17717	0.17717	0.10811
1851	0.17578	0.17578	0.10703
1852	0.17413	0.17413	0.10593
1853	0.17228	0.17228	0.10468
1854	0.17032	0.17032	0.10332
1855	0.16831	0.16831	0.10198
1856	0.16622	0.16622	0.10061
1857	0.16392	0.16392	0.099194
1858	0.16139	0.16139	0.097739
1859	0.15875	0.15875	0.096225
1860	0.15607	0.15607	0.094658
1861	0.15332	0.15332	0.09305
1862	0.15049	0.15049	0.091406
1863	0.14753	0.14753	0.089741
1864	0.14438	0.14438	0.088083
1865	0.14115	0.14115	0.086321
1866	0.13783	0.13783	0.084565
1867	0.13436	0.13436	0.082776
1868	0.1308	0.1308	0.081008
1869	0.12725	0.12725	0.079197
1870	0.12372	0.12372	0.0773
1871	0.12018	0.12018	0.075381
1872	0.11667	0.11667	0.073435
1873	0.11317	0.11317	0.071425
1874	0.1097	0.1097	0.069448
1875	0.10628	0.10628	0.067429
1876	0.10288	0.10288	0.065427
1877	0.099449	0.099449	0.063535
1878	0.096045	0.096045	0.061709
1879	0.092692	0.092692	0.059872
1880	0.089382	0.089382	0.058079
1881	0.086126	0.086126	0.056294
1882	0.082957	0.082957	0.054591
1883	0.079943	0.079943	0.052976
1884	0.077046	0.077046	0.05141
1885	0.074188	0.074188	0.049895
1886	0.071423	0.071423	0.048448
1887	0.068851	0.068851	0.04706
1888	0.066527	0.066527	0.045767
1889	0.064358	0.064358	0.044564
1890	0.062254	0.062254	0.043401
1891	0.060177	0.060177	0.042248
1892	0.058185	0.058185	0.041146
1893	0.056387	0.056387	0.040157
1894	0.054762	0.054762	0.03927
1895	0.053154	0.053154	0.038402
1896	0.051559	0.051559	0.037554
1897	0.050147	0.050147	0.036758
1898	0.048959	0.048959	0.036126
1899	0.047905	0.047905	0.035592
1900	0.046837	0.046837	0.035023
1901	0.045761	0.045761	0.034539
1902	0.044845	0.044845	0.034193
1903	0.044118	0.044118	0.033942
1904	0.043446	0.043446	0.033684
1905	0.042734	0.042734	0.03346
1906	0.041989	0.041989	0.033237
1907	0.04122	0.04122	0.033017
1908	0.040479	0.040479	0.032779
1909	0.039871	0.039871	0.032501
1910	0.039309	0.039309	0.032354
1911	0.038786	0.038786	0.03225
1912	0.038352	0.038352	0.032141
1913	0.037999	0.037999	0.032013
1914	0.037691	0.037691	0.031869
1915	0.037435	0.037435	0.031797
1916	0.037235	0.037235	0.03176
1917	0.037031	0.037031	0.031735
1918	0.036847	0.036847	0.031694
1919	0.036758	0.036758	0.03171
1920	0.036708	0.036708	0.031839
1921	0.036634	0.036634	0.031989
1922	0.036539	0.036539	0.03211
1923	0.036424	0.036424	0.032197
1924	0.036292	0.036292	0.032303
1925	0.03616	0.03616	0.032383
1926	0.036025	0.036025	0.032427
1927	0.035893	0.035893	0.032433
1928	0.035791	0.035791	0.032501
1929	0.035745	0.035745	0.03262
1930	0.035776	0.035776	0.032773
1931	0.035858	0.035858	0.032885
1932	0.035879	0.035879	0.033
1933	0.035778	0.035778	0.033073
1934	0.035697	0.035697	0.033126
1935	0.035768	0.035768	0.033177
1936	0.035967	0.035967	0.033243
1937	0.036193	0.036193	0.033245
1938	0.036337	0.036337	0.033204
1939	0.036373	0.036373	0.03329
1940	0.036455	0.036455	0.033518
1941	0.036647	0.036647	0.03375
1942	0.03681	0.03681	0.033915
1943	0.036938	0.036938	0.034043
1944	0.03709	0.03709	0.034177
1945	0.037269	0.037269	0.034363
1946	0.037475	0.037475	0.034492
1947	0.0377	0.0377	0.034513
1948	0.037918	0.037918	0.034463
1949	0.038111	0.038111	0.034458
1950	0.038292	0.038292	0.034403
1951	0.038483	0.038483	0.034349
1952	0.038737	0.038737	0.034323
1953	0.038985	0.038985	0.034391
1954	0.039203	0.039203	0.034438
1955	0.039448	0.039448	0.034427
1956	0.039732	0.039732	0.034404
1957	0.040029	0.040029	0.034449
1958	0.040364	0.040364	0.03449
1959	0.040719	0.040719	0.034544
1960	0.041049	0.041049	0.034543
1961	0.041356	0.041356	0.034572
1962	0.041735	0.041735	0.034656
1963	0.042236	0.042236	0.034891
1964	0.042765	0.042765	0.035111
1965	0.043201	0.043201	0.035259
1966	0.043574	0.043574	0.035443
1967	0.043904	0.043904	0.03563
1968	0.044203	0.044203	0.035768
1969	0.044463	0.044463	0.035861
1970	0.044671	0.044671	0.035966
1971	0.044843	0.044843	0.03614
1972	0.044987	0.044987	0.036361
1973	0.04509	0.04509	0.036548
1974	0.045149	0.045149	0.036768
1975	0.045145	0.045145	0.036985
1976	0.045148	0.045148	0.037201
1977	0.045283	0.045283	0.037421
1978	0.045536	0.045536	0.037659
1979	0.045761	0.045761	0.037867
1980	0.04581	0.04581	0.03805
1981	0.045744	0.045744	0.038206
1982	0.04579	0.04579	0.038536
1983	0.046011	0.046011	0.039015
1984	0.046323	0.046323	0.039437
1985	0.046645	0.046645	0.039774
1986	0.046997	0.046997	0.040057
1987	0.047424	0.047424	0.040265
1988	0.047872	0.047872	0.040432
1989	0.048314	0.048314	0.040657
1990	0.048752	0.048752	0.040924
1991	0.049165	0.049165	0.04123
1992	0.049537	0.049537	0.04152
1993	0.049952	0.049952	0.041756
1994	0.050435	0.050435	0.041945
1995	0.050819	0.050819	0.042211
1996	0.051116	0.051116	0.042519
1997	0.051556	0.051556	0.042728
1998	0.052188	0.052188	0.042829
1999	0.052791	0.052791	0.043025
2000	0.053271	0.053271	0.043319
2001	0.053791	0.053791	0.043659
2002	0.054407	0.054407	0.043962
2003	0.054984	0.054984	0.044268
2004	0.055499	0.055499	0.044631
2005	0.056034	0.056034	0.045036
2006	0.056684	0.056684	0.045511
2007	0.057363	0.057363	0.046029
2008	0.057774	0.057774	0.046375
2009	0.057899	0.057899	0.046589
2010	0.058059	0.058059	0.046922
2011	0.058335	0.058335	0.047275
2012	0.058665	0.058665	0.04754
2013	0.058966	0.058966	0.047792
2014	0.059211	0.059211	0.04806
2015	0.059378	0.059378	0.048403
2016	0.059494	0.059494	0.048761
2017	0.059642	0.059642	0.049121
2018	0.059856	0.059856	0.049492
2019	0.060144	0.060144	0.04982
2020	0.060483	0.060483	0.05012
2021	0.060753	0.060753	0.050429
2022	0.060957	0.060957	0.050769
2023	0.061249	0.061249	0.051011
2024	0.061604	0.061604	0.05108
2025	0.061978	0.061978	0.051153
2026	0.062392	0.062392	0.051366
2027	0.062759	0.062759	0.051626
2028	0.063035	0.063035	0.051838
2029	0.063212	0.063212	0.051939
2030	0.063355	0.063355	0.051993
2031	0.063514	0.063514	0.052104
2032	0.063723	0.063723	0.052237
2033	0.063974	0.063974	0.052318
2034	0.064226	0.064226	0.052283
2035	0.064478	0.064478	0.05224
2036	0.064783	0.064783	0.052107
2037	0.065146	0.065146	0.051897
2038	0.065427	0.065427	0.05178
2039	0.065536	0.065536	0.051828
2040	0.065687	0.065687	0.051779
2041	0.066071	0.066071	0.05153
2042	0.066434	0.066434	0.051331
2043	0.066481	0.066481	0.051295
2044	0.06642	0.06642	0.051342
2045	0.066645	0.066645	0.051379
2046	0.067055	0.067055	0.051296
2047	0.067369	0.067369	0.051223
2048	0.067629	0.067629	0.051247
2049	0.067919	0.067919	0.051318
2050	0.068221	0.068221	0.05143
2051	0.068418	0.068418	0.051443
2052	0.068477	0.068477	0.051398
2053	0.068614	0.068614	0.05154
2054	0.068997	0.068997	0.051764
2055	0.069483	0.069483	0.051851
2056	0.069946	0.069946	0.051869
2057	0.070385	0.070385	0.052031
2058	0.070834	0.070834	0.052286
2059	0.071262	0.071262	0.052552
2060	0.071615	0.071615	0.052895
2061	0.071978	0.071978	0.053286
2062	0.072342	0.072342	0.053556
2063	0.072611	0.072611	0.053693
2064	0.072748	0.072748	0.053716
2065	0.07283	0.07283	0.053704
2066	0.073024	0.073024	0.053626
2067	0.073323	0.073323	0.05344
2068	0.073595	0.073595	0.053295
2069	0.073788	0.073788	0.053347
2070	0.073947	0.073947	0.05354
2071	0.074104	0.074104	0.05381
2072	0.074311	0.074311	0.054097
2073	0.074638	0.074638	0.054334
2074	0.075015	0.075015	0.054515
2075	0.075279	0.075279	0.054584
2076	0.075451	0.075451	0.054586
2077	0.075546	0.075546	0.054755
2078	0.075523	0.075523	0.055093
2079	0.07543	0.07543	0.05543
2080	0.075351	0.075351	0.055698
2081	0.075369	0.075369	0.056083
2082	0.075448	0.075448	0.056544
2083	0.075633	0.075633	0.056785
2084	0.075967	0.075967	0.056745
2085	0.076197	0.076197	0.05678
2086	0.076176	0.076176	0.057021
2087	0.076197	0.076197	0.057196
2088	0.076519	0.076519	0.05725
2089	0.076996	0.076996	0.057359
2090	0.07729	0.07729	0.057587
2091	0.077444	0.077444	0.057909
2092	0.077578	0.077578	0.058309
2093	0.077759	0.077759	0.058727
2094	0.078053	0.078053	0.059006
2095	0.078311	0.078311	0.059131
2096	0.078442	0.078442	0.059311
2097	0.078555	0.078555	0.059594
2098	0.078708	0.078708	0.059863
2099	0.078804	0.078804	0.060101
2100	0.07881	0.07881	0.060276
2101	0.078775	0.078775	0.060446
2102	0.078535	0.078535	0.060749
2103	0.077988	0.077988	0.061155
2104	0.077529	0.077529	0.061399
2105	0.077506	0.077506	0.061301
2106	0.077484	0.077484	0.061075
2107	0.07712	0.07712	0.060945
2108	0.076835	0.076835	0.060849
2109	0.077082	0.077082	0.060804
2110	0.077775	0.077775	0.060888
2111	0.078433	0.078433	0.061201
2112	0.078877	0.078877	0.061593
2113	0.079112	0.079112	0.062085
2114	0.079284	0.079284	0.062654
2115	0.079478	0.079478	0.063195
2116	0.079662	0.079662	0.063675
2117	0.079786	0.079786	0.063978
2118	0.079799	0.079799	0.064124
2119	0.079973	0.079973	0.064319
2120	0.080462	0.080462	0.064666
2121	0.080962	0.080962	0.065194
2122	0.081399	0.081399	0.065742
2123	0.082063	0.082063	0.066075
2124	0.082998	0.082998	0.066233
2125	0.083937	0.083937	0.066409
2126	0.084612	0.084612	0.066685
2127	0.08515	0.08515	0.066945
2128	0.08565	0.08565	0.067159
2129	0.086002	0.086002	0.067275
2130	0.086395	0.086395	0.067287
2131	0.087058	0.087058	0.067315
2132	0.08784	0.08784	0.067447
2133	0.088486	0.088486	0.067641
2134	0.088917	0.088917	0.067817
2135	0.089245	0.089245	0.067889
2136	0.089499	0.089499	0.067873
2137	0.089728	0.089728	0.067733
2138	0.089751	0.089751	0.067453
2139	0.089453	0.089453	0.067189
2140	0.089107	0.089107	0.067066
2141	0.088824	0.088824	0.066989
2142	0.088463	0.088463	0.066802
2143	0.088133	0.088133	0.066473
2144	0.088017	0.088017	0.066218
2145	0.087928	0.087928	0.066135
2146	0.087776	0.087776	0.066002
2147	0.087865	0.087865	0.06565
2148	0.08841	0.08841	0.06517
2149	0.089011	0.089011	0.064816
2150	0.089268	0.089268	0.064665
2151	0.089415	0.089415	0.064501
2152	0.089942	0.089942	0.064245
2153	0.090876	0.090876	0.064107
2154	0.091691	0.091691	0.064198
2155	0.092098	0.092098	0.064395
2156	0.092378	0.092378	0.064478
2157	0.092776	0.092776	0.064543
2158	0.093358	0.093358	0.064649
2159	0.094028	0.094028	0.064767
2160	0.094719	0.094719	0.06485
2161	0.095435	0.095435	0.06482
2162	0.096181	0.096181	0.06482
2163	0.096926	0.096926	0.064971
2164	0.097491	0.097491	0.065253
2165	0.097861	0.097861	0.065629
2166	0.098241	0.098241	0.065998
2167	0.098668	0.098668	0.066269
2168	0.098949	0.098949	0.066499
2169	0.09907	0.09907	0.066921
2170	0.099254	0.099254	0.06754
2171	0.099557	0.099557	0.067968
2172	0.099809	0.099809	0.068032
2173	0.099953	0.099953	0.068072
2174	0.10012	0.10012	0.068355
2175	0.10038	0.10038	0.068673
2176	0.10055	0.10055	0.068885
2177	0.10047	0.10047	0.069074
2178	0.10037	0.10037	0.069281
2179	0.10038	0.10038	0.069338
2180	0.10031	0.10031	0.069359
2181	0.10007	0.10007	0.069513
2182	0.099861	0.099861	0.069689
2183	0.099889	0.099889	0.069825
2184	0.099992	0.099992	0.069979
2185	0.099982	0.099982	0.070118
2186	0.10009	0.10009	0.070149
2187	0.10051	0.10051	0.070103
2188	0.10091	0.10091	0.070149
2189	0.10104	0.10104	0.07025
2190	0.10133	0.10133	0.070223
2191	0.10199	0.10199	0.070176
2192	0.10257	0.10257	0.070243
2193	0.10274	0.10274	0.070384
2194	0.10291	0.10291	0.070403
2195	0.10343	0.10343	0.070212
2196	0.10418	0.10418	0.070077
2197	0.10489	0.10489	0.070209
2198	0.10536	0.10536	0.070412
2199	0.10576	0.10576	0.070473
2200	0.10617	0.10617	0.070403
2201	0.10645	0.10645	0.070388
2202	0.10664	0.10664	0.070435
2203	0.10676	0.10676	0.070425
2204	0.10668	0.10668	0.070336
2205	0.10641	0.10641	0.070143
2206	0.10619	0.10619	0.069855
2207	0.10616	0.10616	0.069591
2208	0.10619	0.10619	0.069423
2209	0.10611	0.10611	0.069302
2210	0.10597	0.10597	0.069169
2211	0.10601	0.10601	0.069032
2212	0.10625	0.10625	0.068911
2213	0.10646	0.10646	0.06898
2214	0.10648	0.10648	0.06909
2215	0.10635	0.10635	0.068942
2216	0.10631	0.10631	0.068601
2217	0.10635	0.10635	0.068523
2218	0.10624	0.10624	0.068702
2219	0.10591	0.10591	0.06874
2220	0.10556	0.10556	0.068613
2221	0.10543	0.10543	0.068482
2222	0.10531	0.10531	0.068458
2223	0.10495	0.10495	0.068501
2224	0.1044	0.1044	0.068569
2225	0.10421	0.10421	0.068615
2226	0.10454	0.10454	0.068664
2227	0.10472	0.10472	0.068689
2228	0.10443	0.10443	0.068755
2229	0.10419	0.10419	0.068876
2230	0.10437	0.10437	0.069022
2231	0.1046	0.1046	0.06918
2232	0.10438	0.10438	0.069324
2233	0.10407	0.10407	0.069458
2234	0.10427	0.10427	0.06944
2235	0.10452	0.10452	0.069261
2236	0.10425	0.10425	0.069065
2237	0.10385	0.10385	0.068891
2238	0.1039	0.1039	0.068668
2239	0.10404	0.10404	0.068411
2240	0.10368	0.10368	0.068146
2241	0.10303	0.10303	0.06784
2242	0.1025	0.1025	0.067488
2243	0.10202	0.10202	0.067171
2244	0.10117	0.10117	0.066852
2245	0.10002	0.10002	0.066554
2246	0.098921	0.098921	0.066194
2247	0.097826	0.097826	0.065751
2248	0.096765	0.096765	0.06528
2249	0.096041	0.096041	0.064785
2250	0.095716	0.095716	0.064405
2251	0.095479	0.095479	0.064187
2252	0.095078	0.095078	0.064023
2253	0.094649	0.094649	0.063859
2254	0.09443	0.09443	0.063636
2255	0.09432	0.09432	0.063453
2256	0.093894	0.093894	0.063229
2257	0.092966	0.092966	0.062985
2258	0.09202	0.09202	0.062776
2259	0.091201	0.091201	0.062713
2260	0.090073	0.090073	0.062792
2261	0.088777	0.088777	0.063067
2262	0.087586	0.087586	0.063295
2263	0.086394	0.086394	0.063222
2264	0.085437	0.085437	0.063212
2265	0.084774	0.084774	0.06333
2266	0.084112	0.084112	0.063312
2267	0.083483	0.083483	0.063093
2268	0.083101	0.083101	0.062865
2269	0.082896	0.082896	0.062828
2270	0.082548	0.082548	0.062894
2271	0.082198	0.082198	0.062829
2272	0.082183	0.082183	0.062588
2273	0.082399	0.082399	0.062024
2274	0.082555	0.082555	0.061241
2275	0.08255	0.08255	0.060426
2276	0.08243	0.08243	0.059716
2277	0.082377	0.082377	0.059206
2278	0.082447	0.082447	0.058742
2279	0.08253	0.08253	0.058076
2280	0.082644	0.082644	0.057536
2281	0.082812	0.082812	0.057391
2282	0.082793	0.082793	0.057354
2283	0.082462	0.082462	0.056873
2284	0.082072	0.082072	0.056079
2285	0.081873	0.081873	0.055181
2286	0.08177	0.08177	0.054376
2287	0.081679	0.081679	0.053944
2288	0.08162	0.08162	0.053816
2289	0.08175	0.08175	0.053515
2290	0.08206	0.08206	0.052928
2291	0.082388	0.082388	0.052404
2292	0.082914	0.082914	0.052029
2293	0.083562	0.083562	0.051697
2294	0.083921	0.083921	0.05159
2295	0.083847	0.083847	0.051779
2296	0.083614	0.083614	0.052109
2297	0.08338	0.08338	0.05228
2298	0.08289	0.08289	0.052292
2299	0.082214	0.082214	0.052266
2300	0.081461	0.081461	0.052145
2301	0.080751	0.080751	0.052234
2302	0.080481	0.080481	0.052609
2303	0.080492	0.080492	0.05302
2304	0.080405	0.080405	0.053326
2305	0.080232	0.080232	0.053926
2306	0.079922	0.079922	0.054842
2307	0.079669	0.079669	0.055672
2308	0.079873	0.079873	0.056218
2309	0.080195	0.080195	0.056371
2310	0.080194	0.080194	0.056504
2311	0.080106	0.080106	0.056512
2312	0.08024	0.08024	0.056318
2313	0.080614	0.080614	0.056365
2314	0.081293	0.081293	0.056638
2315	0.082151	0.082151	0.056557
2316	0.082341	0.082341	0.055908
2317	0.081727	0.081727	0.055544
2318	0.081148	0.081148	0.055774
2319	0.081021	0.081021	0.056095
2320	0.081	0.081	0.056491
2321	0.080881	0.080881	0.056857
2322	0.080889	0.080889	0.056657
2323	0.080873	0.080873	0.056192
2324	0.080489	0.080489	0.056603
2325	0.079862	0.079862	0.05756
2326	0.079369	0.079369	0.057775
2327	0.079161	0.079161	0.057246
2328	0.079073	0.079073	0.056779
2329	0.078953	0.078953	0.056522
2330	0.078889	0.078889	0.056591
2331	0.07902	0.07902	0.057061
2332	0.079133	0.079133	0.057634
2333	0.079165	0.079165	0.057619
2334	0.079068	0.079068	0.057333
2335	0.078491	0.078491	0.057362
2336	0.077556	0.077556	0.057639
2337	0.076646	0.076646	0.057898
2338	0.075878	0.075878	0.057807
2339	0.074984	0.074984	0.057526
2340	0.074242	0.074242	0.05707
2341	0.073887	0.073887	0.056149
2342	0.073019	0.073019	0.055315
2343	0.071708	0.071708	0.054849
2344	0.070692	0.070692	0.054567
2345	0.070231	0.070231	0.054257
2346	0.069901	0.069901	0.05348
2347	0.069243	0.069243	0.052898
2348	0.068706	0.068706	0.053162
2349	0.068492	0.068492	0.053881
2350	0.068255	0.068255	0.054463
2351	0.068073	0.068073	0.054423
2352	0.068199	0.068199	0.053717
2353	0.068281	0.068281	0.053287
2354	0.06778	0.06778	0.053253
2355	0.06718	0.06718	0.052521
2356	0.067162	0.067162	0.051729
2357	0.067289	0.067289	0.051951
2358	0.067398	0.067398	0.052454
2359	0.067606	0.067606	0.05215
2360	0.067477	0.067477	0.051487
2361	0.067515	0.067515	0.051384
2362	0.068631	0.068631	0.051097
2363	0.070393	0.070393	0.049928
2364	0.071259	0.071259	0.048642
2365	0.071279	0.071279	0.047775
2366	0.071491	0.071491	0.047231
2367	0.071889	0.071889	0.047108
2368	0.072078	0.072078	0.047281
2369	0.071829	0.071829	0.046999
2370	0.071287	0.071287	0.045946
2371	0.071075	0.071075	0.045175
2372	0.071368	0.071368	0.045124
2373	0.072088	0.072088	0.045097
2374	0.073109	0.073109	0.044867
2375	0.073919	0.073919	0.04486
2376	0.074638	0.074638	0.044937
2377	0.075453	0.075453	0.044567
2378	0.076095	0.076095	0.04365
2379	0.076498	0.076498	0.042593
2380	0.076714	0.076714	0.041897
2381	0.076417	0.076417	0.041676
2382	0.076027	0.076027	0.041639
2383	0.076433	0.076433	0.0417
2384	0.077484	0.077484	0.041456
2385	0.077818	0.077818	0.040681
2386	0.077221	0.077221	0.040253
2387	0.077959	0.077959	0.040481
2388	0.080773	0.080773	0.040754
2389	0.083338	0.083338	0.040747
2390	0.084272	0.084272	0.040727
2391	0.085445	0.085445	0.041507
2392	0.087674	0.087674	0.04247
2393	0.088721	0.088721	0.042655
2394	0.088432	0.088432	0.042073
2395	0.088795	0.088795	0.041308
2396	0.089737	0.089737	0.040911
2397	0.090333	0.090333	0.041014
2398	0.091092	0.091092	0.04118
2399	0.092809	0.092809	0.041017
2400	0.094624	0.094624	0.041098
2401	0.095433	0.095433	0.04091
2402	0.096158	0.096158	0.039716
2403	0.09726	0.09726	0.038841
2404	0.098036	0.098036	0.038301
2405	0.09783	0.09783	0.036852
2406	0.096886	0.096886	0.035243
2407	0.095763	0.095763	0.034972
2408	0.094239	0.094239	0.036181
2409	0.094177	0.094177	0.036887
2410	0.094848	0.094848	0.036349
2411	0.093722	0.093722	0.036345
2412	0.092208	0.092208	0.037657
2413	0.091769	0.091769	0.038634
2414	0.091535	0.091535	0.038626
2415	0.091504	0.091504	0.038964
2416	0.092333	0.092333	0.039392
2417	0.093412	0.093412	0.038479
2418	0.093465	0.093465	0.03669
2419	0.092849	0.092849	0.0351
2420	0.091536	0.091536	0.034059
2421	0.089415	0.089415	0.033502
2422	0.08724	0.08724	0.032377
2423	0.085654	0.085654	0.031795
2424	0.084516	0.084516	0.033027
2425	0.083503	0.083503	0.034046
2426	0.083193	0.083193	0.033691
2427	0.084163	0.084163	0.033119
2428	0.085086	0.085086	0.032266
2429	0.085305	0.085305	0.030804
2430	0.086692	0.086692	0.029627
2431	0.088714	0.088714	0.029244
2432	0.088777	0.088777	0.028182
2433	0.086482	0.086482	0.026847
2434	0.083555	0.083555	0.026195
2435	0.081325	0.081325	0.026011
2436	0.079404	0.079404	0.025466
2437	0.077814	0.077814	0.024611
2438	0.076223	0.076223	0.024394
2439	0.073525	0.073525	0.024676
2440	0.071033	0.071033	0.024322
2441	0.071401	0.071401	0.023503
2442	0.07331	0.07331	0.023072
2443	0.073222	0.073222	0.022441
2444	0.072129	0.072129	0.021814
2445	0.072422	0.072422	0.021825
2446	0.073187	0.073187	0.022575
2447	0.073923	0.073923	0.023666
2448	0.075422	0.075422	0.024461
2449	0.076057	0.076057	0.025465
2450	0.075354	0.075354	0.02712
2451	0.075667	0.075667	0.028575
2452	0.07903	0.07903	0.030211
2453	0.084134	0.084134	0.032725
2454	0.085379	0.085379	0.035549
2455	0.083528	0.083528	0.039005
2456	0.083525	0.083525	0.041627
2457	0.084027	0.084027	0.04206
2458	0.081099	0.081099	0.042442
2459	0.077668	0.077668	0.043709
2460	0.075965	0.075965	0.044106
2461	0.072937	0.072937	0.044032
2462	0.069606	0.069606	0.044645
2463	0.069051	0.069051	0.045545
2464	0.069207	0.069207	0.046751
2465	0.068102	0.068102	0.046948
2466	0.066782	0.066782	0.04578
2467	0.066066	0.066066	0.04584
2468	0.064627	0.064627	0.046555
2469	0.06094	0.06094	0.045361
2470	0.056068	0.056068	0.043444
2471	0.051383	0.051383	0.042206
2472	0.048852	0.048852	0.040824
2473	0.049985	0.049985	0.037892
2474	0.05202	0.05202	0.035024
2475	0.050055	0.050055	0.032314
2476	0.044682	0.044682	0.029088
2477	0.040672	0.040672	0.025524
2478	0.03824	0.03824	0.022793
2479	0	0	0
2480	0	0	0
