*Name: Norway Spruce bot
Type: Needle Spectrum

Description: abaxial reflectance, adaxial reflectance, and adaxial transmittance

Measurement: Hemispherical Conical Reflectance Factor HCRF measured by ASD Integrating Sphere
             Spectra were measured and corrected following the method of Mesarch, et al. 1999

Wavelength [nm]	abaxial Reflectance [0 1]	adaxial Reflectance [0 1]	adaxial Transmittance [0 1]
370	0.053352	0.053352	0.0093078
371	0.053264	0.053264	0.0088787
372	0.053912	0.053912	0.0074459
373	0.049911	0.049911	0.0084165
374	0.047586	0.047586	0.010026
375	0.048162	0.048162	0.010409
376	0.048435	0.048435	0.0087579
377	0.048332	0.048332	0.0074576
378	0.048741	0.048741	0.0073346
379	0.049153	0.049153	0.0068592
380	0.049289	0.049289	0.0058432
381	0.048809	0.048809	0.0050389
382	0.047804	0.047804	0.0042962
383	0.046165	0.046165	0.0030922
384	0.044386	0.044386	0.0021308
385	0.04379	0.04379	0.0014421
386	0.043475	0.043475	0.0011909
387	0.042969	0.042969	0.00089853
388	0.042661	0.042661	0.00036758
389	0.042634	0.042634	0.00026936
390	0.041739	0.041739	0.0004311
391	0.041228	0.041228	0.00068371
392	0.041607	0.041607	0.0010335
393	0.041819	0.041819	0.0008311
394	0.04134	0.04134	0.000558
395	0.04096	0.04096	0.0003596
396	0.041121	0.041121	0.0005868
397	0.040913	0.040913	0.0002039
398	0.040528	0.040528	0.00016559
399	0.040245	0.040245	0.00015987
400	0.040053	0.040053	0.00015004
401	0.039598	0.039598	0.00014352
402	0.03933	0.03933	0.00013901
403	0.039774	0.039774	0.00013258
404	0.039688	0.039688	0.0001276
405	0.03954	0.03954	0.00012475
406	0.039696	0.039696	0.00012057
407	0.04003	0.04003	0.00012052
408	0.040235	0.040235	0.00012483
409	0.040367	0.040367	0.00012925
410	0.040711	0.040711	0.00013406
411	0.040879	0.040879	0.00014151
412	0.040913	0.040913	0.00022757
413	0.040945	0.040945	0.00047623
414	0.040846	0.040846	0.00083748
415	0.040806	0.040806	0.0013207
416	0.040758	0.040758	0.0018917
417	0.040885	0.040885	0.0022528
418	0.041122	0.041122	0.0024865
419	0.041333	0.041333	0.002602
420	0.041532	0.041532	0.0028472
421	0.041669	0.041669	0.0030682
422	0.041829	0.041829	0.0033419
423	0.042022	0.042022	0.003759
424	0.042263	0.042263	0.0041194
425	0.042477	0.042477	0.004426
426	0.042731	0.042731	0.0046508
427	0.04293	0.04293	0.0048286
428	0.043018	0.043018	0.0049254
429	0.043015	0.043015	0.0049967
430	0.043006	0.043006	0.0050853
431	0.043064	0.043064	0.0051683
432	0.043129	0.043129	0.0051595
433	0.043191	0.043191	0.005206
434	0.043191	0.043191	0.005353
435	0.04333	0.04333	0.0055243
436	0.043457	0.043457	0.0056467
437	0.043512	0.043512	0.0056395
438	0.043604	0.043604	0.0057035
439	0.043699	0.043699	0.0058128
440	0.043805	0.043805	0.0059532
441	0.043904	0.043904	0.006128
442	0.044057	0.044057	0.0062782
443	0.044226	0.044226	0.0063493
444	0.044426	0.044426	0.0063837
445	0.044541	0.044541	0.0064439
446	0.044645	0.044645	0.006576
447	0.044787	0.044787	0.006708
448	0.044962	0.044962	0.0068151
449	0.045017	0.045017	0.0069994
450	0.045093	0.045093	0.0071506
451	0.045257	0.045257	0.0072759
452	0.045404	0.045404	0.0074413
453	0.045492	0.045492	0.0075422
454	0.045481	0.045481	0.0075896
455	0.0455	0.0455	0.0076358
456	0.045495	0.045495	0.0077551
457	0.045469	0.045469	0.0078873
458	0.045485	0.045485	0.0080231
459	0.045564	0.045564	0.0081675
460	0.045652	0.045652	0.0082364
461	0.045658	0.045658	0.0082568
462	0.045601	0.045601	0.0083379
463	0.0456	0.0456	0.0084258
464	0.045665	0.045665	0.0085146
465	0.045733	0.045733	0.0084638
466	0.045712	0.045712	0.0084492
467	0.045652	0.045652	0.0084488
468	0.045704	0.045704	0.0084534
469	0.045736	0.045736	0.0084365
470	0.045676	0.045676	0.0084816
471	0.045586	0.045586	0.0084579
472	0.045503	0.045503	0.0083949
473	0.045443	0.045443	0.0083201
474	0.045363	0.045363	0.0082776
475	0.045283	0.045283	0.0082632
476	0.045259	0.045259	0.0082458
477	0.045255	0.045255	0.0082169
478	0.045222	0.045222	0.008189
479	0.045185	0.045185	0.0082154
480	0.045167	0.045167	0.0082595
481	0.045244	0.045244	0.0082912
482	0.045373	0.045373	0.0083141
483	0.045474	0.045474	0.0082371
484	0.045523	0.045523	0.0082423
485	0.045609	0.045609	0.0082489
486	0.045701	0.045701	0.0083227
487	0.045767	0.045767	0.0083835
488	0.045816	0.045816	0.0084257
489	0.045905	0.045905	0.008514
490	0.046053	0.046053	0.0085612
491	0.046238	0.046238	0.0086793
492	0.046426	0.046426	0.0088153
493	0.046639	0.046639	0.0090348
494	0.046926	0.046926	0.00924
495	0.047235	0.047235	0.0093623
496	0.047541	0.047541	0.0096248
497	0.047841	0.047841	0.0099145
498	0.048139	0.048139	0.010209
499	0.048488	0.048488	0.010511
500	0.048888	0.048888	0.010791
501	0.049291	0.049291	0.011039
502	0.04974	0.04974	0.011369
503	0.050239	0.050239	0.011765
504	0.050789	0.050789	0.012176
505	0.051397	0.051397	0.012663
506	0.052139	0.052139	0.013203
507	0.053029	0.053029	0.013852
508	0.054037	0.054037	0.014521
509	0.055146	0.055146	0.015303
510	0.056376	0.056376	0.016146
511	0.057719	0.057719	0.017135
512	0.05915	0.05915	0.01815
513	0.060731	0.060731	0.019185
514	0.062416	0.062416	0.020385
515	0.064169	0.064169	0.021594
516	0.066019	0.066019	0.022846
517	0.067973	0.067973	0.024191
518	0.07	0.07	0.025596
519	0.072031	0.072031	0.027032
520	0.07408	0.07408	0.028502
521	0.076135	0.076135	0.029983
522	0.078179	0.078179	0.031445
523	0.080184	0.080184	0.032909
524	0.082133	0.082133	0.0343
525	0.083964	0.083964	0.035643
526	0.085688	0.085688	0.036941
527	0.087261	0.087261	0.038239
528	0.088682	0.088682	0.039453
529	0.089965	0.089965	0.040563
530	0.091122	0.091122	0.041556
531	0.092199	0.092199	0.042428
532	0.093113	0.093113	0.043205
533	0.093907	0.093907	0.043911
534	0.094634	0.094634	0.044551
535	0.095284	0.095284	0.045116
536	0.095842	0.095842	0.045608
537	0.096288	0.096288	0.046022
538	0.096681	0.096681	0.046391
539	0.097058	0.097058	0.046727
540	0.097416	0.097416	0.047027
541	0.097761	0.097761	0.047288
542	0.09809	0.09809	0.047533
543	0.098427	0.098427	0.047798
544	0.098776	0.098776	0.048086
545	0.099093	0.099093	0.048404
546	0.099417	0.099417	0.048646
547	0.099739	0.099739	0.048883
548	0.10003	0.10003	0.049117
549	0.10029	0.10029	0.049342
550	0.1005	0.1005	0.049552
551	0.10066	0.10066	0.049741
552	0.10075	0.10075	0.049895
553	0.10075	0.10075	0.049942
554	0.10063	0.10063	0.049925
555	0.1004	0.1004	0.049836
556	0.10004	0.10004	0.049675
557	0.099576	0.099576	0.049386
558	0.098984	0.098984	0.049021
559	0.098298	0.098298	0.048582
560	0.097511	0.097511	0.048064
561	0.096634	0.096634	0.047468
562	0.095659	0.095659	0.046829
563	0.094602	0.094602	0.046068
564	0.093473	0.093473	0.045222
565	0.092262	0.092262	0.044364
566	0.090996	0.090996	0.043472
567	0.08971	0.08971	0.042531
568	0.08837	0.08837	0.041594
569	0.087002	0.087002	0.040665
570	0.085644	0.085644	0.039772
571	0.084308	0.084308	0.038854
572	0.082994	0.082994	0.037976
573	0.081728	0.081728	0.037121
574	0.080486	0.080486	0.03629
575	0.079328	0.079328	0.035495
576	0.078251	0.078251	0.034762
577	0.077263	0.077263	0.034084
578	0.076339	0.076339	0.033461
579	0.07547	0.07547	0.032919
580	0.07466	0.07466	0.03242
581	0.073903	0.073903	0.03189
582	0.073203	0.073203	0.03142
583	0.072565	0.072565	0.030984
584	0.07198	0.07198	0.030567
585	0.071399	0.071399	0.030174
586	0.070843	0.070843	0.029842
587	0.070324	0.070324	0.029544
588	0.069826	0.069826	0.029293
589	0.069376	0.069376	0.02902
590	0.068944	0.068944	0.028747
591	0.068524	0.068524	0.028489
592	0.068153	0.068153	0.028274
593	0.067836	0.067836	0.028044
594	0.06754	0.06754	0.027811
595	0.067264	0.067264	0.027614
596	0.067015	0.067015	0.027422
597	0.066763	0.066763	0.027296
598	0.066497	0.066497	0.027139
599	0.066248	0.066248	0.026991
600	0.066026	0.066026	0.026856
601	0.065795	0.065795	0.02671
602	0.06551	0.06551	0.026524
603	0.065181	0.065181	0.026315
604	0.064875	0.064875	0.026101
605	0.064527	0.064527	0.025854
606	0.064124	0.064124	0.025581
607	0.063687	0.063687	0.025334
608	0.063217	0.063217	0.025063
609	0.062728	0.062728	0.024783
610	0.062251	0.062251	0.024489
611	0.061756	0.061756	0.024133
612	0.061241	0.061241	0.023799
613	0.060729	0.060729	0.023455
614	0.060234	0.060234	0.023086
615	0.059755	0.059755	0.022806
616	0.05929	0.05929	0.022567
617	0.058867	0.058867	0.02234
618	0.058469	0.058469	0.022155
619	0.058101	0.058101	0.022002
620	0.057778	0.057778	0.021831
621	0.057517	0.057517	0.021689
622	0.057317	0.057317	0.021566
623	0.057136	0.057136	0.021446
624	0.056987	0.056987	0.021375
625	0.056884	0.056884	0.021376
626	0.056836	0.056836	0.021347
627	0.056811	0.056811	0.021323
628	0.056775	0.056775	0.021281
629	0.056704	0.056704	0.02123
630	0.056612	0.056612	0.02115
631	0.056519	0.056519	0.02105
632	0.056395	0.056395	0.020925
633	0.05621	0.05621	0.020844
634	0.055937	0.055937	0.020739
635	0.055622	0.055622	0.02055
636	0.055263	0.055263	0.020312
637	0.054845	0.054845	0.020054
638	0.054395	0.054395	0.019718
639	0.053887	0.053887	0.019349
640	0.05334	0.05334	0.018945
641	0.052763	0.052763	0.018522
642	0.052172	0.052172	0.018102
643	0.051597	0.051597	0.017657
644	0.051044	0.051044	0.01722
645	0.050491	0.050491	0.016808
646	0.049953	0.049953	0.016461
647	0.049466	0.049466	0.016179
648	0.049045	0.049045	0.015861
649	0.048683	0.048683	0.015648
650	0.048351	0.048351	0.015467
651	0.048018	0.048018	0.015294
652	0.047711	0.047711	0.015115
653	0.047456	0.047456	0.014923
654	0.047225	0.047225	0.014718
655	0.046988	0.046988	0.01451
656	0.046752	0.046752	0.014303
657	0.046481	0.046481	0.014078
658	0.046176	0.046176	0.013796
659	0.045862	0.045862	0.013522
660	0.04556	0.04556	0.013201
661	0.045242	0.045242	0.0129
662	0.044923	0.044923	0.012621
663	0.044602	0.044602	0.01236
664	0.044311	0.044311	0.012096
665	0.044054	0.044054	0.011817
666	0.043824	0.043824	0.011496
667	0.043614	0.043614	0.011328
668	0.043444	0.043444	0.011156
669	0.043296	0.043296	0.011055
670	0.043209	0.043209	0.010987
671	0.043144	0.043144	0.010943
672	0.043137	0.043137	0.010922
673	0.043184	0.043184	0.010924
674	0.043252	0.043252	0.010995
675	0.043362	0.043362	0.011047
676	0.043509	0.043509	0.01109
677	0.043693	0.043693	0.011173
678	0.043906	0.043906	0.011254
679	0.044131	0.044131	0.011401
680	0.044414	0.044414	0.01154
681	0.044751	0.044751	0.011699
682	0.045158	0.045158	0.011857
683	0.045651	0.045651	0.012163
684	0.046278	0.046278	0.012536
685	0.047055	0.047055	0.013133
686	0.048057	0.048057	0.013852
687	0.049314	0.049314	0.014831
688	0.050881	0.050881	0.016038
689	0.052796	0.052796	0.017582
690	0.055158	0.055158	0.019474
691	0.058006	0.058006	0.02174
692	0.061361	0.061361	0.024381
693	0.065261	0.065261	0.027452
694	0.069684	0.069684	0.030976
695	0.074629	0.074629	0.03501
696	0.080115	0.080115	0.039505
697	0.08609	0.08609	0.044465
698	0.092514	0.092514	0.049897
699	0.099351	0.099351	0.05572
700	0.10655	0.10655	0.061879
701	0.11407	0.11407	0.068406
702	0.12184	0.12184	0.07512
703	0.12981	0.12981	0.082119
704	0.13792	0.13792	0.089325
705	0.14617	0.14617	0.096736
706	0.1545	0.1545	0.1043
707	0.16293	0.16293	0.11196
708	0.17143	0.17143	0.11972
709	0.18	0.18	0.1276
710	0.18865	0.18865	0.13556
711	0.19736	0.19736	0.14364
712	0.20613	0.20613	0.15181
713	0.21497	0.21497	0.16007
714	0.22385	0.22385	0.16839
715	0.23277	0.23277	0.17679
716	0.24169	0.24169	0.18529
717	0.25065	0.25065	0.19377
718	0.25958	0.25958	0.20227
719	0.26843	0.26843	0.21078
720	0.27724	0.27724	0.21919
721	0.28591	0.28591	0.22759
722	0.29443	0.29443	0.23593
723	0.30283	0.30283	0.24405
724	0.31106	0.31106	0.25197
725	0.31908	0.31908	0.25965
726	0.32686	0.32686	0.26716
727	0.33435	0.33435	0.27442
728	0.3416	0.3416	0.28139
729	0.34856	0.34856	0.28808
730	0.35521	0.35521	0.29447
731	0.36155	0.36155	0.30055
732	0.36758	0.36758	0.3063
733	0.37329	0.37329	0.31177
734	0.37867	0.37867	0.31697
735	0.38369	0.38369	0.32192
736	0.38837	0.38837	0.32659
737	0.39273	0.39273	0.33101
738	0.39679	0.39679	0.33517
739	0.40055	0.40055	0.3391
740	0.40407	0.40407	0.34273
741	0.4074	0.4074	0.34603
742	0.41047	0.41047	0.34912
743	0.41329	0.41329	0.35199
744	0.41589	0.41589	0.35462
745	0.41823	0.41823	0.35708
746	0.42039	0.42039	0.35936
747	0.42234	0.42234	0.36148
748	0.42413	0.42413	0.36341
749	0.42578	0.42578	0.36513
750	0.4273	0.4273	0.36667
751	0.42867	0.42867	0.3681
752	0.42993	0.42993	0.3694
753	0.43107	0.43107	0.37058
754	0.43207	0.43207	0.37167
755	0.43296	0.43296	0.37268
756	0.43377	0.43377	0.37356
757	0.43454	0.43454	0.37433
758	0.43524	0.43524	0.37503
759	0.43585	0.43585	0.3757
760	0.43635	0.43635	0.37633
761	0.43681	0.43681	0.37692
762	0.43721	0.43721	0.37745
763	0.43756	0.43756	0.37795
764	0.43787	0.43787	0.37842
765	0.43809	0.43809	0.3789
766	0.43831	0.43831	0.3793
767	0.4385	0.4385	0.37965
768	0.43868	0.43868	0.37995
769	0.43886	0.43886	0.38024
770	0.43904	0.43904	0.3805
771	0.43921	0.43921	0.38074
772	0.43932	0.43932	0.38099
773	0.43944	0.43944	0.38119
774	0.43956	0.43956	0.38136
775	0.4397	0.4397	0.38153
776	0.43978	0.43978	0.38176
777	0.43985	0.43985	0.38199
778	0.43992	0.43992	0.3822
779	0.44005	0.44005	0.38237
780	0.44015	0.44015	0.38253
781	0.44025	0.44025	0.38269
782	0.44029	0.44029	0.3829
783	0.44031	0.44031	0.38313
784	0.44028	0.44028	0.38337
785	0.44027	0.44027	0.38358
786	0.44028	0.44028	0.38378
787	0.44031	0.44031	0.38398
788	0.44038	0.44038	0.38414
789	0.4404	0.4404	0.38433
790	0.44046	0.44046	0.38447
791	0.44051	0.44051	0.38462
792	0.44054	0.44054	0.38478
793	0.44059	0.44059	0.38492
794	0.44063	0.44063	0.38506
795	0.44071	0.44071	0.3852
796	0.44078	0.44078	0.38533
797	0.44087	0.44087	0.38545
798	0.44091	0.44091	0.38559
799	0.44091	0.44091	0.38578
800	0.44094	0.44094	0.38595
801	0.44091	0.44091	0.38617
802	0.44087	0.44087	0.38638
803	0.4409	0.4409	0.38653
804	0.44095	0.44095	0.38668
805	0.44103	0.44103	0.38684
806	0.44111	0.44111	0.38699
807	0.44119	0.44119	0.38713
808	0.44126	0.44126	0.38727
809	0.44132	0.44132	0.38741
810	0.44137	0.44137	0.38756
811	0.44145	0.44145	0.38767
812	0.44152	0.44152	0.38781
813	0.44158	0.44158	0.38797
814	0.44162	0.44162	0.38811
815	0.44164	0.44164	0.38827
816	0.44169	0.44169	0.38841
817	0.4417	0.4417	0.3886
818	0.44178	0.44178	0.38869
819	0.44183	0.44183	0.38882
820	0.44192	0.44192	0.38892
821	0.44201	0.44201	0.38901
822	0.44209	0.44209	0.38911
823	0.44218	0.44218	0.38922
824	0.44226	0.44226	0.38931
825	0.44235	0.44235	0.38939
826	0.44243	0.44243	0.38949
827	0.44249	0.44249	0.38961
828	0.44249	0.44249	0.38981
829	0.4425	0.4425	0.38998
830	0.44252	0.44252	0.39015
831	0.44256	0.44256	0.39029
832	0.44261	0.44261	0.39043
833	0.44269	0.44269	0.39058
834	0.44279	0.44279	0.39072
835	0.44281	0.44281	0.39092
836	0.44288	0.44288	0.39106
837	0.4429	0.4429	0.39127
838	0.44297	0.44297	0.39142
839	0.44301	0.44301	0.39159
840	0.44306	0.44306	0.39175
841	0.44315	0.44315	0.39188
842	0.44323	0.44323	0.39204
843	0.4433	0.4433	0.39223
844	0.44345	0.44345	0.39237
845	0.44345	0.44345	0.39264
846	0.44354	0.44354	0.39281
847	0.44374	0.44374	0.39291
848	0.44388	0.44388	0.39304
849	0.44399	0.44399	0.39321
850	0.4441	0.4441	0.39339
851	0.44414	0.44414	0.39361
852	0.44407	0.44407	0.39393
853	0.44406	0.44406	0.39419
854	0.44416	0.44416	0.39432
855	0.44424	0.44424	0.39446
856	0.44427	0.44427	0.39463
857	0.44438	0.44438	0.39475
858	0.44446	0.44446	0.39489
859	0.44453	0.44453	0.39504
860	0.44455	0.44455	0.39523
861	0.44462	0.44462	0.39534
862	0.44465	0.44465	0.39548
863	0.44457	0.44457	0.39572
864	0.44471	0.44471	0.39572
865	0.44475	0.44475	0.39578
866	0.44471	0.44471	0.39591
867	0.44471	0.44471	0.39599
868	0.44469	0.44469	0.39608
869	0.44458	0.44458	0.39626
870	0.44455	0.44455	0.39639
871	0.44463	0.44463	0.39639
872	0.44474	0.44474	0.39634
873	0.44473	0.44473	0.39641
874	0.44478	0.44478	0.39649
875	0.44489	0.44489	0.39654
876	0.44487	0.44487	0.3967
877	0.44495	0.44495	0.39676
878	0.445	0.445	0.39687
879	0.44506	0.44506	0.39696
880	0.44497	0.44497	0.39717
881	0.445	0.445	0.39724
882	0.44518	0.44518	0.39714
883	0.44525	0.44525	0.39715
884	0.44533	0.44533	0.39717
885	0.44535	0.44535	0.3972
886	0.44533	0.44533	0.39727
887	0.4452	0.4452	0.39744
888	0.44524	0.44524	0.39742
889	0.44517	0.44517	0.39745
890	0.44514	0.44514	0.39749
891	0.44512	0.44512	0.39758
892	0.44516	0.44516	0.39763
893	0.44518	0.44518	0.39771
894	0.44519	0.44519	0.39781
895	0.44534	0.44534	0.39774
896	0.44525	0.44525	0.39789
897	0.44528	0.44528	0.39795
898	0.44536	0.44536	0.39799
899	0.44548	0.44548	0.39797
900	0.44553	0.44553	0.39799
901	0.44559	0.44559	0.39799
902	0.44555	0.44555	0.39808
903	0.44547	0.44547	0.39817
904	0.44541	0.44541	0.39826
905	0.44529	0.44529	0.3984
906	0.44524	0.44524	0.39846
907	0.44504	0.44504	0.3987
908	0.44495	0.44495	0.39887
909	0.44491	0.44491	0.39892
910	0.44487	0.44487	0.39896
911	0.4449	0.4449	0.39897
912	0.4449	0.4449	0.39899
913	0.44493	0.44493	0.39896
914	0.44479	0.44479	0.39911
915	0.44484	0.44484	0.39904
916	0.44492	0.44492	0.39894
917	0.44495	0.44495	0.39882
918	0.44496	0.44496	0.39871
919	0.44502	0.44502	0.39855
920	0.44502	0.44502	0.39849
921	0.44508	0.44508	0.39836
922	0.44509	0.44509	0.39824
923	0.445	0.445	0.39819
924	0.44494	0.44494	0.39814
925	0.44479	0.44479	0.39814
926	0.44463	0.44463	0.39808
927	0.44453	0.44453	0.39796
928	0.44444	0.44444	0.39788
929	0.44431	0.44431	0.39781
930	0.44409	0.44409	0.39776
931	0.44385	0.44385	0.39778
932	0.44362	0.44362	0.39773
933	0.44349	0.44349	0.39757
934	0.44341	0.44341	0.3974
935	0.44326	0.44326	0.39725
936	0.44304	0.44304	0.39715
937	0.44293	0.44293	0.39702
938	0.44283	0.44283	0.39684
939	0.44267	0.44267	0.3967
940	0.44249	0.44249	0.39656
941	0.44228	0.44228	0.39632
942	0.44205	0.44205	0.39616
943	0.44175	0.44175	0.39601
944	0.44147	0.44147	0.39576
945	0.44121	0.44121	0.39552
946	0.44087	0.44087	0.39524
947	0.44034	0.44034	0.39498
948	0.43978	0.43978	0.39462
949	0.43928	0.43928	0.39425
950	0.43877	0.43877	0.39384
951	0.43818	0.43818	0.39343
952	0.43755	0.43755	0.393
953	0.43691	0.43691	0.39252
954	0.4364	0.4364	0.39197
955	0.43595	0.43595	0.39141
956	0.43548	0.43548	0.39083
957	0.43502	0.43502	0.39032
958	0.4346	0.4346	0.3898
959	0.43418	0.43418	0.38931
960	0.43381	0.43381	0.38893
961	0.43347	0.43347	0.38857
962	0.43313	0.43313	0.3883
963	0.43284	0.43284	0.38811
964	0.43257	0.43257	0.38791
965	0.43223	0.43223	0.38776
966	0.43197	0.43197	0.38761
967	0.43176	0.43176	0.38752
968	0.43154	0.43154	0.38753
969	0.43134	0.43134	0.38759
970	0.43115	0.43115	0.38765
971	0.43108	0.43108	0.38773
972	0.43113	0.43113	0.38774
973	0.43113	0.43113	0.38774
974	0.43104	0.43104	0.38776
975	0.43104	0.43104	0.38785
976	0.43104	0.43104	0.3879
977	0.43101	0.43101	0.3879
978	0.431	0.431	0.38782
979	0.43093	0.43093	0.38787
980	0.4309	0.4309	0.38801
981	0.43102	0.43102	0.38809
982	0.43108	0.43108	0.38816
983	0.4311	0.4311	0.38824
984	0.43122	0.43122	0.38824
985	0.43145	0.43145	0.38821
986	0.43157	0.43157	0.38845
987	0.43169	0.43169	0.38877
988	0.43192	0.43192	0.38902
989	0.4322	0.4322	0.38921
990	0.43247	0.43247	0.38941
991	0.43255	0.43255	0.38972
992	0.4328	0.4328	0.38982
993	0.43303	0.43303	0.38999
994	0.43305	0.43305	0.39013
995	0.43294	0.43294	0.39025
996	0.43285	0.43285	0.39053
997	0.43276	0.43276	0.39106
998	0.43262	0.43262	0.39151
999	0.43243	0.43243	0.39183
1000	0.43224	0.43224	0.3921
1001	0.43216	0.43216	0.39231
1002	0.43226	0.43226	0.39253
1003	0.43225	0.43225	0.39291
1004	0.43211	0.43211	0.39342
1005	0.43221	0.43221	0.39386
1006	0.43244	0.43244	0.39417
1007	0.43268	0.43268	0.39452
1008	0.43305	0.43305	0.39496
1009	0.43347	0.43347	0.39535
1010	0.43397	0.43397	0.39555
1011	0.43406	0.43406	0.39585
1012	0.43411	0.43411	0.39596
1013	0.43412	0.43412	0.3962
1014	0.43429	0.43429	0.39667
1015	0.43453	0.43453	0.39726
1016	0.43475	0.43475	0.39769
1017	0.43492	0.43492	0.39799
1018	0.43519	0.43519	0.39816
1019	0.43544	0.43544	0.39834
1020	0.43561	0.43561	0.3986
1021	0.4356	0.4356	0.39888
1022	0.43574	0.43574	0.39912
1023	0.43607	0.43607	0.39934
1024	0.43655	0.43655	0.39941
1025	0.4371	0.4371	0.39956
1026	0.43755	0.43755	0.39995
1027	0.43784	0.43784	0.40035
1028	0.438	0.438	0.40056
1029	0.43822	0.43822	0.40054
1030	0.43847	0.43847	0.40068
1031	0.43872	0.43872	0.40115
1032	0.43903	0.43903	0.40181
1033	0.4393	0.4393	0.40253
1034	0.43957	0.43957	0.40296
1035	0.43978	0.43978	0.40307
1036	0.43988	0.43988	0.40319
1037	0.44	0.44	0.40342
1038	0.44019	0.44019	0.40361
1039	0.44043	0.44043	0.40382
1040	0.44073	0.44073	0.40399
1041	0.44105	0.44105	0.404
1042	0.4413	0.4413	0.404
1043	0.44131	0.44131	0.40413
1044	0.44119	0.44119	0.40425
1045	0.44125	0.44125	0.4042
1046	0.44148	0.44148	0.4041
1047	0.4417	0.4417	0.40414
1048	0.44179	0.44179	0.40442
1049	0.44195	0.44195	0.40469
1050	0.44218	0.44218	0.40487
1051	0.4425	0.4425	0.40498
1052	0.44285	0.44285	0.40503
1053	0.44314	0.44314	0.40509
1054	0.44335	0.44335	0.40536
1055	0.44375	0.44375	0.40561
1056	0.44412	0.44412	0.40577
1057	0.44433	0.44433	0.40592
1058	0.44438	0.44438	0.40611
1059	0.44439	0.44439	0.40623
1060	0.44432	0.44432	0.40638
1061	0.44423	0.44423	0.40651
1062	0.44417	0.44417	0.40659
1063	0.44412	0.44412	0.40667
1064	0.44399	0.44399	0.40679
1065	0.44381	0.44381	0.40693
1066	0.44382	0.44382	0.40692
1067	0.44395	0.44395	0.40687
1068	0.44401	0.44401	0.40694
1069	0.44388	0.44388	0.40718
1070	0.44368	0.44368	0.40748
1071	0.44376	0.44376	0.40772
1072	0.44388	0.44388	0.40799
1073	0.44385	0.44385	0.40803
1074	0.44387	0.44387	0.40783
1075	0.44389	0.44389	0.40789
1076	0.444	0.444	0.40813
1077	0.4441	0.4441	0.40831
1078	0.44419	0.44419	0.40848
1079	0.44438	0.44438	0.40852
1080	0.44453	0.44453	0.4084
1081	0.4447	0.4447	0.40819
1082	0.44484	0.44484	0.4081
1083	0.44492	0.44492	0.40812
1084	0.44496	0.44496	0.40803
1085	0.44486	0.44486	0.40809
1086	0.44464	0.44464	0.40826
1087	0.44439	0.44439	0.40835
1088	0.44429	0.44429	0.40843
1089	0.4444	0.4444	0.40849
1090	0.44424	0.44424	0.40849
1091	0.44401	0.44401	0.40821
1092	0.44395	0.44395	0.40801
1093	0.44383	0.44383	0.40814
1094	0.44368	0.44368	0.40816
1095	0.4434	0.4434	0.40811
1096	0.44329	0.44329	0.40796
1097	0.44326	0.44326	0.40781
1098	0.44314	0.44314	0.40771
1099	0.44303	0.44303	0.4076
1100	0.44295	0.44295	0.40755
1101	0.44286	0.44286	0.40748
1102	0.44282	0.44282	0.40738
1103	0.44287	0.44287	0.40733
1104	0.44292	0.44292	0.40733
1105	0.4429	0.4429	0.40736
1106	0.4428	0.4428	0.40747
1107	0.44271	0.44271	0.40748
1108	0.44257	0.44257	0.40736
1109	0.44249	0.44249	0.40729
1110	0.44238	0.44238	0.40733
1111	0.44208	0.44208	0.40729
1112	0.44168	0.44168	0.4071
1113	0.44131	0.44131	0.40699
1114	0.44103	0.44103	0.40692
1115	0.4407	0.4407	0.40691
1116	0.44049	0.44049	0.40669
1117	0.44037	0.44037	0.40638
1118	0.4403	0.4403	0.40608
1119	0.44017	0.44017	0.40588
1120	0.43997	0.43997	0.40574
1121	0.43977	0.43977	0.40548
1122	0.43944	0.43944	0.40519
1123	0.43896	0.43896	0.40496
1124	0.43842	0.43842	0.40471
1125	0.43786	0.43786	0.4043
1126	0.4373	0.4373	0.40381
1127	0.43667	0.43667	0.40335
1128	0.43588	0.43588	0.40282
1129	0.43489	0.43489	0.40214
1130	0.43404	0.43404	0.4013
1131	0.43321	0.43321	0.40055
1132	0.43233	0.43233	0.3997
1133	0.43142	0.43142	0.39867
1134	0.43051	0.43051	0.39754
1135	0.42943	0.42943	0.39652
1136	0.42835	0.42835	0.39539
1137	0.42724	0.42724	0.39419
1138	0.426	0.426	0.39297
1139	0.42469	0.42469	0.39162
1140	0.42339	0.42339	0.39021
1141	0.42208	0.42208	0.3889
1142	0.42071	0.42071	0.38761
1143	0.41922	0.41922	0.38623
1144	0.41766	0.41766	0.38492
1145	0.41617	0.41617	0.38371
1146	0.41468	0.41468	0.38252
1147	0.4131	0.4131	0.38132
1148	0.41159	0.41159	0.38008
1149	0.41016	0.41016	0.37892
1150	0.4088	0.4088	0.37779
1151	0.40738	0.40738	0.37672
1152	0.40596	0.40596	0.3758
1153	0.40472	0.40472	0.37492
1154	0.40368	0.40368	0.37397
1155	0.40269	0.40269	0.37303
1156	0.40171	0.40171	0.3722
1157	0.40095	0.40095	0.37138
1158	0.40037	0.40037	0.3706
1159	0.39972	0.39972	0.36997
1160	0.39902	0.39902	0.36941
1161	0.39844	0.39844	0.3689
1162	0.39797	0.39797	0.36851
1163	0.39768	0.39768	0.36807
1164	0.39733	0.39733	0.36766
1165	0.3969	0.3969	0.3673
1166	0.39656	0.39656	0.36695
1167	0.39627	0.39627	0.36666
1168	0.39588	0.39588	0.36647
1169	0.39542	0.39542	0.36626
1170	0.39506	0.39506	0.36605
1171	0.39479	0.39479	0.36583
1172	0.39448	0.39448	0.36562
1173	0.39414	0.39414	0.36537
1174	0.39382	0.39382	0.36517
1175	0.39354	0.39354	0.365
1176	0.39319	0.39319	0.36484
1177	0.39271	0.39271	0.36472
1178	0.39236	0.39236	0.3645
1179	0.39214	0.39214	0.36422
1180	0.3919	0.3919	0.36393
1181	0.39168	0.39168	0.36361
1182	0.39151	0.39151	0.36334
1183	0.39134	0.39134	0.36305
1184	0.39104	0.39104	0.36279
1185	0.39067	0.39067	0.36257
1186	0.39032	0.39032	0.36237
1187	0.3901	0.3901	0.3621
1188	0.38981	0.38981	0.3619
1189	0.38944	0.38944	0.36185
1190	0.38907	0.38907	0.36185
1191	0.3888	0.3888	0.36176
1192	0.38854	0.38854	0.36166
1193	0.38824	0.38824	0.3617
1194	0.38796	0.38796	0.36182
1195	0.38776	0.38776	0.36185
1196	0.38769	0.38769	0.3617
1197	0.3876	0.3876	0.36166
1198	0.38754	0.38754	0.36171
1199	0.38757	0.38757	0.36169
1200	0.38768	0.38768	0.36158
1201	0.38781	0.38781	0.36141
1202	0.38784	0.38784	0.36134
1203	0.38784	0.38784	0.36141
1204	0.3879	0.3879	0.36155
1205	0.38806	0.38806	0.36168
1206	0.38814	0.38814	0.36189
1207	0.38821	0.38821	0.36213
1208	0.38836	0.38836	0.36236
1209	0.38853	0.38853	0.36262
1210	0.38871	0.38871	0.3629
1211	0.38887	0.38887	0.36323
1212	0.38901	0.38901	0.36354
1213	0.38923	0.38923	0.36376
1214	0.38955	0.38955	0.36404
1215	0.38991	0.38991	0.36438
1216	0.39028	0.39028	0.3647
1217	0.39063	0.39063	0.365
1218	0.39106	0.39106	0.3653
1219	0.39152	0.39152	0.36563
1220	0.39188	0.39188	0.36598
1221	0.39216	0.39216	0.36639
1222	0.39253	0.39253	0.36686
1223	0.39296	0.39296	0.36733
1224	0.39324	0.39324	0.36782
1225	0.39343	0.39343	0.36829
1226	0.39374	0.39374	0.36878
1227	0.39408	0.39408	0.3693
1228	0.39438	0.39438	0.36974
1229	0.39461	0.39461	0.37013
1230	0.39494	0.39494	0.37052
1231	0.39543	0.39543	0.37092
1232	0.39592	0.39592	0.3713
1233	0.39636	0.39636	0.37163
1234	0.39673	0.39673	0.37201
1235	0.39722	0.39722	0.3723
1236	0.39777	0.39777	0.37248
1237	0.39823	0.39823	0.37264
1238	0.39859	0.39859	0.37281
1239	0.39895	0.39895	0.37307
1240	0.39946	0.39946	0.37329
1241	0.3997	0.3997	0.37361
1242	0.3998	0.3998	0.37384
1243	0.4	0.4	0.37406
1244	0.40025	0.40025	0.37439
1245	0.40033	0.40033	0.3748
1246	0.40033	0.40033	0.37513
1247	0.40043	0.40043	0.37538
1248	0.40067	0.40067	0.37555
1249	0.40081	0.40081	0.37575
1250	0.40082	0.40082	0.37596
1251	0.40087	0.40087	0.37616
1252	0.40107	0.40107	0.37632
1253	0.40124	0.40124	0.37647
1254	0.40136	0.40136	0.3766
1255	0.40151	0.40151	0.37674
1256	0.40178	0.40178	0.37682
1257	0.40207	0.40207	0.37687
1258	0.40228	0.40228	0.37694
1259	0.40235	0.40235	0.37709
1260	0.40252	0.40252	0.37716
1261	0.40269	0.40269	0.37732
1262	0.40277	0.40277	0.37753
1263	0.4028	0.4028	0.37769
1264	0.40282	0.40282	0.37782
1265	0.40289	0.40289	0.3779
1266	0.40297	0.40297	0.37797
1267	0.40295	0.40295	0.37809
1268	0.40289	0.40289	0.37823
1269	0.40284	0.40284	0.37842
1270	0.4028	0.4028	0.37861
1271	0.40262	0.40262	0.37887
1272	0.40252	0.40252	0.37893
1273	0.40245	0.40245	0.37897
1274	0.40246	0.40246	0.37905
1275	0.40243	0.40243	0.37916
1276	0.40236	0.40236	0.37919
1277	0.40231	0.40231	0.37909
1278	0.40215	0.40215	0.3791
1279	0.40205	0.40205	0.37903
1280	0.40186	0.40186	0.37892
1281	0.40167	0.40167	0.37867
1282	0.40137	0.40137	0.3785
1283	0.40113	0.40113	0.37832
1284	0.4009	0.4009	0.37813
1285	0.4006	0.4006	0.37795
1286	0.40027	0.40027	0.37782
1287	0.39995	0.39995	0.37776
1288	0.39966	0.39966	0.37763
1289	0.39928	0.39928	0.37749
1290	0.39894	0.39894	0.37724
1291	0.39864	0.39864	0.37707
1292	0.39849	0.39849	0.37684
1293	0.39822	0.39822	0.37659
1294	0.39784	0.39784	0.3763
1295	0.39749	0.39749	0.37599
1296	0.39717	0.39717	0.37565
1297	0.39683	0.39683	0.37519
1298	0.39632	0.39632	0.37475
1299	0.39583	0.39583	0.37424
1300	0.39532	0.39532	0.37376
1301	0.39472	0.39472	0.3733
1302	0.39402	0.39402	0.37283
1303	0.39336	0.39336	0.37226
1304	0.39271	0.39271	0.37166
1305	0.39194	0.39194	0.37111
1306	0.39108	0.39108	0.37053
1307	0.3903	0.3903	0.36987
1308	0.38965	0.38965	0.36912
1309	0.38888	0.38888	0.36845
1310	0.38796	0.38796	0.3678
1311	0.38706	0.38706	0.36711
1312	0.38631	0.38631	0.36627
1313	0.38554	0.38554	0.36539
1314	0.38463	0.38463	0.36452
1315	0.38361	0.38361	0.36359
1316	0.38255	0.38255	0.36259
1317	0.38148	0.38148	0.36151
1318	0.38034	0.38034	0.36042
1319	0.37913	0.37913	0.35932
1320	0.37791	0.37791	0.35816
1321	0.37673	0.37673	0.35686
1322	0.37537	0.37537	0.35564
1323	0.37391	0.37391	0.3545
1324	0.37255	0.37255	0.35332
1325	0.37137	0.37137	0.35193
1326	0.36997	0.36997	0.35058
1327	0.36837	0.36837	0.34936
1328	0.36693	0.36693	0.34808
1329	0.36568	0.36568	0.34659
1330	0.36426	0.36426	0.3451
1331	0.36266	0.36266	0.34368
1332	0.36109	0.36109	0.3423
1333	0.35956	0.35956	0.3409
1334	0.35797	0.35797	0.3395
1335	0.35637	0.35637	0.33812
1336	0.35484	0.35484	0.33679
1337	0.35342	0.35342	0.33542
1338	0.3519	0.3519	0.33404
1339	0.3503	0.3503	0.33267
1340	0.34872	0.34872	0.33135
1341	0.34725	0.34725	0.33001
1342	0.34581	0.34581	0.32865
1343	0.34434	0.34434	0.32723
1344	0.3428	0.3428	0.32585
1345	0.34132	0.34132	0.32453
1346	0.33998	0.33998	0.32318
1347	0.3386	0.3386	0.32178
1348	0.33707	0.33707	0.32048
1349	0.33552	0.33552	0.31934
1350	0.3341	0.3341	0.31821
1351	0.33269	0.33269	0.31708
1352	0.33122	0.33122	0.31601
1353	0.3297	0.3297	0.31507
1354	0.32831	0.32831	0.31405
1355	0.32695	0.32695	0.3129
1356	0.32548	0.32548	0.31173
1357	0.32394	0.32394	0.31065
1358	0.32249	0.32249	0.30944
1359	0.32109	0.32109	0.30806
1360	0.31959	0.31959	0.30669
1361	0.31803	0.31803	0.30532
1362	0.31643	0.31643	0.30385
1363	0.31481	0.31481	0.30223
1364	0.31323	0.31323	0.30043
1365	0.31159	0.31159	0.29859
1366	0.30977	0.30977	0.2968
1367	0.30784	0.30784	0.29491
1368	0.30593	0.30593	0.29281
1369	0.30392	0.30392	0.29072
1370	0.30171	0.30171	0.28864
1371	0.29936	0.29936	0.28642
1372	0.29697	0.29697	0.28394
1373	0.29446	0.29446	0.28132
1374	0.29174	0.29174	0.27856
1375	0.28875	0.28875	0.27559
1376	0.28558	0.28558	0.27235
1377	0.28226	0.28226	0.26891
1378	0.27869	0.27869	0.26531
1379	0.2748	0.2748	0.26146
1380	0.27068	0.27068	0.25725
1381	0.26644	0.26644	0.25273
1382	0.26205	0.26205	0.24804
1383	0.25739	0.25739	0.24323
1384	0.25247	0.25247	0.23829
1385	0.24745	0.24745	0.23314
1386	0.24238	0.24238	0.22785
1387	0.23722	0.23722	0.22247
1388	0.23194	0.23194	0.21699
1389	0.22653	0.22653	0.21145
1390	0.22108	0.22108	0.20588
1391	0.21572	0.21572	0.20029
1392	0.21039	0.21039	0.19468
1393	0.20498	0.20498	0.18904
1394	0.19957	0.19957	0.18339
1395	0.19433	0.19433	0.17781
1396	0.18918	0.18918	0.17232
1397	0.18401	0.18401	0.16691
1398	0.17896	0.17896	0.16156
1399	0.17415	0.17415	0.15641
1400	0.1695	0.1695	0.15152
1401	0.16497	0.16497	0.14686
1402	0.16061	0.16061	0.14243
1403	0.15648	0.15648	0.13819
1404	0.15256	0.15256	0.1341
1405	0.14881	0.14881	0.13016
1406	0.14521	0.14521	0.12646
1407	0.14179	0.14179	0.12298
1408	0.1386	0.1386	0.11975
1409	0.13568	0.13568	0.11672
1410	0.13296	0.13296	0.11382
1411	0.13038	0.13038	0.11095
1412	0.128	0.128	0.10827
1413	0.12583	0.12583	0.10582
1414	0.12379	0.12379	0.10356
1415	0.12182	0.12182	0.1014
1416	0.11996	0.11996	0.099386
1417	0.11825	0.11825	0.097586
1418	0.11666	0.11666	0.096013
1419	0.11516	0.11516	0.09449
1420	0.11374	0.11374	0.093024
1421	0.11241	0.11241	0.091609
1422	0.11115	0.11115	0.090293
1423	0.10995	0.10995	0.089068
1424	0.10881	0.10881	0.087923
1425	0.10776	0.10776	0.086859
1426	0.10681	0.10681	0.085946
1427	0.10595	0.10595	0.08511
1428	0.1052	0.1052	0.084264
1429	0.10451	0.10451	0.083492
1430	0.10387	0.10387	0.082823
1431	0.10327	0.10327	0.082238
1432	0.10265	0.10265	0.08177
1433	0.10204	0.10204	0.081443
1434	0.1015	0.1015	0.081067
1435	0.10105	0.10105	0.080643
1436	0.10067	0.10067	0.080327
1437	0.10034	0.10034	0.079989
1438	0.10002	0.10002	0.079675
1439	0.099703	0.099703	0.079385
1440	0.099397	0.099397	0.079191
1441	0.099134	0.099134	0.079052
1442	0.09896	0.09896	0.078811
1443	0.09884	0.09884	0.078622
1444	0.098758	0.098758	0.078444
1445	0.098692	0.098692	0.078286
1446	0.098643	0.098643	0.078128
1447	0.098603	0.098603	0.078039
1448	0.098589	0.098589	0.077973
1449	0.098587	0.098587	0.077963
1450	0.098564	0.098564	0.077944
1451	0.098437	0.098437	0.077842
1452	0.098487	0.098487	0.077892
1453	0.098543	0.098543	0.078001
1454	0.098624	0.098624	0.078108
1455	0.098729	0.098729	0.078222
1456	0.098852	0.098852	0.07836
1457	0.098991	0.098991	0.078566
1458	0.099163	0.099163	0.078779
1459	0.099366	0.099366	0.078961
1460	0.099574	0.099574	0.079198
1461	0.099809	0.099809	0.079446
1462	0.10007	0.10007	0.079766
1463	0.10035	0.10035	0.080131
1464	0.10065	0.10065	0.080526
1465	0.10102	0.10102	0.080898
1466	0.10142	0.10142	0.081338
1467	0.10184	0.10184	0.081844
1468	0.10227	0.10227	0.08235
1469	0.10271	0.10271	0.082888
1470	0.10319	0.10319	0.083485
1471	0.10371	0.10371	0.084126
1472	0.10427	0.10427	0.084777
1473	0.10486	0.10486	0.085427
1474	0.10545	0.10545	0.086107
1475	0.10606	0.10606	0.086787
1476	0.1067	0.1067	0.087533
1477	0.10737	0.10737	0.088281
1478	0.10807	0.10807	0.08905
1479	0.10881	0.10881	0.089831
1480	0.10957	0.10957	0.090647
1481	0.11033	0.11033	0.091497
1482	0.11111	0.11111	0.09236
1483	0.11193	0.11193	0.093216
1484	0.11279	0.11279	0.09407
1485	0.11366	0.11366	0.094949
1486	0.11451	0.11451	0.095875
1487	0.11536	0.11536	0.096863
1488	0.11625	0.11625	0.097832
1489	0.11716	0.11716	0.098811
1490	0.11805	0.11805	0.099845
1491	0.11895	0.11895	0.10084
1492	0.11988	0.11988	0.10186
1493	0.12081	0.12081	0.10292
1494	0.12173	0.12173	0.10397
1495	0.12266	0.12266	0.10505
1496	0.12365	0.12365	0.1061
1497	0.12464	0.12464	0.10714
1498	0.12557	0.12557	0.10817
1499	0.12648	0.12648	0.10922
1500	0.12745	0.12745	0.11024
1501	0.12845	0.12845	0.11128
1502	0.1294	0.1294	0.11233
1503	0.13034	0.13034	0.11339
1504	0.13129	0.13129	0.11449
1505	0.13228	0.13228	0.11558
1506	0.13326	0.13326	0.11672
1507	0.13422	0.13422	0.11785
1508	0.1352	0.1352	0.11897
1509	0.13621	0.13621	0.12008
1510	0.13721	0.13721	0.12118
1511	0.13818	0.13818	0.12229
1512	0.13914	0.13914	0.12338
1513	0.14011	0.14011	0.1245
1514	0.14108	0.14108	0.12563
1515	0.14205	0.14205	0.12673
1516	0.14302	0.14302	0.12783
1517	0.14399	0.14399	0.12893
1518	0.14496	0.14496	0.12999
1519	0.14594	0.14594	0.13106
1520	0.14691	0.14691	0.13215
1521	0.1479	0.1479	0.13319
1522	0.14888	0.14888	0.13424
1523	0.14985	0.14985	0.13529
1524	0.15082	0.15082	0.13633
1525	0.15176	0.15176	0.13736
1526	0.15271	0.15271	0.13839
1527	0.15367	0.15367	0.13941
1528	0.15461	0.15461	0.14042
1529	0.15552	0.15552	0.14143
1530	0.15644	0.15644	0.14244
1531	0.15739	0.15739	0.14345
1532	0.15833	0.15833	0.14445
1533	0.15923	0.15923	0.14547
1534	0.16012	0.16012	0.14652
1535	0.16106	0.16106	0.1475
1536	0.16201	0.16201	0.14849
1537	0.16292	0.16292	0.14947
1538	0.16381	0.16381	0.15041
1539	0.16472	0.16472	0.15137
1540	0.16562	0.16562	0.15226
1541	0.16644	0.16644	0.15319
1542	0.16723	0.16723	0.15412
1543	0.16806	0.16806	0.15505
1544	0.16893	0.16893	0.15597
1545	0.16975	0.16975	0.15691
1546	0.17053	0.17053	0.15788
1547	0.17135	0.17135	0.15884
1548	0.17219	0.17219	0.15978
1549	0.17302	0.17302	0.16069
1550	0.17383	0.17383	0.16158
1551	0.17463	0.17463	0.16247
1552	0.17544	0.17544	0.16339
1553	0.17623	0.17623	0.1643
1554	0.17701	0.17701	0.16519
1555	0.17779	0.17779	0.16608
1556	0.17859	0.17859	0.16697
1557	0.17938	0.17938	0.16786
1558	0.18017	0.18017	0.16872
1559	0.18097	0.18097	0.16958
1560	0.18176	0.18176	0.17044
1561	0.18254	0.18254	0.17127
1562	0.1833	0.1833	0.17209
1563	0.18408	0.18408	0.17292
1564	0.18488	0.18488	0.17377
1565	0.18568	0.18568	0.1746
1566	0.18643	0.18643	0.17544
1567	0.18719	0.18719	0.17625
1568	0.18797	0.18797	0.17708
1569	0.18876	0.18876	0.17791
1570	0.18952	0.18952	0.1787
1571	0.19025	0.19025	0.17947
1572	0.19101	0.19101	0.18024
1573	0.19179	0.19179	0.18104
1574	0.19253	0.19253	0.18185
1575	0.19323	0.19323	0.18265
1576	0.19394	0.19394	0.18345
1577	0.19465	0.19465	0.18427
1578	0.19535	0.19535	0.18505
1579	0.19604	0.19604	0.18581
1580	0.19675	0.19675	0.18661
1581	0.19744	0.19744	0.18742
1582	0.19807	0.19807	0.18817
1583	0.1987	0.1987	0.18893
1584	0.19937	0.19937	0.1897
1585	0.20004	0.20004	0.19049
1586	0.20068	0.20068	0.19128
1587	0.20133	0.20133	0.19205
1588	0.20201	0.20201	0.19287
1589	0.2027	0.2027	0.19367
1590	0.20336	0.20336	0.19444
1591	0.20401	0.20401	0.1952
1592	0.20467	0.20467	0.19595
1593	0.20533	0.20533	0.19669
1594	0.20599	0.20599	0.19743
1595	0.20661	0.20661	0.19822
1596	0.20723	0.20723	0.19902
1597	0.20785	0.20785	0.19978
1598	0.20848	0.20848	0.20049
1599	0.20913	0.20913	0.20124
1600	0.20978	0.20978	0.20201
1601	0.21044	0.21044	0.20275
1602	0.21111	0.21111	0.20344
1603	0.21177	0.21177	0.20417
1604	0.21242	0.21242	0.20491
1605	0.21309	0.21309	0.20563
1606	0.21378	0.21378	0.20635
1607	0.21444	0.21444	0.2071
1608	0.21508	0.21508	0.20782
1609	0.21571	0.21571	0.20851
1610	0.21634	0.21634	0.2092
1611	0.21699	0.21699	0.20986
1612	0.21762	0.21762	0.21052
1613	0.21822	0.21822	0.21117
1614	0.21878	0.21878	0.21185
1615	0.21938	0.21938	0.21256
1616	0.22002	0.22002	0.21327
1617	0.22063	0.22063	0.21395
1618	0.2212	0.2212	0.21464
1619	0.2218	0.2218	0.21534
1620	0.2224	0.2224	0.21604
1621	0.22295	0.22295	0.21669
1622	0.22346	0.22346	0.2173
1623	0.22402	0.22402	0.21793
1624	0.22459	0.22459	0.21859
1625	0.2251	0.2251	0.21918
1626	0.22557	0.22557	0.21975
1627	0.22607	0.22607	0.22034
1628	0.22657	0.22657	0.22091
1629	0.22703	0.22703	0.22148
1630	0.22749	0.22749	0.22202
1631	0.22796	0.22796	0.2226
1632	0.2284	0.2284	0.22318
1633	0.22882	0.22882	0.22368
1634	0.22924	0.22924	0.22413
1635	0.22965	0.22965	0.22462
1636	0.23005	0.23005	0.22511
1637	0.23042	0.23042	0.22558
1638	0.23075	0.23075	0.22603
1639	0.23105	0.23105	0.22648
1640	0.23136	0.23136	0.22688
1641	0.23166	0.23166	0.22724
1642	0.23194	0.23194	0.22758
1643	0.23224	0.23224	0.22789
1644	0.23255	0.23255	0.22812
1645	0.23278	0.23278	0.22837
1646	0.23294	0.23294	0.22863
1647	0.23312	0.23312	0.22886
1648	0.23329	0.23329	0.22907
1649	0.23344	0.23344	0.22928
1650	0.23357	0.23357	0.22947
1651	0.23366	0.23366	0.22963
1652	0.23374	0.23374	0.22978
1653	0.23382	0.23382	0.2299
1654	0.23387	0.23387	0.23002
1655	0.23391	0.23391	0.2301
1656	0.23391	0.23391	0.23023
1657	0.23393	0.23393	0.23036
1658	0.23396	0.23396	0.23046
1659	0.23404	0.23404	0.23054
1660	0.23409	0.23409	0.2306
1661	0.23408	0.23408	0.23065
1662	0.23403	0.23403	0.23068
1663	0.234	0.234	0.23065
1664	0.23399	0.23399	0.23061
1665	0.23399	0.23399	0.23059
1666	0.23396	0.23396	0.2306
1667	0.23391	0.23391	0.23063
1668	0.23383	0.23383	0.23063
1669	0.23374	0.23374	0.23062
1670	0.23367	0.23367	0.23061
1671	0.23361	0.23361	0.23061
1672	0.23354	0.23354	0.23063
1673	0.23347	0.23347	0.23064
1674	0.23336	0.23336	0.23071
1675	0.23322	0.23322	0.23082
1676	0.23311	0.23311	0.23082
1677	0.233	0.233	0.23075
1678	0.23287	0.23287	0.23069
1679	0.23269	0.23269	0.2307
1680	0.23249	0.23249	0.23068
1681	0.23229	0.23229	0.23062
1682	0.23208	0.23208	0.23053
1683	0.23186	0.23186	0.23041
1684	0.23164	0.23164	0.23028
1685	0.2314	0.2314	0.23013
1686	0.23114	0.23114	0.22993
1687	0.23085	0.23085	0.2297
1688	0.23054	0.23054	0.22945
1689	0.23017	0.23017	0.22926
1690	0.22984	0.22984	0.22901
1691	0.22954	0.22954	0.22873
1692	0.22915	0.22915	0.22843
1693	0.22868	0.22868	0.22814
1694	0.22825	0.22825	0.22781
1695	0.22784	0.22784	0.22745
1696	0.22744	0.22744	0.22706
1697	0.22706	0.22706	0.22664
1698	0.22663	0.22663	0.22628
1699	0.22618	0.22618	0.22592
1700	0.22572	0.22572	0.22551
1701	0.22528	0.22528	0.22506
1702	0.22482	0.22482	0.2246
1703	0.22432	0.22432	0.22415
1704	0.22378	0.22378	0.22368
1705	0.22327	0.22327	0.2232
1706	0.2228	0.2228	0.22274
1707	0.22234	0.22234	0.2223
1708	0.22184	0.22184	0.22189
1709	0.22132	0.22132	0.22148
1710	0.22081	0.22081	0.22101
1711	0.22028	0.22028	0.22056
1712	0.21977	0.21977	0.2201
1713	0.2193	0.2193	0.21966
1714	0.21888	0.21888	0.21921
1715	0.21843	0.21843	0.21877
1716	0.21794	0.21794	0.21836
1717	0.21747	0.21747	0.21793
1718	0.21701	0.21701	0.21754
1719	0.21663	0.21663	0.21713
1720	0.21627	0.21627	0.21668
1721	0.21585	0.21585	0.21626
1722	0.21541	0.21541	0.21584
1723	0.21502	0.21502	0.21545
1724	0.21465	0.21465	0.21504
1725	0.21425	0.21425	0.2146
1726	0.21382	0.21382	0.21414
1727	0.21341	0.21341	0.21372
1728	0.21302	0.21302	0.21331
1729	0.21263	0.21263	0.21288
1730	0.21223	0.21223	0.21244
1731	0.21181	0.21181	0.21204
1732	0.2114	0.2114	0.21162
1733	0.21097	0.21097	0.21118
1734	0.21054	0.21054	0.21073
1735	0.21012	0.21012	0.21027
1736	0.20967	0.20967	0.20979
1737	0.20923	0.20923	0.20933
1738	0.20884	0.20884	0.20886
1739	0.20846	0.20846	0.20836
1740	0.20806	0.20806	0.20782
1741	0.20757	0.20757	0.20729
1742	0.20701	0.20701	0.20681
1743	0.20646	0.20646	0.2063
1744	0.20592	0.20592	0.20575
1745	0.20536	0.20536	0.20519
1746	0.20479	0.20479	0.20465
1747	0.20422	0.20422	0.2041
1748	0.20364	0.20364	0.20354
1749	0.20304	0.20304	0.20298
1750	0.20244	0.20244	0.20241
1751	0.20182	0.20182	0.20182
1752	0.20123	0.20123	0.2012
1753	0.20068	0.20068	0.20057
1754	0.20016	0.20016	0.19995
1755	0.19962	0.19962	0.19941
1756	0.19914	0.19914	0.19886
1757	0.19874	0.19874	0.19829
1758	0.19827	0.19827	0.19773
1759	0.19774	0.19774	0.19718
1760	0.19726	0.19726	0.19665
1761	0.19683	0.19683	0.1961
1762	0.19636	0.19636	0.19561
1763	0.19592	0.19592	0.19517
1764	0.19547	0.19547	0.19471
1765	0.19499	0.19499	0.1942
1766	0.19457	0.19457	0.19369
1767	0.19419	0.19419	0.19321
1768	0.19378	0.19378	0.1927
1769	0.19337	0.19337	0.19226
1770	0.19307	0.19307	0.19192
1771	0.19278	0.19278	0.19157
1772	0.19247	0.19247	0.19116
1773	0.19217	0.19217	0.19079
1774	0.19189	0.19189	0.19048
1775	0.19164	0.19164	0.19017
1776	0.19145	0.19145	0.18983
1777	0.19124	0.19124	0.18956
1778	0.19102	0.19102	0.18938
1779	0.19095	0.19095	0.18931
1780	0.19077	0.19077	0.18918
1781	0.1906	0.1906	0.18905
1782	0.19055	0.19055	0.18898
1783	0.19056	0.19056	0.18891
1784	0.19051	0.19051	0.18885
1785	0.19043	0.19043	0.18883
1786	0.19034	0.19034	0.18885
1787	0.19024	0.19024	0.1889
1788	0.19019	0.19019	0.18886
1789	0.19019	0.19019	0.18877
1790	0.19012	0.19012	0.18872
1791	0.18993	0.18993	0.18865
1792	0.18968	0.18968	0.18861
1793	0.18964	0.18964	0.18858
1794	0.18979	0.18979	0.18857
1795	0.18997	0.18997	0.18857
1796	0.19018	0.19018	0.18858
1797	0.19041	0.19041	0.18858
1798	0.19065	0.19065	0.1886
1799	0.19093	0.19093	0.18863
1800	0.19127	0.19127	0.18869
1801	0.1916	0.1916	0.18875
1802	0.19184	0.19184	0.18878
1803	0.19207	0.19207	0.18881
1804	0.19229	0.19229	0.18885
1805	0.19246	0.19246	0.1889
1806	0.19266	0.19266	0.18899
1807	0.19295	0.19295	0.18907
1808	0.19322	0.19322	0.18911
1809	0.19338	0.19338	0.18915
1810	0.1935	0.1935	0.1892
1811	0.19359	0.19359	0.18934
1812	0.19368	0.19368	0.18953
1813	0.19375	0.19375	0.18973
1814	0.19377	0.19377	0.18985
1815	0.19373	0.19373	0.1899
1816	0.1937	0.1937	0.18997
1817	0.19369	0.19369	0.19016
1818	0.19366	0.19366	0.19036
1819	0.19361	0.19361	0.19055
1820	0.19355	0.19355	0.19072
1821	0.19347	0.19347	0.19091
1822	0.19343	0.19343	0.19115
1823	0.19346	0.19346	0.1914
1824	0.19343	0.19343	0.19154
1825	0.19355	0.19355	0.19175
1826	0.19366	0.19366	0.19197
1827	0.19361	0.19361	0.19213
1828	0.19341	0.19341	0.19222
1829	0.19317	0.19317	0.1922
1830	0.19294	0.19294	0.19214
1831	0.19282	0.19282	0.19208
1832	0.1928	0.1928	0.19195
1833	0.1927	0.1927	0.19178
1834	0.19248	0.19248	0.19162
1835	0.19221	0.19221	0.19139
1836	0.19202	0.19202	0.1911
1837	0.19194	0.19194	0.19069
1838	0.19172	0.19172	0.19018
1839	0.19136	0.19136	0.18958
1840	0.19099	0.19099	0.18886
1841	0.19057	0.19057	0.18809
1842	0.19002	0.19002	0.18737
1843	0.18935	0.18935	0.18665
1844	0.18865	0.18865	0.18585
1845	0.18785	0.18785	0.18489
1846	0.18695	0.18695	0.18384
1847	0.18603	0.18603	0.18273
1848	0.18503	0.18503	0.18154
1849	0.18389	0.18389	0.18021
1850	0.18262	0.18262	0.17876
1851	0.18115	0.18115	0.1771
1852	0.17945	0.17945	0.17528
1853	0.17753	0.17753	0.17329
1854	0.17545	0.17545	0.17113
1855	0.1733	0.1733	0.16888
1856	0.17107	0.17107	0.16645
1857	0.16863	0.16863	0.16383
1858	0.16595	0.16595	0.16106
1859	0.16317	0.16317	0.15813
1860	0.16037	0.16037	0.15511
1861	0.15751	0.15751	0.15199
1862	0.15455	0.15455	0.14867
1863	0.1515	0.1515	0.14516
1864	0.14827	0.14827	0.14159
1865	0.14487	0.14487	0.13791
1866	0.14139	0.14139	0.13419
1867	0.13787	0.13787	0.13031
1868	0.13437	0.13437	0.12631
1869	0.13079	0.13079	0.12221
1870	0.12709	0.12709	0.11804
1871	0.12333	0.12333	0.11385
1872	0.11961	0.11961	0.10961
1873	0.11596	0.11596	0.10525
1874	0.11237	0.11237	0.10095
1875	0.10888	0.10888	0.096743
1876	0.10538	0.10538	0.09255
1877	0.10178	0.10178	0.08836
1878	0.098173	0.098173	0.084205
1879	0.094615	0.094615	0.0801
1880	0.091151	0.091151	0.07612
1881	0.087781	0.087781	0.072168
1882	0.084459	0.084459	0.068289
1883	0.081213	0.081213	0.064555
1884	0.078022	0.078022	0.06105
1885	0.074864	0.074864	0.057793
1886	0.071905	0.071905	0.054698
1887	0.069259	0.069259	0.051681
1888	0.066889	0.066889	0.048844
1889	0.064633	0.064633	0.046233
1890	0.062439	0.062439	0.043749
1891	0.060295	0.060295	0.041311
1892	0.058258	0.058258	0.038998
1893	0.056444	0.056444	0.036873
1894	0.054805	0.054805	0.034891
1895	0.05314	0.05314	0.033015
1896	0.051472	0.051472	0.031327
1897	0.050014	0.050014	0.029824
1898	0.048811	0.048811	0.028523
1899	0.047777	0.047777	0.027363
1900	0.046759	0.046759	0.026247
1901	0.045728	0.045728	0.025254
1902	0.044821	0.044821	0.024412
1903	0.044106	0.044106	0.023718
1904	0.043498	0.043498	0.023106
1905	0.042861	0.042861	0.02256
1906	0.042164	0.042164	0.021983
1907	0.04147	0.04147	0.021453
1908	0.040873	0.040873	0.021013
1909	0.040474	0.040474	0.020579
1910	0.040106	0.040106	0.020241
1911	0.039708	0.039708	0.019929
1912	0.039368	0.039368	0.019618
1913	0.0391	0.0391	0.019333
1914	0.038867	0.038867	0.0191
1915	0.038703	0.038703	0.018946
1916	0.038615	0.038615	0.018764
1917	0.038454	0.038454	0.018625
1918	0.038247	0.038247	0.018582
1919	0.038158	0.038158	0.018587
1920	0.038117	0.038117	0.018577
1921	0.038007	0.038007	0.01849
1922	0.037867	0.037867	0.018401
1923	0.037754	0.037754	0.018331
1924	0.037635	0.037635	0.018266
1925	0.03748	0.03748	0.018119
1926	0.037328	0.037328	0.017924
1927	0.037213	0.037213	0.017769
1928	0.037127	0.037127	0.017768
1929	0.037138	0.037138	0.017803
1930	0.03731	0.03731	0.017797
1931	0.037498	0.037498	0.017778
1932	0.037529	0.037529	0.017834
1933	0.037445	0.037445	0.017861
1934	0.037441	0.037441	0.017862
1935	0.037599	0.037599	0.017895
1936	0.037788	0.037788	0.018012
1937	0.037857	0.037857	0.018118
1938	0.037774	0.037774	0.018199
1939	0.03766	0.03766	0.018376
1940	0.037714	0.037714	0.018653
1941	0.037893	0.037893	0.019018
1942	0.038015	0.038015	0.019403
1943	0.038111	0.038111	0.019678
1944	0.038251	0.038251	0.019863
1945	0.038408	0.038408	0.020136
1946	0.038559	0.038559	0.020467
1947	0.038744	0.038744	0.020749
1948	0.038979	0.038979	0.020915
1949	0.039191	0.039191	0.021047
1950	0.039366	0.039366	0.021144
1951	0.039543	0.039543	0.021338
1952	0.039752	0.039752	0.02161
1953	0.0399	0.0399	0.021949
1954	0.039995	0.039995	0.022242
1955	0.040164	0.040164	0.022504
1956	0.040369	0.040369	0.022774
1957	0.040558	0.040558	0.023111
1958	0.040842	0.040842	0.023433
1959	0.041187	0.041187	0.023751
1960	0.041437	0.041437	0.024052
1961	0.041574	0.041574	0.024446
1962	0.041857	0.041857	0.024824
1963	0.042423	0.042423	0.025189
1964	0.043074	0.043074	0.025513
1965	0.043602	0.043602	0.025808
1966	0.04407	0.04407	0.026141
1967	0.044558	0.044558	0.026477
1968	0.045051	0.045051	0.02678
1969	0.045465	0.045465	0.027022
1970	0.045785	0.045785	0.027248
1971	0.046051	0.046051	0.027554
1972	0.046315	0.046315	0.027933
1973	0.046617	0.046617	0.028274
1974	0.046889	0.046889	0.028632
1975	0.047069	0.047069	0.028992
1976	0.047257	0.047257	0.029318
1977	0.047559	0.047559	0.029627
1978	0.04787	0.04787	0.030037
1979	0.048056	0.048056	0.030477
1980	0.048136	0.048136	0.030857
1981	0.048245	0.048245	0.031164
1982	0.048472	0.048472	0.03154
1983	0.048778	0.048778	0.031986
1984	0.049096	0.049096	0.03247
1985	0.049438	0.049438	0.032975
1986	0.049815	0.049815	0.033386
1987	0.050171	0.050171	0.033668
1988	0.050519	0.050519	0.033977
1989	0.050939	0.050939	0.034393
1990	0.051391	0.051391	0.034777
1991	0.051717	0.051717	0.035063
1992	0.051949	0.051949	0.035281
1993	0.052302	0.052302	0.035562
1994	0.052798	0.052798	0.035904
1995	0.053162	0.053162	0.036232
1996	0.05339	0.05339	0.036494
1997	0.053783	0.053783	0.036724
1998	0.054414	0.054414	0.036922
1999	0.055028	0.055028	0.037212
2000	0.055498	0.055498	0.037562
2001	0.056042	0.056042	0.037953
2002	0.056734	0.056734	0.038383
2003	0.057346	0.057346	0.038861
2004	0.057805	0.057805	0.039409
2005	0.058309	0.058309	0.040013
2006	0.059091	0.059091	0.040663
2007	0.059995	0.059995	0.041325
2008	0.060462	0.060462	0.041842
2009	0.060456	0.060456	0.042276
2010	0.060526	0.060526	0.042857
2011	0.060847	0.060847	0.043494
2012	0.061245	0.061245	0.044059
2013	0.061543	0.061543	0.044611
2014	0.061799	0.061799	0.045186
2015	0.061996	0.061996	0.045844
2016	0.062131	0.062131	0.046517
2017	0.062247	0.062247	0.04713
2018	0.062319	0.062319	0.047704
2019	0.062377	0.062377	0.048316
2020	0.062447	0.062447	0.049002
2021	0.062497	0.062497	0.049706
2022	0.062545	0.062545	0.050401
2023	0.062779	0.062779	0.050972
2024	0.063191	0.063191	0.051408
2025	0.063567	0.063567	0.051812
2026	0.063865	0.063865	0.052206
2027	0.064125	0.064125	0.052596
2028	0.064342	0.064342	0.053045
2029	0.064481	0.064481	0.053421
2030	0.06453	0.06453	0.05375
2031	0.064599	0.064599	0.054149
2032	0.06484	0.06484	0.054558
2033	0.065163	0.065163	0.054869
2034	0.06539	0.06539	0.055053
2035	0.065563	0.065563	0.055262
2036	0.06595	0.06595	0.055434
2037	0.06655	0.06655	0.055532
2038	0.067021	0.067021	0.055598
2039	0.067223	0.067223	0.055741
2040	0.067466	0.067466	0.055928
2041	0.068006	0.068006	0.056086
2042	0.068545	0.068545	0.056224
2043	0.068738	0.068738	0.056368
2044	0.068791	0.068791	0.056562
2045	0.06905	0.06905	0.056842
2046	0.069404	0.069404	0.057094
2047	0.069631	0.069631	0.057403
2048	0.069776	0.069776	0.057869
2049	0.069956	0.069956	0.058363
2050	0.070149	0.070149	0.05883
2051	0.070179	0.070179	0.059244
2052	0.069999	0.069999	0.059696
2053	0.069953	0.069953	0.060296
2054	0.070283	0.070283	0.060908
2055	0.070836	0.070836	0.061425
2056	0.071307	0.071307	0.061888
2057	0.071586	0.071586	0.062431
2058	0.071754	0.071754	0.063042
2059	0.071868	0.071868	0.063607
2060	0.072064	0.072064	0.064116
2061	0.072324	0.072324	0.064667
2062	0.072498	0.072498	0.065303
2063	0.072631	0.072631	0.065896
2064	0.072838	0.072838	0.066124
2065	0.073124	0.073124	0.066083
2066	0.073433	0.073433	0.066008
2067	0.073774	0.073774	0.0659
2068	0.074134	0.074134	0.065698
2069	0.074425	0.074425	0.065487
2070	0.074741	0.074741	0.065525
2071	0.075097	0.075097	0.065887
2072	0.075539	0.075539	0.06634
2073	0.076211	0.076211	0.066641
2074	0.076931	0.076931	0.066826
2075	0.077412	0.077412	0.067025
2076	0.077767	0.077767	0.067253
2077	0.078236	0.078236	0.067577
2078	0.078721	0.078721	0.067956
2079	0.079021	0.079021	0.068245
2080	0.079205	0.079205	0.068416
2081	0.079427	0.079427	0.068605
2082	0.079653	0.079653	0.068815
2083	0.079873	0.079873	0.069011
2084	0.080172	0.080172	0.069148
2085	0.080456	0.080456	0.06929
2086	0.080557	0.080557	0.069484
2087	0.080784	0.080784	0.069784
2088	0.081411	0.081411	0.070317
2089	0.082089	0.082089	0.071015
2090	0.082406	0.082406	0.071666
2091	0.082596	0.082596	0.072385
2092	0.082885	0.082885	0.073295
2093	0.083305	0.083305	0.074229
2094	0.083872	0.083872	0.074959
2095	0.084397	0.084397	0.075579
2096	0.084604	0.084604	0.076397
2097	0.084622	0.084622	0.077302
2098	0.084737	0.084737	0.077981
2099	0.084888	0.084888	0.078471
2100	0.084765	0.084765	0.079008
2101	0.084349	0.084349	0.07975
2102	0.083667	0.083667	0.08056
2103	0.082835	0.082835	0.081092
2104	0.082087	0.082087	0.081339
2105	0.081405	0.081405	0.081549
2106	0.080644	0.080644	0.081736
2107	0.079942	0.079942	0.081768
2108	0.079474	0.079474	0.081755
2109	0.079239	0.079239	0.081995
2110	0.079315	0.079315	0.082414
2111	0.079682	0.079682	0.082863
2112	0.08011	0.08011	0.083297
2113	0.08032	0.08032	0.083933
2114	0.080464	0.080464	0.084743
2115	0.080703	0.080703	0.085364
2116	0.080946	0.080946	0.085731
2117	0.080888	0.080888	0.085978
2118	0.080501	0.080501	0.086259
2119	0.080438	0.080438	0.086827
2120	0.080953	0.080953	0.087625
2121	0.081514	0.081514	0.088379
2122	0.081849	0.081849	0.08889
2123	0.082212	0.082212	0.089117
2124	0.082916	0.082916	0.089264
2125	0.083784	0.083784	0.089556
2126	0.084308	0.084308	0.090035
2127	0.084571	0.084571	0.090566
2128	0.084948	0.084948	0.091189
2129	0.085425	0.085425	0.091889
2130	0.085972	0.085972	0.092463
2131	0.086762	0.086762	0.092915
2132	0.087699	0.087699	0.093331
2133	0.088445	0.088445	0.09373
2134	0.088903	0.088903	0.094239
2135	0.089375	0.089375	0.09484
2136	0.089923	0.089923	0.09534
2137	0.090429	0.090429	0.095576
2138	0.090608	0.090608	0.095657
2139	0.09035	0.09035	0.095853
2140	0.089993	0.089993	0.096142
2141	0.089857	0.089857	0.096233
2142	0.08975	0.08975	0.096034
2143	0.089458	0.089458	0.095791
2144	0.089197	0.089197	0.095668
2145	0.089129	0.089129	0.095573
2146	0.089129	0.089129	0.095324
2147	0.089279	0.089279	0.094918
2148	0.0898	0.0898	0.094755
2149	0.09045	0.09045	0.09507
2150	0.090978	0.090978	0.095492
2151	0.091528	0.091528	0.095633
2152	0.09231	0.09231	0.095603
2153	0.093554	0.093554	0.095587
2154	0.094971	0.094971	0.095597
2155	0.09593	0.09593	0.095582
2156	0.096408	0.096408	0.095564
2157	0.09691	0.09691	0.095749
2158	0.097715	0.097715	0.096029
2159	0.098493	0.098493	0.096162
2160	0.098959	0.098959	0.096238
2161	0.099249	0.099249	0.096474
2162	0.099728	0.099728	0.096899
2163	0.10045	0.10045	0.09732
2164	0.10095	0.10095	0.097601
2165	0.10118	0.10118	0.097705
2166	0.10144	0.10144	0.097737
2167	0.10173	0.10173	0.097949
2168	0.10185	0.10185	0.098401
2169	0.10172	0.10172	0.099079
2170	0.10157	0.10157	0.099852
2171	0.10167	0.10167	0.10067
2172	0.10192	0.10192	0.10153
2173	0.10201	0.10201	0.10219
2174	0.10205	0.10205	0.10243
2175	0.1023	0.1023	0.1026
2176	0.10263	0.10263	0.10314
2177	0.1027	0.1027	0.10385
2178	0.10248	0.10248	0.10433
2179	0.10233	0.10233	0.10435
2180	0.10225	0.10225	0.10419
2181	0.10201	0.10201	0.10416
2182	0.10161	0.10161	0.1041
2183	0.10134	0.10134	0.10389
2184	0.10136	0.10136	0.10369
2185	0.10149	0.10149	0.10356
2186	0.10166	0.10166	0.10329
2187	0.10203	0.10203	0.10287
2188	0.10246	0.10246	0.10267
2189	0.10269	0.10269	0.10288
2190	0.10298	0.10298	0.10315
2191	0.10356	0.10356	0.10328
2192	0.10422	0.10422	0.10348
2193	0.10459	0.10459	0.10379
2194	0.10484	0.10484	0.10395
2195	0.10535	0.10535	0.10381
2196	0.10626	0.10626	0.10362
2197	0.10726	0.10726	0.1038
2198	0.1077	0.1077	0.10432
2199	0.10765	0.10765	0.10472
2200	0.10767	0.10767	0.10495
2201	0.10789	0.10789	0.10534
2202	0.10803	0.10803	0.10581
2203	0.10791	0.10791	0.10609
2204	0.10769	0.10769	0.10629
2205	0.10754	0.10754	0.10651
2206	0.10758	0.10758	0.10654
2207	0.10785	0.10785	0.1063
2208	0.10814	0.10814	0.10609
2209	0.10825	0.10825	0.10621
2210	0.10827	0.10827	0.10661
2211	0.10851	0.10851	0.10703
2212	0.10889	0.10889	0.10726
2213	0.1092	0.1092	0.10749
2214	0.10941	0.10941	0.10776
2215	0.10944	0.10944	0.10796
2216	0.10936	0.10936	0.10796
2217	0.10917	0.10917	0.10787
2218	0.10895	0.10895	0.10778
2219	0.10868	0.10868	0.1078
2220	0.1083	0.1083	0.1079
2221	0.10773	0.10773	0.10777
2222	0.10702	0.10702	0.10749
2223	0.10628	0.10628	0.10734
2224	0.1056	0.1056	0.10738
2225	0.10517	0.10517	0.10742
2226	0.10512	0.10512	0.1074
2227	0.10517	0.10517	0.10743
2228	0.10488	0.10488	0.10753
2229	0.10443	0.10443	0.10758
2230	0.10416	0.10416	0.10762
2231	0.104	0.104	0.10761
2232	0.10359	0.10359	0.10754
2233	0.1032	0.1032	0.10737
2234	0.10322	0.10322	0.107
2235	0.10323	0.10323	0.10654
2236	0.10281	0.10281	0.10614
2237	0.10236	0.10236	0.10584
2238	0.10233	0.10233	0.10555
2239	0.10252	0.10252	0.10514
2240	0.10237	0.10237	0.10451
2241	0.10182	0.10182	0.10386
2242	0.10125	0.10125	0.10328
2243	0.10082	0.10082	0.10266
2244	0.10035	0.10035	0.10206
2245	0.099768	0.099768	0.10147
2246	0.09921	0.09921	0.10072
2247	0.098619	0.098619	0.099786
2248	0.098072	0.098072	0.098653
2249	0.097767	0.097767	0.097279
2250	0.097517	0.097517	0.09604
2251	0.097136	0.097136	0.095177
2252	0.096952	0.096952	0.094579
2253	0.097146	0.097146	0.093925
2254	0.097412	0.097412	0.092832
2255	0.097455	0.097455	0.091635
2256	0.097208	0.097208	0.090659
2257	0.096807	0.096807	0.089829
2258	0.096251	0.096251	0.088966
2259	0.095292	0.095292	0.08837
2260	0.093929	0.093929	0.08819
2261	0.092617	0.092617	0.088244
2262	0.091475	0.091475	0.088116
2263	0.09026	0.09026	0.087782
2264	0.089066	0.089066	0.087656
2265	0.088027	0.088027	0.087656
2266	0.087099	0.087099	0.087671
2267	0.086206	0.086206	0.087723
2268	0.085477	0.085477	0.0877
2269	0.084896	0.084896	0.087663
2270	0.084355	0.084355	0.087747
2271	0.083875	0.083875	0.087814
2272	0.083419	0.083419	0.087643
2273	0.083254	0.083254	0.087057
2274	0.083398	0.083398	0.086277
2275	0.083389	0.083389	0.08559
2276	0.083018	0.083018	0.085128
2277	0.082634	0.082634	0.084831
2278	0.082457	0.082457	0.084603
2279	0.082353	0.082353	0.084473
2280	0.082299	0.082299	0.084686
2281	0.082421	0.082421	0.085143
2282	0.082602	0.082602	0.085475
2283	0.082767	0.082767	0.085229
2284	0.082961	0.082961	0.084546
2285	0.083158	0.083158	0.083747
2286	0.083334	0.083334	0.083143
2287	0.083608	0.083608	0.082769
2288	0.083951	0.083951	0.082351
2289	0.084199	0.084199	0.081712
2290	0.084285	0.084285	0.08095
2291	0.084243	0.084243	0.080158
2292	0.084321	0.084321	0.079208
2293	0.08456	0.08456	0.078204
2294	0.084663	0.084663	0.077564
2295	0.084607	0.084607	0.077178
2296	0.084686	0.084686	0.076691
2297	0.084618	0.084618	0.075868
2298	0.083972	0.083972	0.074983
2299	0.083122	0.083122	0.074384
2300	0.082345	0.082345	0.073768
2301	0.081482	0.081482	0.073149
2302	0.080541	0.080541	0.072695
2303	0.079642	0.079642	0.072671
2304	0.078736	0.078736	0.072861
2305	0.077929	0.077929	0.072625
2306	0.076986	0.076986	0.071931
2307	0.075753	0.075753	0.071441
2308	0.074866	0.074866	0.07113
2309	0.074516	0.074516	0.070355
2310	0.074274	0.074274	0.06939
2311	0.073736	0.073736	0.068377
2312	0.073229	0.073229	0.067332
2313	0.073317	0.073317	0.066692
2314	0.073809	0.073809	0.066184
2315	0.074014	0.074014	0.065273
2316	0.073362	0.073362	0.064242
2317	0.07262	0.07262	0.063763
2318	0.072565	0.072565	0.063646
2319	0.072641	0.072641	0.063538
2320	0.072405	0.072405	0.063836
2321	0.072377	0.072377	0.064538
2322	0.073005	0.073005	0.065065
2323	0.073637	0.073637	0.065207
2324	0.073509	0.073509	0.065659
2325	0.073222	0.073222	0.066539
2326	0.073294	0.073294	0.066674
2327	0.073626	0.073626	0.065874
2328	0.074004	0.074004	0.065324
2329	0.073979	0.073979	0.065431
2330	0.074012	0.074012	0.066051
2331	0.074849	0.074849	0.066713
2332	0.07602	0.07602	0.067386
2333	0.076693	0.076693	0.068093
2334	0.076516	0.076516	0.068415
2335	0.075842	0.075842	0.068282
2336	0.075523	0.075523	0.068383
2337	0.075529	0.075529	0.068938
2338	0.075103	0.075103	0.069613
2339	0.074262	0.074262	0.070028
2340	0.074072	0.074072	0.06977
2341	0.074522	0.074522	0.06906
2342	0.074308	0.074308	0.068741
2343	0.073545	0.073545	0.068664
2344	0.073194	0.073194	0.068255
2345	0.0733	0.0733	0.067689
2346	0.073245	0.073245	0.066861
2347	0.072534	0.072534	0.065983
2348	0.071912	0.071912	0.065186
2349	0.071943	0.071943	0.064186
2350	0.071846	0.071846	0.063496
2351	0.071472	0.071472	0.063057
2352	0.071321	0.071321	0.06206
2353	0.071037	0.071037	0.061172
2354	0.070079	0.070079	0.060907
2355	0.069057	0.069057	0.060614
2356	0.068474	0.068474	0.060455
2357	0.067855	0.067855	0.060688
2358	0.067317	0.067317	0.060763
2359	0.066773	0.066773	0.060206
2360	0.06568	0.06568	0.059274
2361	0.064967	0.064967	0.058457
2362	0.065592	0.065592	0.057607
2363	0.066728	0.066728	0.05663
2364	0.066785	0.066785	0.055421
2365	0.066164	0.066164	0.05372
2366	0.066057	0.066057	0.051727
2367	0.065868	0.065868	0.049994
2368	0.064858	0.064858	0.048828
2369	0.063744	0.063744	0.047551
2370	0.06299	0.06299	0.045356
2371	0.06276	0.06276	0.043252
2372	0.062533	0.062533	0.042077
2373	0.062421	0.062421	0.041164
2374	0.063563	0.063563	0.039598
2375	0.064989	0.064989	0.037591
2376	0.065687	0.065687	0.035826
2377	0.065949	0.065949	0.034008
2378	0.066321	0.066321	0.031921
2379	0.066835	0.066835	0.030575
2380	0.067134	0.067134	0.030281
2381	0.066788	0.066788	0.030033
2382	0.066206	0.066206	0.029708
2383	0.066687	0.066687	0.029501
2384	0.068067	0.068067	0.028802
2385	0.068655	0.068655	0.028185
2386	0.067689	0.067689	0.028842
2387	0.066872	0.066872	0.029898
2388	0.067147	0.067147	0.030509
2389	0.067295	0.067295	0.031438
2390	0.066933	0.066933	0.031978
2391	0.066887	0.066887	0.032084
2392	0.067579	0.067579	0.032574
2393	0.067932	0.067932	0.033058
2394	0.067652	0.067652	0.033113
2395	0.067483	0.067483	0.032878
2396	0.067328	0.067328	0.032798
2397	0.067554	0.067554	0.033598
2398	0.068216	0.068216	0.035497
2399	0.06919	0.06919	0.037525
2400	0.070279	0.070279	0.038567
2401	0.070925	0.070925	0.038697
2402	0.071437	0.071437	0.038706
2403	0.072237	0.072237	0.038845
2404	0.073053	0.073053	0.038687
2405	0.073343	0.073343	0.037729
2406	0.073721	0.073721	0.035867
2407	0.074104	0.074104	0.035166
2408	0.07335	0.07335	0.036036
2409	0.072737	0.072737	0.035574
2410	0.07273	0.07273	0.033883
2411	0.071743	0.071743	0.033267
2412	0.070748	0.070748	0.033793
2413	0.070657	0.070657	0.033453
2414	0.069767	0.069767	0.03161
2415	0.06888	0.06888	0.030155
2416	0.069573	0.069573	0.029596
2417	0.070889	0.070889	0.028188
2418	0.071134	0.071134	0.025477
2419	0.070804	0.070804	0.022701
2420	0.070704	0.070704	0.020618
2421	0.070267	0.070267	0.019402
2422	0.069012	0.069012	0.018403
2423	0.067236	0.067236	0.018327
2424	0.065432	0.065432	0.019089
2425	0.063327	0.063327	0.018362
2426	0.061637	0.061637	0.017021
2427	0.06159	0.06159	0.016439
2428	0.060877	0.060877	0.01524
2429	0.058434	0.058434	0.01417
2430	0.056751	0.056751	0.015049
2431	0.056462	0.056462	0.016042
2432	0.055652	0.055652	0.014677
2433	0.053179	0.053179	0.011601
2434	0.050307	0.050307	0.0077502
2435	0.048604	0.048604	0.0046069
2436	0.04797	0.04797	0.0027049
2437	0.047427	0.047427	0.0010698
2438	0.046273	0.046273	1.841e-05
2439	0.04484	0.04484	0
2440	0.044431	0.044431	0
2441	0.04629	0.04629	0
2442	0.049189	0.049189	1.2269e-05
2443	0.051172	0.051172	4.3777e-05
2444	0.052573	0.052573	0.00022434
2445	0.054276	0.054276	0.000301
2446	0.056194	0.056194	0.00016826
2447	0.058311	0.058311	0.00020048
2448	0.060903	0.060903	0.00025166
2449	0.063685	0.063685	0.0038163
2450	0.066701	0.066701	0.0085648
2451	0.070524	0.070524	0.012708
2452	0.07667	0.07667	0.016894
2453	0.083953	0.083953	0.020834
2454	0.088537	0.088537	0.023029
2455	0.090107	0.090107	0.02455
2456	0.090373	0.090373	0.026572
2457	0.088433	0.088433	0.025913
2458	0.084069	0.084069	0.021561
2459	0.081215	0.081215	0.018355
2460	0.080374	0.080374	0.018181
2461	0.078383	0.078383	0.017698
2462	0.07583	0.07583	0.016826
2463	0.07408	0.07408	0.016845
2464	0.072533	0.072533	0.018227
2465	0.070967	0.070967	0.018563
2466	0.069593	0.069593	0.017463
2467	0.068699	0.068699	0.01916
2468	0.067645	0.067645	0.021635
2469	0.063726	0.063726	0.019168
2470	0.056228	0.056228	0.015298
2471	0.049	0.049	0.014747
2472	0.044689	0.044689	0.01564
2473	0.042505	0.042505	0.011488
2474	0.038532	0.038532	0.0059619
2475	0.029742	0.029742	0.0005376
2476	0.019083	0.019083	0.00040872
2477	0.012887	0.012887	0.00026693
2478	0.010756	0.010756	0.00014977
2479	0	0	0
2480	0	0	0
