0 400
1 401
2 402
3 403
4 404
5 405
6 406
7 407
8 408
9 409
10 410
11 411
12 412
13 413
14 414
15 415
16 416
17 417
18 418
19 419
20 420
21 421
22 422
23 423
24 424
25 425
26 426
27 427
28 428
29 429
30 430
31 431
32 432
33 433
34 434
35 435
36 436
37 437
38 438
39 439
40 440
41 441
42 442
43 443
44 444
45 445
46 446
47 447
48 448
49 449
50 450
51 451
52 452
53 453
54 454
55 455
56 456
57 457
58 458
59 459
60 460
61 461
62 462
63 463
64 464
65 465
66 466
67 467
68 468
69 469
70 470
71 471
72 472
73 473
74 474
75 475
76 476
77 477
78 478
79 479
80 480
81 481
82 482
83 483
84 484
85 485
86 486
87 487
88 488
89 489
90 490
91 491
92 492
93 493
94 494
95 495
96 496
97 497
98 498
99 499
100 500
101 501
102 502
103 503
104 504
105 505
106 506
107 507
108 508
109 509
110 510
111 511
112 512
113 513
114 514
115 515
116 516
117 517
118 518
119 519
120 520
121 521
122 522
123 523
124 524
125 525
126 526
127 527
128 528
129 529
130 530
131 531
132 532
133 533
134 534
135 535
136 536
137 537
138 538
139 539
140 540
141 541
142 542
143 543
144 544
145 545
146 546
147 547
148 548
149 549
150 550
151 551
152 552
153 553
154 554
155 555
156 556
157 557
158 558
159 559
160 560
161 561
162 562
163 563
164 564
165 565
166 566
167 567
168 568
169 569
170 570
171 571
172 572
173 573
174 574
175 575
176 576
177 577
178 578
179 579
180 580
181 581
182 582
183 583
184 584
185 585
186 586
187 587
188 588
189 589
190 590
191 591
192 592
193 593
194 594
195 595
196 596
197 597
198 598
199 599
200 600
201 601
202 602
203 603
204 604
205 605
206 606
207 607
208 608
209 609
210 610
211 611
212 612
213 613
214 614
215 615
216 616
217 617
218 618
219 619
220 620
221 621
222 622
223 623
224 624
225 625
226 626
227 627
228 628
229 629
230 630
231 631
232 632
233 633
234 634
235 635
236 636
237 637
238 638
239 639
240 640
241 641
242 642
243 643
244 644
245 645
246 646
247 647
248 648
249 649
250 650
251 651
252 652
253 653
254 654
255 655
256 656
257 657
258 658
259 659
260 660
261 661
262 662
263 663
264 664
265 665
266 666
267 667
268 668
269 669
270 670
271 671
272 672
273 673
274 674
275 675
276 676
277 677
278 678
279 679
280 680
281 681
282 682
283 683
284 684
285 685
286 686
287 687
288 688
289 689
290 690
291 691
292 692
293 693
294 694
295 695
296 696
297 697
298 698
299 699
300 700
301 701
302 702
303 703
304 704
305 705
306 706
307 707
308 708
309 709
310 710
311 711
312 712
313 713
314 714
315 715
316 716
317 717
318 718
319 719
320 720
321 721
322 722
323 723
324 724
325 725
326 726
327 727
328 728
329 729
330 730
331 731
332 732
333 733
334 734
335 735
336 736
337 737
338 738
339 739
340 740
341 741
342 742
343 743
344 744
345 745
346 746
347 747
348 748
349 749
350 750
351 751
352 752
353 753
354 754
355 755
356 756
357 757
358 758
359 759
360 760
361 761
362 762
363 763
364 764
365 765
366 766
367 767
368 768
369 769
370 770
371 771
372 772
373 773
374 774
375 775
376 776
377 777
378 778
379 779
380 780
381 781
382 782
383 783
384 784
385 785
386 786
387 787
388 788
389 789
390 790
391 791
392 792
393 793
394 794
395 795
396 796
397 797
398 798
399 799
400 800
401 801
402 802
403 803
404 804
405 805
406 806
407 807
408 808
409 809
410 810
411 811
412 812
413 813
414 814
415 815
416 816
417 817
418 818
419 819
420 820
421 821
422 822
423 823
424 824
425 825
426 826
427 827
428 828
429 829
430 830
431 831
432 832
433 833
434 834
435 835
436 836
437 837
438 838
439 839
440 840
441 841
442 842
443 843
444 844
445 845
446 846
447 847
448 848
449 849
450 850
451 851
452 852
453 853
454 854
455 855
456 856
457 857
458 858
459 859
460 860
461 861
462 862
463 863
464 864
465 865
466 866
467 867
468 868
469 869
470 870
471 871
472 872
473 873
474 874
475 875
476 876
477 877
478 878
479 879
480 880
481 881
482 882
483 883
484 884
485 885
486 886
487 887
488 888
489 889
490 890
491 891
492 892
493 893
494 894
495 895
496 896
497 897
498 898
499 899
500 900
501 901
502 902
503 903
504 904
505 905
506 906
507 907
508 908
509 909
510 910
511 911
512 912
513 913
514 914
515 915
516 916
517 917
518 918
519 919
520 920
521 921
522 922
523 923
524 924
525 925
526 926
527 927
528 928
529 929
530 930
531 931
532 932
533 933
534 934
535 935
536 936
537 937
538 938
539 939
540 940
541 941
542 942
543 943
544 944
545 945
546 946
547 947
548 948
549 949
550 950
551 951
552 952
553 953
554 954
555 955
556 956
557 957
558 958
559 959
560 960
561 961
562 962
563 963
564 964
565 965
566 966
567 967
568 968
569 969
570 970
571 971
572 972
573 973
574 974
575 975
576 976
577 977
578 978
579 979
580 980
581 981
582 982
583 983
584 984
585 985
586 986
587 987
588 988
589 989
590 990
591 991
592 992
593 993
594 994
595 995
596 996
597 997
598 998
599 999
600 1000
601 1001
602 1002
603 1003
604 1004
605 1005
606 1006
607 1007
608 1008
609 1009
610 1010
611 1011
612 1012
613 1013
614 1014
615 1015
616 1016
617 1017
618 1018
619 1019
620 1020
621 1021
622 1022
623 1023
624 1024
625 1025
626 1026
627 1027
628 1028
629 1029
630 1030
631 1031
632 1032
633 1033
634 1034
635 1035
636 1036
637 1037
638 1038
639 1039
640 1040
641 1041
642 1042
643 1043
644 1044
645 1045
646 1046
647 1047
648 1048
649 1049
650 1050
651 1051
652 1052
653 1053
654 1054
655 1055
656 1056
657 1057
658 1058
659 1059
660 1060
661 1061
662 1062
663 1063
664 1064
665 1065
666 1066
667 1067
668 1068
669 1069
670 1070
671 1071
672 1072
673 1073
674 1074
675 1075
676 1076
677 1077
678 1078
679 1079
680 1080
681 1081
682 1082
683 1083
684 1084
685 1085
686 1086
687 1087
688 1088
689 1089
690 1090
691 1091
692 1092
693 1093
694 1094
695 1095
696 1096
697 1097
698 1098
699 1099
700 1100
701 1101
702 1102
703 1103
704 1104
705 1105
706 1106
707 1107
708 1108
709 1109
710 1110
711 1111
712 1112
713 1113
714 1114
715 1115
716 1116
717 1117
718 1118
719 1119
720 1120
721 1121
722 1122
723 1123
724 1124
725 1125
726 1126
727 1127
728 1128
729 1129
730 1130
731 1131
732 1132
733 1133
734 1134
735 1135
736 1136
737 1137
738 1138
739 1139
740 1140
741 1141
742 1142
743 1143
744 1144
745 1145
746 1146
747 1147
748 1148
749 1149
750 1150
751 1151
752 1152
753 1153
754 1154
755 1155
756 1156
757 1157
758 1158
759 1159
760 1160
761 1161
762 1162
763 1163
764 1164
765 1165
766 1166
767 1167
768 1168
769 1169
770 1170
771 1171
772 1172
773 1173
774 1174
775 1175
776 1176
777 1177
778 1178
779 1179
780 1180
781 1181
782 1182
783 1183
784 1184
785 1185
786 1186
787 1187
788 1188
789 1189
790 1190
791 1191
792 1192
793 1193
794 1194
795 1195
796 1196
797 1197
798 1198
799 1199
800 1200
801 1201
802 1202
803 1203
804 1204
805 1205
806 1206
807 1207
808 1208
809 1209
810 1210
811 1211
812 1212
813 1213
814 1214
815 1215
816 1216
817 1217
818 1218
819 1219
820 1220
821 1221
822 1222
823 1223
824 1224
825 1225
826 1226
827 1227
828 1228
829 1229
830 1230
831 1231
832 1232
833 1233
834 1234
835 1235
836 1236
837 1237
838 1238
839 1239
840 1240
841 1241
842 1242
843 1243
844 1244
845 1245
846 1246
847 1247
848 1248
849 1249
850 1250
851 1251
852 1252
853 1253
854 1254
855 1255
856 1256
857 1257
858 1258
859 1259
860 1260
861 1261
862 1262
863 1263
864 1264
865 1265
866 1266
867 1267
868 1268
869 1269
870 1270
871 1271
872 1272
873 1273
874 1274
875 1275
876 1276
877 1277
878 1278
879 1279
880 1280
881 1281
882 1282
883 1283
884 1284
885 1285
886 1286
887 1287
888 1288
889 1289
890 1290
891 1291
892 1292
893 1293
894 1294
895 1295
896 1296
897 1297
898 1298
899 1299
900 1300
901 1301
902 1302
903 1303
904 1304
905 1305
906 1306
907 1307
908 1308
909 1309
910 1310
911 1311
912 1312
913 1313
914 1314
915 1315
916 1316
917 1317
918 1318
919 1319
920 1320
921 1321
922 1322
923 1323
924 1324
925 1325
926 1326
927 1327
928 1328
929 1329
930 1330
931 1331
932 1332
933 1333
934 1334
935 1335
936 1336
937 1337
938 1338
939 1339
940 1340
941 1341
942 1342
943 1343
944 1344
945 1345
946 1346
947 1347
948 1348
949 1349
950 1350
951 1351
952 1352
953 1353
954 1354
955 1355
956 1356
957 1357
958 1358
959 1359
960 1360
961 1361
962 1362
963 1363
964 1364
965 1365
966 1366
967 1367
968 1368
969 1369
970 1370
971 1371
972 1372
973 1373
974 1374
975 1375
976 1376
977 1377
978 1378
979 1379
980 1380
981 1381
982 1382
983 1383
984 1384
985 1385
986 1386
987 1387
988 1388
989 1389
990 1390
991 1391
992 1392
993 1393
994 1394
995 1395
996 1396
997 1397
998 1398
999 1399
1000 1400
1001 1401
1002 1402
1003 1403
1004 1404
1005 1405
1006 1406
1007 1407
1008 1408
1009 1409
1010 1410
1011 1411
1012 1412
1013 1413
1014 1414
1015 1415
1016 1416
1017 1417
1018 1418
1019 1419
1020 1420
1021 1421
1022 1422
1023 1423
1024 1424
1025 1425
1026 1426
1027 1427
1028 1428
1029 1429
1030 1430
1031 1431
1032 1432
1033 1433
1034 1434
1035 1435
1036 1436
1037 1437
1038 1438
1039 1439
1040 1440
1041 1441
1042 1442
1043 1443
1044 1444
1045 1445
1046 1446
1047 1447
1048 1448
1049 1449
1050 1450
1051 1451
1052 1452
1053 1453
1054 1454
1055 1455
1056 1456
1057 1457
1058 1458
1059 1459
1060 1460
1061 1461
1062 1462
1063 1463
1064 1464
1065 1465
1066 1466
1067 1467
1068 1468
1069 1469
1070 1470
1071 1471
1072 1472
1073 1473
1074 1474
1075 1475
1076 1476
1077 1477
1078 1478
1079 1479
1080 1480
1081 1481
1082 1482
1083 1483
1084 1484
1085 1485
1086 1486
1087 1487
1088 1488
1089 1489
1090 1490
1091 1491
1092 1492
1093 1493
1094 1494
1095 1495
1096 1496
1097 1497
1098 1498
1099 1499
1100 1500
1101 1501
1102 1502
1103 1503
1104 1504
1105 1505
1106 1506
1107 1507
1108 1508
1109 1509
1110 1510
1111 1511
1112 1512
1113 1513
1114 1514
1115 1515
1116 1516
1117 1517
1118 1518
1119 1519
1120 1520
1121 1521
1122 1522
1123 1523
1124 1524
1125 1525
1126 1526
1127 1527
1128 1528
1129 1529
1130 1530
1131 1531
1132 1532
1133 1533
1134 1534
1135 1535
1136 1536
1137 1537
1138 1538
1139 1539
1140 1540
1141 1541
1142 1542
1143 1543
1144 1544
1145 1545
1146 1546
1147 1547
1148 1548
1149 1549
1150 1550
1151 1551
1152 1552
1153 1553
1154 1554
1155 1555
1156 1556
1157 1557
1158 1558
1159 1559
1160 1560
1161 1561
1162 1562
1163 1563
1164 1564
1165 1565
1166 1566
1167 1567
1168 1568
1169 1569
1170 1570
1171 1571
1172 1572
1173 1573
1174 1574
1175 1575
1176 1576
1177 1577
1178 1578
1179 1579
1180 1580
1181 1581
1182 1582
1183 1583
1184 1584
1185 1585
1186 1586
1187 1587
1188 1588
1189 1589
1190 1590
1191 1591
1192 1592
1193 1593
1194 1594
1195 1595
1196 1596
1197 1597
1198 1598
1199 1599
1200 1600
1201 1601
1202 1602
1203 1603
1204 1604
1205 1605
1206 1606
1207 1607
1208 1608
1209 1609
1210 1610
1211 1611
1212 1612
1213 1613
1214 1614
1215 1615
1216 1616
1217 1617
1218 1618
1219 1619
1220 1620
1221 1621
1222 1622
1223 1623
1224 1624
1225 1625
1226 1626
1227 1627
1228 1628
1229 1629
1230 1630
1231 1631
1232 1632
1233 1633
1234 1634
1235 1635
1236 1636
1237 1637
1238 1638
1239 1639
1240 1640
1241 1641
1242 1642
1243 1643
1244 1644
1245 1645
1246 1646
1247 1647
1248 1648
1249 1649
1250 1650
1251 1651
1252 1652
1253 1653
1254 1654
1255 1655
1256 1656
1257 1657
1258 1658
1259 1659
1260 1660
1261 1661
1262 1662
1263 1663
1264 1664
1265 1665
1266 1666
1267 1667
1268 1668
1269 1669
1270 1670
1271 1671
1272 1672
1273 1673
1274 1674
1275 1675
1276 1676
1277 1677
1278 1678
1279 1679
1280 1680
1281 1681
1282 1682
1283 1683
1284 1684
1285 1685
1286 1686
1287 1687
1288 1688
1289 1689
1290 1690
1291 1691
1292 1692
1293 1693
1294 1694
1295 1695
1296 1696
1297 1697
1298 1698
1299 1699
1300 1700
1301 1701
1302 1702
1303 1703
1304 1704
1305 1705
1306 1706
1307 1707
1308 1708
1309 1709
1310 1710
1311 1711
1312 1712
1313 1713
1314 1714
1315 1715
1316 1716
1317 1717
1318 1718
1319 1719
1320 1720
1321 1721
1322 1722
1323 1723
1324 1724
1325 1725
1326 1726
1327 1727
1328 1728
1329 1729
1330 1730
1331 1731
1332 1732
1333 1733
1334 1734
1335 1735
1336 1736
1337 1737
1338 1738
1339 1739
1340 1740
1341 1741
1342 1742
1343 1743
1344 1744
1345 1745
1346 1746
1347 1747
1348 1748
1349 1749
1350 1750
1351 1751
1352 1752
1353 1753
1354 1754
1355 1755
1356 1756
1357 1757
1358 1758
1359 1759
1360 1760
1361 1761
1362 1762
1363 1763
1364 1764
1365 1765
1366 1766
1367 1767
1368 1768
1369 1769
1370 1770
1371 1771
1372 1772
1373 1773
1374 1774
1375 1775
1376 1776
1377 1777
1378 1778
1379 1779
1380 1780
1381 1781
1382 1782
1383 1783
1384 1784
1385 1785
1386 1786
1387 1787
1388 1788
1389 1789
1390 1790
1391 1791
1392 1792
1393 1793
1394 1794
1395 1795
1396 1796
1397 1797
1398 1798
1399 1799
1400 1800
1401 1801
1402 1802
1403 1803
1404 1804
1405 1805
1406 1806
1407 1807
1408 1808
1409 1809
1410 1810
1411 1811
1412 1812
1413 1813
1414 1814
1415 1815
1416 1816
1417 1817
1418 1818
1419 1819
1420 1820
1421 1821
1422 1822
1423 1823
1424 1824
1425 1825
1426 1826
1427 1827
1428 1828
1429 1829
1430 1830
1431 1831
1432 1832
1433 1833
1434 1834
1435 1835
1436 1836
1437 1837
1438 1838
1439 1839
1440 1840
1441 1841
1442 1842
1443 1843
1444 1844
1445 1845
1446 1846
1447 1847
1448 1848
1449 1849
1450 1850
1451 1851
1452 1852
1453 1853
1454 1854
1455 1855
1456 1856
1457 1857
1458 1858
1459 1859
1460 1860
1461 1861
1462 1862
1463 1863
1464 1864
1465 1865
1466 1866
1467 1867
1468 1868
1469 1869
1470 1870
1471 1871
1472 1872
1473 1873
1474 1874
1475 1875
1476 1876
1477 1877
1478 1878
1479 1879
1480 1880
1481 1881
1482 1882
1483 1883
1484 1884
1485 1885
1486 1886
1487 1887
1488 1888
1489 1889
1490 1890
1491 1891
1492 1892
1493 1893
1494 1894
1495 1895
1496 1896
1497 1897
1498 1898
1499 1899
1500 1900
1501 1901
1502 1902
1503 1903
1504 1904
1505 1905
1506 1906
1507 1907
1508 1908
1509 1909
1510 1910
1511 1911
1512 1912
1513 1913
1514 1914
1515 1915
1516 1916
1517 1917
1518 1918
1519 1919
1520 1920
1521 1921
1522 1922
1523 1923
1524 1924
1525 1925
1526 1926
1527 1927
1528 1928
1529 1929
1530 1930
1531 1931
1532 1932
1533 1933
1534 1934
1535 1935
1536 1936
1537 1937
1538 1938
1539 1939
1540 1940
1541 1941
1542 1942
1543 1943
1544 1944
1545 1945
1546 1946
1547 1947
1548 1948
1549 1949
1550 1950
1551 1951
1552 1952
1553 1953
1554 1954
1555 1955
1556 1956
1557 1957
1558 1958
1559 1959
1560 1960
1561 1961
1562 1962
1563 1963
1564 1964
1565 1965
1566 1966
1567 1967
1568 1968
1569 1969
1570 1970
1571 1971
1572 1972
1573 1973
1574 1974
1575 1975
1576 1976
1577 1977
1578 1978
1579 1979
1580 1980
1581 1981
1582 1982
1583 1983
1584 1984
1585 1985
1586 1986
1587 1987
1588 1988
1589 1989
1590 1990
1591 1991
1592 1992
1593 1993
1594 1994
1595 1995
1596 1996
1597 1997
1598 1998
1599 1999
1600 2000
1601 2001
1602 2002
1603 2003
1604 2004
1605 2005
1606 2006
1607 2007
1608 2008
1609 2009
1610 2010
1611 2011
1612 2012
1613 2013
1614 2014
1615 2015
1616 2016
1617 2017
1618 2018
1619 2019
1620 2020
1621 2021
1622 2022
1623 2023
1624 2024
1625 2025
1626 2026
1627 2027
1628 2028
1629 2029
1630 2030
1631 2031
1632 2032
1633 2033
1634 2034
1635 2035
1636 2036
1637 2037
1638 2038
1639 2039
1640 2040
1641 2041
1642 2042
1643 2043
1644 2044
1645 2045
1646 2046
1647 2047
1648 2048
1649 2049
1650 2050
1651 2051
1652 2052
1653 2053
1654 2054
1655 2055
1656 2056
1657 2057
1658 2058
1659 2059
1660 2060
1661 2061
1662 2062
1663 2063
1664 2064
1665 2065
1666 2066
1667 2067
1668 2068
1669 2069
1670 2070
1671 2071
1672 2072
1673 2073
1674 2074
1675 2075
1676 2076
1677 2077
1678 2078
1679 2079
1680 2080
1681 2081
1682 2082
1683 2083
1684 2084
1685 2085
1686 2086
1687 2087
1688 2088
1689 2089
1690 2090
1691 2091
1692 2092
1693 2093
1694 2094
1695 2095
1696 2096
1697 2097
1698 2098
1699 2099
1700 2100
1701 2101
1702 2102
1703 2103
1704 2104
1705 2105
1706 2106
1707 2107
1708 2108
1709 2109
1710 2110
1711 2111
1712 2112
1713 2113
1714 2114
1715 2115
1716 2116
1717 2117
1718 2118
1719 2119
1720 2120
1721 2121
1722 2122
1723 2123
1724 2124
1725 2125
1726 2126
1727 2127
1728 2128
1729 2129
1730 2130
1731 2131
1732 2132
1733 2133
1734 2134
1735 2135
1736 2136
1737 2137
1738 2138
1739 2139
1740 2140
1741 2141
1742 2142
1743 2143
1744 2144
1745 2145
1746 2146
1747 2147
1748 2148
1749 2149
1750 2150
1751 2151
1752 2152
1753 2153
1754 2154
1755 2155
1756 2156
1757 2157
1758 2158
1759 2159
1760 2160
1761 2161
1762 2162
1763 2163
1764 2164
1765 2165
1766 2166
1767 2167
1768 2168
1769 2169
1770 2170
1771 2171
1772 2172
1773 2173
1774 2174
1775 2175
1776 2176
1777 2177
1778 2178
1779 2179
1780 2180
1781 2181
1782 2182
1783 2183
1784 2184
1785 2185
1786 2186
1787 2187
1788 2188
1789 2189
1790 2190
1791 2191
1792 2192
1793 2193
1794 2194
1795 2195
1796 2196
1797 2197
1798 2198
1799 2199
1800 2200
1801 2201
1802 2202
1803 2203
1804 2204
1805 2205
1806 2206
1807 2207
1808 2208
1809 2209
1810 2210
1811 2211
1812 2212
1813 2213
1814 2214
1815 2215
1816 2216
1817 2217
1818 2218
1819 2219
1820 2220
1821 2221
1822 2222
1823 2223
1824 2224
1825 2225
1826 2226
1827 2227
1828 2228
1829 2229
1830 2230
1831 2231
1832 2232
1833 2233
1834 2234
1835 2235
1836 2236
1837 2237
1838 2238
1839 2239
1840 2240
1841 2241
1842 2242
1843 2243
1844 2244
1845 2245
1846 2246
1847 2247
1848 2248
1849 2249
1850 2250
1851 2251
1852 2252
1853 2253
1854 2254
1855 2255
1856 2256
1857 2257
1858 2258
1859 2259
1860 2260
1861 2261
1862 2262
1863 2263
1864 2264
1865 2265
1866 2266
1867 2267
1868 2268
1869 2269
1870 2270
1871 2271
1872 2272
1873 2273
1874 2274
1875 2275
1876 2276
1877 2277
1878 2278
1879 2279
1880 2280
1881 2281
1882 2282
1883 2283
1884 2284
1885 2285
1886 2286
1887 2287
1888 2288
1889 2289
1890 2290
1891 2291
1892 2292
1893 2293
1894 2294
1895 2295
1896 2296
1897 2297
1898 2298
1899 2299
1900 2300
1901 2301
1902 2302
1903 2303
1904 2304
1905 2305
1906 2306
1907 2307
1908 2308
1909 2309
1910 2310
1911 2311
1912 2312
1913 2313
1914 2314
1915 2315
1916 2316
1917 2317
1918 2318
1919 2319
1920 2320
1921 2321
1922 2322
1923 2323
1924 2324
1925 2325
1926 2326
1927 2327
1928 2328
1929 2329
1930 2330
1931 2331
1932 2332
1933 2333
1934 2334
1935 2335
1936 2336
1937 2337
1938 2338
1939 2339
1940 2340
1941 2341
1942 2342
1943 2343
1944 2344
1945 2345
1946 2346
1947 2347
1948 2348
1949 2349
1950 2350
1951 2351
1952 2352
1953 2353
1954 2354
1955 2355
1956 2356
1957 2357
1958 2358
1959 2359
1960 2360
1961 2361
1962 2362
1963 2363
1964 2364
1965 2365
1966 2366
1967 2367
1968 2368
1969 2369
1970 2370
1971 2371
1972 2372
1973 2373
1974 2374
1975 2375
1976 2376
1977 2377
1978 2378
1979 2379
1980 2380
1981 2381
1982 2382
1983 2383
1984 2384
1985 2385
1986 2386
1987 2387
1988 2388
1989 2389
1990 2390
1991 2391
1992 2392
1993 2393
1994 2394
1995 2395
1996 2396
1997 2397
1998 2398
1999 2399
2000 2400
2001 2401
2002 2402
2003 2403
2004 2404
2005 2405
2006 2406
2007 2407
2008 2408
2009 2409
2010 2410
2011 2411
2012 2412
2013 2413
2014 2414
2015 2415
2016 2416
2017 2417
2018 2418
2019 2419
2020 2420
2021 2421
2022 2422
2023 2423
2024 2424
2025 2425
2026 2426
2027 2427
2028 2428
2029 2429
2030 2430
2031 2431
2032 2432
2033 2433
2034 2434
2035 2435
2036 2436
2037 2437
2038 2438
2039 2439
2040 2440
2041 2441
2042 2442
2043 2443
2044 2444
2045 2445
2046 2446
2047 2447
2048 2448
2049 2449
2050 2450
2051 2451
2052 2452
2053 2453
2054 2454
2055 2455
2056 2456
2057 2457
2058 2458
2059 2459
2060 2460
2061 2461
2062 2462
2063 2463
2064 2464
2065 2465
2066 2466
2067 2467
2068 2468
2069 2469
2070 2470
2071 2471
2072 2472
2073 2473
2074 2474
2075 2475
2076 2476
2077 2477
2078 2478
2079 2479
2080 2480
2081 2481
2082 2482
2083 2483
2084 2484
2085 2485
2086 2486
2087 2487
2088 2488
2089 2489
2090 2490
2091 2491
2092 2492
2093 2493
2094 2494
2095 2495
2096 2496
2097 2497
2098 2498
2099 2499
2100 2500
